CHROM,BIN_START,BIN_END,N_VARIANTS,WEIGHTED_FST,MEAN_FST
10,1,100,19,0.207367,0.156486
10,101,200,22,0.249704,0.225262
10,201,300,19,0.224231,0.214871
10,301,400,18,0.275412,0.264483
10,401,500,18,0.219897,0.217193
10,501,600,16,0.207822,0.179311
10,601,700,15,0.254072,0.20496
10,701,800,23,0.213953,0.17328
10,801,900,20,0.271752,0.24891
10,901,1000,16,0.189012,0.157197
0,1,100,22,0.215543,0.157427
0,101,200,23,0.250074,0.151685
0,201,300,22,0.234293,0.188511
0,301,400,28,0.166015,0.113263
0,401,500,14,0.191099,0.138691
0,501,600,14,0.251777,0.176852
0,601,700,14,0.170652,0.143915
0,701,800,24,0.247222,0.178263
0,801,900,27,0.187029,0.152744
0,901,1000,17,0.217257,0.1592
12,1,100,21,0.428087,0.275892
12,101,200,13,0.316239,0.19809
12,201,300,16,0.408232,0.232094
12,301,400,8,0.329577,0.242133
12,401,500,13,0.387921,0.253359
12,501,600,12,0.338971,0.242205
12,601,700,12,0.299345,0.176309
12,701,800,9,0.439174,0.19181
12,801,900,14,0.451401,0.299579
12,901,1000,15,0.345693,0.215596
4,1,100,25,0.227495,0.193514
4,101,200,25,0.233963,0.208787
4,201,300,28,0.233803,0.208307
4,301,400,20,0.254137,0.20641
4,401,500,20,0.230671,0.165044
4,501,600,24,0.253312,0.21869
4,601,700,21,0.222046,0.153108
4,701,800,22,0.235499,0.193207
4,801,900,22,0.24313,0.199365
4,901,1000,27,0.235415,0.194426
2,1,100,15,0.264739,0.170546
2,101,200,24,0.235152,0.185227
2,201,300,17,0.26153,0.22688
2,301,400,16,0.245846,0.224035
2,401,500,17,0.214458,0.162967
2,501,600,16,0.26961,0.234805
2,601,700,15,0.230113,0.175903
2,701,800,19,0.215448,0.171483
2,801,900,17,0.258998,0.224727
2,901,1000,11,0.224116,0.162115
14,1,100,10,0.181008,0.106932
14,101,200,12,0.148352,0.113624
14,201,300,10,0.166193,0.112564
14,301,400,15,0.13811,0.0778618
14,401,500,13,0.144814,0.123707
14,501,600,7,0.112868,0.0487648
14,601,700,14,0.201918,0.130073
14,701,800,13,0.172589,0.127609
14,801,900,17,0.118612,0.0980073
14,901,1000,15,0.229048,0.139472
3,1,100,16,0.0851371,0.0660273
3,101,200,13,0.161076,0.114037
3,201,300,2,0.333333,0.1875
3,301,400,12,0.0689942,0.0536564
3,401,500,14,0.199909,0.113674
3,501,600,16,0.171817,0.101273
3,601,700,10,0.0123457,0.0136756
3,701,800,17,0.138721,0.0727991
3,801,900,11,0.12037,0.0823553
3,901,1000,11,0.15262,0.111323
11,1,100,15,0.224316,0.206737
11,101,200,12,0.167461,0.108965
11,201,300,10,0.201784,0.127686
11,301,400,14,0.122896,0.0930151
11,401,500,8,0.196179,0.160136
11,501,600,19,0.206912,0.1703
11,601,700,16,0.199915,0.115679
11,701,800,8,0.182068,0.120335
11,801,900,18,0.179921,0.145036
11,901,1000,15,0.221457,0.16876
1,1,100,13,0.354716,0.194504
1,101,200,10,0.309094,0.276557
1,201,300,4,0.124824,0.115696
1,301,400,12,0.314041,0.243925
1,401,500,12,0.260652,0.181353
1,501,600,11,0.228266,0.109696
1,601,700,10,0.351049,0.135527
1,701,800,15,0.172113,0.103754
1,801,900,7,0.425359,0.245735
1,901,1000,13,0.30547,0.197595
17,1,100,22,0.0313745,0.0383798
17,101,200,20,0.0295773,0.0363264
17,201,300,13,0.061316,0.0402475
17,301,400,11,0.0213489,0.0207841
17,401,500,15,0.025464,0.0118339
17,501,600,15,0.0394243,0.0344929
17,601,700,20,0.0467338,0.0363869
17,701,800,22,0.0391608,0.042328
17,801,900,12,0.0511366,0.0643842
17,901,1000,16,0.0474967,0.0389722
3,1,100,14,0.158025,0.09063
3,101,200,12,0.0895623,0.0795378
3,201,300,15,0.107038,0.0903534
3,301,400,15,0.107981,0.082327
3,401,500,15,0.129279,0.0961201
3,501,600,13,0.107413,0.0576413
3,601,700,17,0.119127,0.0982833
3,701,800,18,0.102564,0.0780271
3,801,900,15,0.120803,0.0994238
3,901,1000,8,0.0761548,0.064707
13,1,100,16,0.408781,0.28033
13,101,200,9,0.400452,0.246251
13,201,300,8,0.311844,0.155683
13,301,400,13,0.271919,0.119963
13,401,500,19,0.412545,0.297641
13,501,600,9,0.40113,0.218954
13,601,700,16,0.353066,0.191527
13,701,800,9,0.405458,0.206609
13,801,900,12,0.38996,0.302313
13,901,1000,14,0.373034,0.246965
18,1,100,11,0.392052,0.274549
18,101,200,8,0.263325,0.123758
18,201,300,13,0.268468,0.133418
18,301,400,10,0.291547,0.19898
18,401,500,9,0.337958,0.196077
18,501,600,11,0.405722,0.26543
18,601,700,10,0.418922,0.235373
18,701,800,16,0.413424,0.262754
18,801,900,7,0.335859,0.172176
18,901,1000,13,0.39663,0.213326
19,1,100,11,0.180711,0.103647
19,101,200,13,0.302799,0.144282
19,201,300,14,0.17964,0.0746348
19,301,400,10,0.167247,0.106748
19,401,500,16,0.187104,0.125349
19,501,600,16,0.308572,0.177697
19,601,700,13,0.203823,0.125252
19,701,800,12,0.388452,0.203403
19,801,900,15,0.171276,0.0977108
19,901,1000,13,0.298893,0.11456
17,1,100,18,0.112585,0.0984746
17,101,200,23,0.0853342,0.0741148
17,201,300,23,0.090535,0.0934919
17,301,400,20,0.0648941,0.076629
17,401,500,18,0.0582751,0.059608
17,501,600,16,0.085178,0.0897682
17,601,700,6,0.0572626,0.0842942
17,701,800,19,0.0861566,0.0813877
17,801,900,20,0.0615028,0.0568308
17,901,1000,17,0.0728993,0.0769492
9,1,100,16,0.203641,0.151141
9,101,200,29,0.169157,0.118817
9,201,300,15,0.176546,0.115016
9,301,400,12,0.144118,0.0904175
9,401,500,13,0.157421,0.110302
9,501,600,16,0.202159,0.18711
9,601,700,13,0.190589,0.156165
9,701,800,14,0.186861,0.119599
9,801,900,15,0.178559,0.144716
9,901,1000,15,0.174629,0.101469
2,1,100,10,0.14641,0.0880709
2,101,200,7,0.166546,0.102609
2,201,300,17,0.103314,0.0544442
2,301,400,9,0.030347,0.0211671
2,401,500,8,0.0546347,0.02487
2,501,600,19,0.13627,0.0950837
2,601,700,14,0.12492,0.0698448
2,701,800,14,0.118357,0.0531225
2,801,900,10,0.16072,0.0834451
2,901,1000,12,0.0928565,0.069978
0,1,100,23,0.0833333,0.0829532
0,101,200,16,0.0456072,0.0431249
0,201,300,18,0.0767124,0.0704019
0,301,400,13,0.0419093,0.0472615
0,401,500,15,0.0433011,0.0449104
0,501,600,15,0.0352376,0.040596
0,601,700,8,0.053068,0.0555715
0,701,800,11,0.00608389,0.0161422
0,801,900,12,0.0679487,0.0641837
0,901,1000,8,0.0519781,0.0511405
8,1,100,17,0.410946,0.336721
8,101,200,21,0.456718,0.391035
8,201,300,21,0.500098,0.420778
8,301,400,26,0.473037,0.341541
8,401,500,23,0.469812,0.385358
8,501,600,21,0.378811,0.263867
8,601,700,15,0.420838,0.37157
8,701,800,26,0.388512,0.281268
8,801,900,26,0.39295,0.325762
8,901,1000,21,0.47707,0.40449
14,1,100,14,0.233556,0.141195
14,101,200,6,0.105772,0.0639963
14,201,300,16,0.292809,0.162439
14,301,400,13,0.311385,0.203741
14,401,500,22,0.232054,0.0950238
14,501,600,13,0.291001,0.153711
14,601,700,18,0.322185,0.157481
14,701,800,18,0.216745,0.112792
14,801,900,17,0.347594,0.213401
14,901,1000,16,0.289544,0.172814
1,1,100,15,0.159159,0.0768188
1,101,200,15,0.039621,0.0238936
1,201,300,15,0.0686929,0.0230954
1,301,400,19,0.096494,0.0425604
1,401,500,11,0.0126321,0.0114161
1,501,600,18,0.0727335,0.0306784
1,601,700,14,0.0351733,0.00467954
1,701,800,14,0.0908526,0.0479505
1,801,900,17,0.0656809,0.021652
1,901,1000,20,0.119247,0.0560943
19,1,100,26,0.236135,0.204705
19,101,200,24,0.213496,0.181225
19,201,300,35,0.239448,0.18906
19,301,400,23,0.230597,0.197834
19,401,500,24,0.230524,0.178652
19,501,600,28,0.250326,0.226774
19,601,700,20,0.242733,0.209269
19,701,800,19,0.228977,0.196599
19,801,900,27,0.21617,0.202392
19,901,1000,25,0.242273,0.207127
14,1,100,11,0.22528,0.0894385
14,101,200,12,0.117063,0.0734368
14,201,300,9,0.1512,0.0796227
14,301,400,13,0.149357,0.0700686
14,401,500,6,0.142091,0.0901677
14,501,600,12,0.176051,0.094751
14,601,700,9,0.127859,0.0922243
14,701,800,9,0.176435,0.139611
14,801,900,6,0.242599,0.146087
14,901,1000,7,0.178338,0.138797
7,1,100,12,0.0573364,0.0530285
7,101,200,14,0.143474,0.10727
7,201,300,17,0.104194,0.0827419
7,301,400,19,0.114902,0.0901654
7,401,500,22,0.0963719,0.0619279
7,501,600,14,0.149172,0.110414
7,601,700,10,0.11037,0.102802
7,701,800,12,0.107551,0.0910497
7,801,900,13,0.120046,0.103173
7,901,1000,8,0.0893246,0.0616731
2,1,100,19,0.354959,0.168284
2,101,200,11,0.418063,0.158873
2,201,300,12,0.365838,0.215165
2,301,400,13,0.440329,0.251443
2,401,500,13,0.382392,0.166365
2,501,600,12,0.262286,0.0863764
2,601,700,10,0.366403,0.208718
2,701,800,10,0.506379,0.362773
2,801,900,13,0.443588,0.223413
2,901,1000,10,0.467006,0.285806
11,1,100,8,0.326879,0.18422
11,101,200,6,0.371906,0.164398
11,201,300,14,0.346057,0.202648
11,301,400,13,0.300354,0.134734
11,401,500,12,0.389437,0.233794
11,501,600,8,0.383921,0.17122
11,601,700,10,0.331213,0.162947
11,701,800,19,0.313876,0.108633
11,801,900,9,0.385827,0.169478
11,901,1000,11,0.310797,0.0992528
11,1,100,19,0.279072,0.203939
11,101,200,13,0.352647,0.212187
11,201,300,17,0.239788,0.170391
11,301,400,8,0.349159,0.214695
11,401,500,10,0.254846,0.164412
11,501,600,9,0.255907,0.228682
11,601,700,24,0.307346,0.236609
11,701,800,10,0.341053,0.236931
11,801,900,13,0.194139,0.121016
11,901,1000,14,0.33324,0.264149
15,1,100,14,0.273861,0.198109
15,101,200,12,0.289736,0.235976
15,201,300,11,0.298442,0.172806
15,301,400,13,0.263755,0.177614
15,401,500,12,0.379034,0.194043
15,501,600,16,0.216067,0.123221
15,601,700,18,0.31432,0.217248
15,701,800,13,0.262397,0.177313
15,801,900,18,0.268541,0.133749
15,901,1000,15,0.28212,0.200853
15,1,100,12,0.122833,0.0716297
15,101,200,11,0.247156,0.115094
15,201,300,21,0.228187,0.141012
15,301,400,8,0.0990678,0.0674839
15,401,500,5,0.295635,0.141793
15,501,600,13,0.15645,0.0994171
15,601,700,11,0.247492,0.135481
15,701,800,9,0.22239,0.160805
15,801,900,11,0.196397,0.130426
15,901,1000,10,0.059735,0.050662
7,1,100,18,0.0594501,0.0539257
7,101,200,22,0.0592382,0.0518329
7,201,300,26,0.0849536,0.0593339
7,301,400,25,0.0833252,0.0729654
7,401,500,21,0.0564566,0.0569445
7,501,600,24,0.122282,0.0887842
7,601,700,32,0.0582785,0.0632947
7,701,800,19,0.0754396,0.0683711
7,801,900,20,0.0398839,0.0474098
7,901,1000,23,0.02668,0.0235964
13,1,100,11,0.107509,0.0887641
13,101,200,14,0.0729439,0.072585
13,201,300,14,0.11599,0.104334
13,301,400,14,0.0743666,0.0605278
13,401,500,16,0.0980392,0.0565326
13,501,600,14,0.0678598,0.0566704
13,601,700,13,0.0552077,0.0484888
13,701,800,16,0.10117,0.0861729
13,801,900,13,0.0778558,0.0687237
13,901,1000,6,0.144922,0.0919433
3,1,100,17,0.178931,0.134759
3,101,200,12,0.196186,0.114368
3,201,300,21,0.150915,0.135524
3,301,400,16,0.143898,0.120929
3,401,500,17,0.171834,0.123486
3,501,600,20,0.171579,0.106606
3,601,700,25,0.175486,0.162741
3,701,800,14,0.189923,0.13068
3,801,900,22,0.147404,0.109121
3,901,1000,14,0.168764,0.143893
19,1,100,18,0.186621,0.130031
19,101,200,13,0.243006,0.167201
19,201,300,14,0.206972,0.140192
19,301,400,19,0.261594,0.17943
19,401,500,17,0.225865,0.154835
19,501,600,15,0.220694,0.139256
19,601,700,14,0.195029,0.145884
19,701,800,19,0.261551,0.187496
19,801,900,21,0.241514,0.160188
19,901,1000,14,0.221677,0.18197
18,1,100,12,0.414292,0.329293
18,101,200,12,0.256443,0.115128
18,201,300,11,0.571707,0.436426
18,301,400,16,0.500419,0.379865
18,401,500,15,0.473789,0.347369
18,501,600,18,0.55159,0.348817
18,601,700,10,0.549917,0.407604
18,701,800,10,0.555241,0.384209
18,801,900,15,0.491328,0.415795
18,901,1000,15,0.420454,0.26233
1,1,100,18,0.213912,0.148762
1,101,200,21,0.233519,0.156266
1,201,300,22,0.223394,0.141811
1,301,400,20,0.227908,0.158693
1,401,500,15,0.226079,0.197392
1,501,600,18,0.229251,0.143067
1,601,700,15,0.238348,0.165692
1,701,800,20,0.258628,0.163554
1,801,900,22,0.248464,0.175038
1,901,1000,13,0.251293,0.187955
4,1,100,16,0.161716,0.10245
4,101,200,20,0.12395,0.0876858
4,201,300,16,0.0849248,0.0816278
4,301,400,14,0.0790928,0.0640106
4,401,500,9,0.0930626,0.0789823
4,501,600,16,0.10823,0.087823
4,601,700,13,0.0968509,0.0708838
4,701,800,19,0.0265464,0.0423679
4,801,900,18,0.133637,0.0855298
4,901,1000,16,0.145818,0.105408
0,1,100,12,0.127471,0.100492
0,101,200,12,0.128416,0.097503
0,201,300,10,0.124114,0.0768659
0,301,400,9,0.115942,0.0569721
0,401,500,8,0.115993,0.0996491
0,501,600,12,0.0709446,0.0566346
0,601,700,18,0.0524673,0.0235315
0,701,800,11,0.123923,0.088165
0,801,900,15,0.0711018,0.0477573
0,901,1000,10,0.155882,0.0901755
8,1,100,21,0.146604,0.0696146
8,101,200,10,0.0912395,0.0532802
8,201,300,11,0.102113,0.0458218
8,301,400,9,0.145833,0.097951
8,401,500,13,0.181812,0.156513
8,501,600,17,0.159362,0.122673
8,601,700,9,0.12354,0.102648
8,701,800,12,0.191509,0.124188
8,801,900,10,0.121061,0.0717915
8,901,1000,11,0.12037,0.0807922
14,1,100,14,0.219443,0.129029
14,101,200,11,0.154956,0.0890766
14,201,300,12,0.152861,0.123613
14,301,400,14,0.211516,0.161175
14,401,500,10,0.171936,0.100575
14,501,600,13,0.0922487,0.0713631
14,601,700,10,0.129747,0.0904405
14,701,800,14,0.286195,0.222423
14,801,900,21,0.196481,0.151383
14,901,1000,9,0.17103,0.0765896
10,1,100,14,0.165402,0.0864638
10,101,200,17,0.238252,0.132838
10,201,300,27,0.255774,0.13032
10,301,400,25,0.194015,0.100231
10,401,500,19,0.0759945,0.0729462
10,501,600,16,0.319507,0.188018
10,601,700,24,0.220295,0.120392
10,701,800,26,0.208397,0.105835
10,801,900,25,0.236214,0.125924
10,901,1000,13,0.356603,0.206696
7,1,100,18,0.523008,0.368046
7,101,200,10,0.366724,0.22994
7,201,300,13,0.479539,0.310108
7,301,400,15,0.461691,0.272286
7,401,500,15,0.414734,0.234406
7,501,600,14,0.501314,0.282086
7,601,700,11,0.550182,0.326287
7,701,800,16,0.34443,0.220432
7,801,900,13,0.344223,0.265522
7,901,1000,6,0.397621,0.309384
3,1,100,19,0.066617,0.0570663
3,101,200,19,0.212163,0.171393
3,201,300,17,0.119071,0.0940988
3,301,400,17,0.136637,0.116477
3,401,500,20,0.0873254,0.0987644
3,501,600,26,0.107718,0.0804637
3,601,700,24,0.0680109,0.0519611
3,701,800,26,0.0569035,0.0605899
3,801,900,19,0.0769626,0.0722536
3,901,1000,21,0.107436,0.0901656
19,1,100,24,0.338303,0.235572
19,101,200,13,0.354764,0.329127
19,201,300,25,0.352433,0.246805
19,301,400,16,0.349259,0.300817
19,401,500,10,0.364504,0.332433
19,501,600,24,0.347474,0.303933
19,601,700,24,0.354478,0.262423
19,701,800,10,0.346187,0.258638
19,801,900,15,0.309448,0.24682
19,901,1000,17,0.345767,0.258419
15,1,100,9,0.132611,0.130781
15,101,200,15,0.124506,0.108474
15,201,300,11,0.122958,0.101918
15,301,400,10,0.077278,0.0643812
15,401,500,14,0.235241,0.142291
15,501,600,15,0.074912,0.0597358
15,601,700,12,0.0921691,0.0905246
15,701,800,14,0.194947,0.17336
15,801,900,16,0.0668714,0.082537
15,901,1000,8,0.0587472,0.0441563
16,1,100,29,0.0977685,0.0613014
16,101,200,23,0.0539136,0.0216346
16,201,300,25,0.0221837,0.00272938
16,301,400,28,0.10876,0.0550347
16,401,500,18,0.125787,0.0853951
16,501,600,28,0.080062,0.0403758
16,601,700,31,0.146573,0.106612
16,701,800,26,0.112141,0.0601304
16,801,900,36,0.141505,0.071807
16,901,1000,27,0.0766202,0.0460779
7,1,100,12,0.310442,0.228159
7,101,200,13,0.303526,0.208179
7,201,300,15,0.290227,0.20295
7,301,400,23,0.30953,0.221058
7,401,500,10,0.301523,0.195384
7,501,600,15,0.305864,0.225562
7,601,700,19,0.295552,0.192379
7,701,800,11,0.268636,0.164018
7,801,900,15,0.303274,0.200136
7,901,1000,18,0.279742,0.183287
11,1,100,19,0.422002,0.269986
11,101,200,22,0.42654,0.240426
11,201,300,19,0.393794,0.29069
11,301,400,20,0.397785,0.246309
11,401,500,21,0.412051,0.298919
11,501,600,28,0.416795,0.340525
11,601,700,26,0.411294,0.26113
11,701,800,16,0.434923,0.291608
11,801,900,17,0.411005,0.275733
11,901,1000,18,0.420527,0.295392
17,1,100,18,0.371025,0.199608
17,101,200,10,0.418789,0.343585
17,201,300,14,0.326684,0.241685
17,301,400,13,0.375601,0.341309
17,401,500,16,0.280519,0.21768
17,501,600,15,0.298298,0.172506
17,601,700,19,0.319674,0.223369
17,701,800,7,0.429887,0.333742
17,801,900,14,0.342431,0.197121
17,901,1000,12,0.298348,0.212672
7,1,100,10,0.0413077,0.0417165
7,101,200,5,0.271788,0.119226
7,201,300,13,0.250182,0.111795
7,301,400,13,0.28849,0.125481
7,401,500,16,0.198704,0.126731
7,501,600,13,0.312394,0.160027
7,601,700,19,0.189944,0.0948347
7,701,800,16,0.290009,0.14568
7,801,900,12,0.0588235,0.032483
7,901,1000,12,0.115987,0.0581397
17,1,100,20,0.33219,0.235723
17,101,200,16,0.371803,0.24579
17,201,300,23,0.378198,0.343021
17,301,400,29,0.314231,0.211299
17,401,500,20,0.329358,0.211849
17,501,600,20,0.345148,0.201735
17,601,700,16,0.238744,0.159849
17,701,800,18,0.333094,0.265598
17,801,900,19,0.352496,0.270514
17,901,1000,24,0.36137,0.247224
6,1,100,10,0.23692,0.146707
6,101,200,10,0.214941,0.129149
6,201,300,7,0.270586,0.124167
6,301,400,13,0.229,0.139505
6,401,500,5,0.214586,0.117854
6,501,600,11,0.240297,0.115459
6,601,700,13,0.223408,0.110798
6,701,800,9,0.265613,0.208028
6,801,900,10,0.168022,0.0729353
6,901,1000,10,0.314433,0.215691
15,1,100,13,0.0142846,0.0172454
15,101,200,15,0.136216,0.107842
15,201,300,13,0.0815412,0.103152
15,301,400,21,0.11979,0.104474
15,401,500,12,0.0633186,0.0572
15,501,600,14,0.0138549,0.0271615
15,601,700,10,0.0410725,0.0601336
15,701,800,9,0.0870437,0.0737544
15,801,900,13,0.0722354,0.0757473
15,901,1000,12,0.0315488,0.0331915
6,1,100,15,0.103111,0.0993437
6,101,200,15,0.0763694,0.0901383
6,201,300,10,0.0403711,0.0512663
6,301,400,6,0.0940171,0.0806263
6,401,500,10,-0.000353482,0.000189782
6,501,600,8,0.00803547,0.0242466
6,601,700,9,0.0373369,0.043124
6,701,800,14,0.0168872,0.0147772
6,801,900,10,0.00374996,0.00477607
6,901,1000,10,0.017932,0.0320921
18,1,100,14,0.232551,0.193213
18,101,200,9,0.251094,0.238904
18,201,300,10,0.153176,0.104365
18,301,400,8,0.152799,0.0823236
18,401,500,7,0.141975,0.0846561
18,501,600,11,0.27806,0.152829
18,601,700,6,0.15304,0.108602
18,701,800,13,0.197694,0.162494
18,801,900,14,0.245696,0.18143
18,901,1000,5,0.281233,0.252415
12,1,100,12,0.124888,0.087043
12,101,200,15,0.249969,0.103473
12,201,300,9,0.111111,0.0925926
12,301,400,11,0.207176,0.114597
12,401,500,12,0.283651,0.157857
12,501,600,12,0.351522,0.198297
12,601,700,8,0.346756,0.170268
12,701,800,15,0.282881,0.19479
12,801,900,9,0.130435,0.0843621
12,901,1000,7,0.162582,0.114512
2,1,100,11,0.0541188,0.0505186
2,101,200,6,0.0827947,0.0826948
2,201,300,14,0.112183,0.0846208
2,301,400,10,0.0710065,0.036005
2,401,500,17,0.196251,0.101733
2,501,600,15,0.0701754,0.033881
2,601,700,16,0.14023,0.0517135
2,701,800,9,0.149306,0.0664732
2,801,900,11,0.109224,0.052827
2,901,1000,9,0.106099,0.0422399
14,1,100,21,0.0882983,0.0731649
14,101,200,10,0.0516796,0.0344115
14,201,300,10,0.216121,0.103224
14,301,400,18,0.139886,0.0970344
14,401,500,10,0.102719,0.0937719
14,501,600,17,0.126033,0.0909822
14,601,700,12,0.109602,0.0660303
14,701,800,21,0.10147,0.0813569
14,801,900,11,0.0824916,0.0820707
14,901,1000,16,0.159706,0.101478
17,1,100,13,0.247842,0.143069
17,101,200,15,0.2222,0.16294
17,201,300,12,0.280741,0.134665
17,301,400,13,0.189435,0.0958092
17,401,500,7,0.21211,0.127403
17,501,600,11,0.257693,0.189625
17,601,700,12,0.197768,0.105986
17,701,800,10,0.236111,0.161202
17,801,900,13,0.237742,0.130703
17,901,1000,8,0.115115,0.0368994
8,1,100,5,0.395736,0.249091
8,101,200,10,0.499231,0.374378
8,201,300,9,0.536172,0.303085
8,301,400,11,0.628366,0.393944
8,401,500,5,0.390681,0.218873
8,501,600,9,0.348915,0.246931
8,601,700,10,0.478817,0.324257
8,701,800,11,0.400895,0.197553
8,801,900,8,0.471598,0.292312
8,901,1000,11,0.459944,0.255806
19,1,100,21,0.563967,0.43624
19,101,200,17,0.464205,0.322416
19,201,300,22,0.566993,0.32719
19,301,400,20,0.536523,0.370108
19,401,500,25,0.550089,0.387747
19,501,600,28,0.572801,0.446897
19,601,700,21,0.584196,0.445065
19,701,800,22,0.533908,0.365544
19,801,900,17,0.461657,0.300804
19,901,1000,18,0.606634,0.478023
13,1,100,24,0.403371,0.303859
13,101,200,28,0.447903,0.307261
13,201,300,19,0.494156,0.364398
13,301,400,25,0.414638,0.336039
13,401,500,36,0.395397,0.306709
13,501,600,25,0.364456,0.324194
13,601,700,24,0.412167,0.349688
13,701,800,22,0.290232,0.249006
13,801,900,18,0.342907,0.32373
13,901,1000,20,0.380746,0.295119
10,1,100,12,0.370558,0.114558
10,101,200,10,0.347728,0.240275
10,201,300,12,0.480012,0.382573
10,301,400,10,0.370808,0.245564
10,401,500,16,0.409866,0.296341
10,501,600,19,0.382274,0.167442
10,601,700,10,0.497086,0.375989
10,701,800,14,0.398824,0.251645
10,801,900,13,0.430101,0.274283
10,901,1000,13,0.412981,0.284007
19,1,100,20,0.0206106,0.030276
19,101,200,16,0.0509378,0.0773379
19,201,300,13,0.0456081,0.0791078
19,301,400,16,0.034529,0.0477132
19,401,500,15,0.020202,0.0276715
19,501,600,18,0.0413695,0.0413846
19,601,700,18,0.0429488,0.0498625
19,701,800,18,0.0434143,0.0477243
19,801,900,24,0.0105376,0.0240727
19,901,1000,18,0.0393644,0.0563867
7,1,100,10,0.350687,0.283805
7,101,200,7,0.262963,0.214084
7,201,300,11,0.185083,0.111384
7,301,400,12,0.291226,0.173122
7,401,500,10,0.275458,0.14211
7,501,600,9,0.317862,0.165683
7,601,700,8,0.218456,0.117487
7,701,800,12,0.181567,0.0861288
7,801,900,13,0.178063,0.0944004
7,901,1000,13,0.297996,0.185654
16,1,100,17,0.0743736,0.0590518
16,101,200,15,0.0683635,0.0474398
16,201,300,18,0.1274,0.085179
16,301,400,18,0.142333,0.0932047
16,401,500,15,0.112439,0.0592732
16,501,600,13,0.160547,0.0971443
16,601,700,11,0.106009,0.0768358
16,701,800,12,0.0987233,0.072825
16,801,900,14,0.137412,0.113723
16,901,1000,9,0.148936,0.100393
19,1,100,16,0.23357,0.180032
19,101,200,13,0.233855,0.207354
19,201,300,10,0.218195,0.194653
19,301,400,12,0.251279,0.21034
19,401,500,9,0.237383,0.200924
19,501,600,12,0.237941,0.222313
19,601,700,14,0.211717,0.163446
19,701,800,14,0.191693,0.129391
19,801,900,18,0.260437,0.223954
19,901,1000,3,0.240548,0.229341
5,1,100,20,0.132234,0.117668
5,101,200,13,0.155918,0.0868021
5,201,300,20,0.176337,0.177443
5,301,400,14,0.164881,0.115383
5,401,500,19,0.197732,0.173234
5,501,600,15,0.131119,0.10807
5,601,700,27,0.133846,0.111805
5,701,800,22,0.132805,0.112682
5,801,900,15,0.096687,0.0823816
5,901,1000,21,0.157695,0.14764
15,1,100,9,0.424989,0.183463
15,101,200,8,0.398598,0.185142
15,201,300,9,0.27662,0.0997016
15,301,400,11,0.409432,0.200912
15,401,500,9,0.197012,0.128849
15,501,600,12,0.0514905,0.0425427
15,601,700,9,0.414022,0.189934
15,701,800,4,0.111111,0.0694444
15,801,900,11,0.295288,0.125167
15,901,1000,6,0.356857,0.204782
0,1,100,20,0.174048,0.139782
0,101,200,15,0.16878,0.137493
0,201,300,17,0.177192,0.138802
0,301,400,21,0.142824,0.101444
0,401,500,14,0.188784,0.16953
0,501,600,23,0.196982,0.160853
0,601,700,16,0.189347,0.134344
0,701,800,15,0.183737,0.134784
0,801,900,16,0.207248,0.167915
0,901,1000,20,0.222934,0.158844
11,1,100,22,0.23873,0.194687
11,101,200,31,0.249592,0.200698
11,201,300,24,0.253507,0.234454
11,301,400,23,0.22858,0.1817
11,401,500,30,0.25897,0.197942
11,501,600,20,0.244387,0.202705
11,601,700,21,0.257116,0.209946
11,701,800,24,0.229429,0.185238
11,801,900,28,0.243902,0.190674
11,901,1000,20,0.209036,0.168744
8,1,100,18,0.253798,0.150433
8,101,200,5,0.232763,0.163342
8,201,300,18,0.118993,0.0697066
8,301,400,12,0.265291,0.146874
8,401,500,11,0.158312,0.0902293
8,501,600,12,0.194534,0.120517
8,601,700,15,0.144379,0.117193
8,701,800,10,0.17453,0.12364
8,801,900,11,0.170926,0.103718
8,901,1000,9,0.274683,0.132707
7,1,100,11,0.0356704,0.0172953
7,101,200,18,0.0710803,0.0454942
7,201,300,11,0.00688299,0.0032098
7,301,400,14,0.0252365,0.03311
7,401,500,18,0.103157,0.0579512
7,501,600,11,0.162326,0.081305
7,601,700,14,0.0974007,0.0603125
7,701,800,16,0.138418,0.0891996
7,801,900,16,0.0974689,0.0622632
7,901,1000,11,0.0650928,0.0361438
17,1,100,15,0.0860426,0.0809883
17,101,200,16,0.105698,0.0931198
17,201,300,20,0.1027,0.0823261
17,301,400,12,0.11378,0.101752
17,401,500,19,0.0678568,0.0556189
17,501,600,13,0.0498765,0.0536913
17,601,700,5,0.0323903,0.0444196
17,701,800,25,0.110961,0.0843585
17,801,900,9,0.104701,0.088481
17,901,1000,14,0.0488072,0.047812
0,1,100,25,0.308248,0.232061
0,101,200,17,0.330854,0.282179
0,201,300,19,0.35642,0.272118
0,301,400,24,0.346167,0.261417
0,401,500,16,0.317835,0.264454
0,501,600,21,0.300643,0.242122
0,601,700,19,0.341263,0.288357
0,701,800,15,0.362362,0.292621
0,801,900,17,0.350154,0.24768
0,901,1000,17,0.313546,0.258096
7,1,100,11,0.272907,0.217969
7,101,200,11,0.245791,0.152289
7,201,300,13,0.199928,0.143164
7,301,400,8,0.1875,0.138793
7,401,500,13,0.193985,0.138987
7,501,600,9,0.21709,0.163124
7,601,700,10,0.308027,0.232352
7,701,800,8,0.190893,0.138897
7,801,900,7,0.203803,0.14903
7,901,1000,9,0.352701,0.296651
18,1,100,6,0.449097,0.372915
18,101,200,8,0.368505,0.182151
18,201,300,9,0.378238,0.209445
18,301,400,10,0.395871,0.203353
18,401,500,13,0.487777,0.322603
18,501,600,15,0.352982,0.212042
18,601,700,12,0.472508,0.305276
18,701,800,8,0.419937,0.25671
18,801,900,12,0.395386,0.211237
18,901,1000,7,0.507338,0.314008
7,1,100,21,0.570429,0.521357
7,101,200,17,0.485697,0.394283
7,201,300,34,0.584716,0.496893
7,301,400,21,0.632002,0.483076
7,401,500,27,0.534819,0.444676
7,501,600,21,0.574699,0.453041
7,601,700,23,0.588997,0.418534
7,701,800,18,0.610529,0.506743
7,801,900,34,0.51828,0.360961
7,901,1000,21,0.583961,0.508968
1,1,100,13,0.433251,0.211888
1,101,200,9,0.36919,0.263284
1,201,300,10,0.365791,0.188566
1,301,400,16,0.282439,0.196447
1,401,500,5,0.240393,0.151911
1,501,600,7,0.471154,0.330232
1,601,700,11,0.4088,0.215263
1,701,800,9,0.399075,0.263603
1,801,900,12,0.391829,0.32227
1,901,1000,11,0.25166,0.166172
18,1,100,15,0.0548587,0.0386238
18,101,200,13,0.0456118,0.0411883
18,201,300,13,0.0757827,0.0633835
18,301,400,16,0.0518084,0.0510833
18,401,500,17,0.0471778,0.0542003
18,501,600,15,0.0583028,0.0591716
18,601,700,18,0.10278,0.0844506
18,701,800,10,0.0547769,0.0562278
18,801,900,18,0.0642436,0.0599263
18,901,1000,15,0.119594,0.0713773
16,1,100,11,0.214586,0.121914
16,101,200,22,0.146035,0.0943083
16,201,300,20,0.155045,0.105243
16,301,400,13,0.148418,0.0855997
16,401,500,21,0.232783,0.145866
16,501,600,15,0.230685,0.150785
16,601,700,14,0.178863,0.153057
16,701,800,13,0.132309,0.093799
16,801,900,14,0.191498,0.123591
16,901,1000,17,0.135541,0.0737408
11,1,100,21,0.0700773,0.069537
11,101,200,13,0.0904497,0.0851846
11,201,300,16,0.0616177,0.0653094
11,301,400,14,0.0348924,0.0604115
11,401,500,15,0.125012,0.124889
11,501,600,23,0.0418241,0.0488819
11,601,700,22,0.0667833,0.0771088
11,701,800,7,0.0611111,0.0749839
11,801,900,16,0.0788013,0.0600782
11,901,1000,16,0.0713665,0.0672847
1,1,100,15,0.0776667,0.0476073
1,101,200,12,0.127023,0.107426
1,201,300,17,0.145139,0.0925298
1,301,400,13,0.151583,0.125409
1,401,500,16,0.136926,0.116852
1,501,600,14,0.0948924,0.0637204
1,601,700,16,0.112515,0.0908407
1,701,800,11,0.125672,0.100893
1,801,900,16,0.0909091,0.085915
1,901,1000,18,0.115269,0.11654
10,1,100,9,0.0986791,0.0693096
10,101,200,8,0.125428,0.0746219
10,201,300,8,0.310345,0.204656
10,301,400,8,0.26289,0.136501
10,401,500,9,0.169693,0.121319
10,501,600,13,0.124825,0.0760262
10,601,700,10,0.274841,0.156989
10,701,800,6,0.252137,0.103836
10,801,900,4,0.251543,0.204582
10,901,1000,13,0.0806177,0.0814517
15,1,100,16,0.221817,0.162005
15,101,200,11,0.197819,0.135929
15,201,300,3,0.265291,0.273915
15,301,400,11,0.173099,0.116122
15,401,500,14,0.22661,0.163279
15,501,600,6,0.129759,0.0896094
15,601,700,14,0.175553,0.107667
15,701,800,8,0.156767,0.119435
15,801,900,15,0.234929,0.16322
15,901,1000,14,0.183364,0.13155
1,1,100,11,0.0881509,0.0496916
1,101,200,9,0.0384999,0.0213109
1,201,300,10,0.150214,0.102672
1,301,400,10,0.193646,0.0988717
1,401,500,14,0.18655,0.124498
1,501,600,16,0.15937,0.0795799
1,601,700,12,0.18645,0.0962688
1,701,800,11,0.171092,0.119911
1,801,900,7,0.195055,0.123698
1,901,1000,10,0.283479,0.213704
2,1,100,9,0.45226,0.318417
2,101,200,6,0.445752,0.37853
2,201,300,10,0.482084,0.329246
2,301,400,11,0.369617,0.222294
2,401,500,7,0.408146,0.221481
2,501,600,9,0.482323,0.138533
2,601,700,4,0.458149,0.438201
2,701,800,8,0.255421,0.0765771
2,801,900,10,0.472222,0.23323
2,901,1000,4,0.217877,0.159027
15,1,100,15,0.143121,0.100376
15,101,200,15,0.122993,0.0870802
15,201,300,11,0.107489,0.0659661
15,301,400,10,0.151006,0.10639
15,401,500,12,0.123414,0.117584
15,501,600,13,0.0552138,0.056449
15,601,700,11,0.115793,0.0943563
15,701,800,12,0.118744,0.0953417
15,801,900,10,0.157956,0.11369
15,901,1000,10,0.124733,0.0946714
6,1,100,13,0.255255,0.147002
6,101,200,13,0.313131,0.193983
6,201,300,20,0.314292,0.229707
6,301,400,21,0.299795,0.223338
6,401,500,16,0.330573,0.277719
6,501,600,20,0.288323,0.220885
6,601,700,9,0.216018,0.137738
6,701,800,16,0.286574,0.221363
6,801,900,21,0.264965,0.194359
6,901,1000,12,0.315731,0.241982
18,1,100,20,0.270175,0.216778
18,101,200,16,0.226771,0.160492
18,201,300,12,0.241451,0.188024
18,301,400,12,0.224552,0.148959
18,401,500,15,0.239258,0.169625
18,501,600,15,0.246144,0.203816
18,601,700,13,0.21178,0.146686
18,701,800,19,0.239406,0.216887
18,801,900,17,0.235565,0.214323
18,901,1000,15,0.253637,0.200339
14,1,100,20,0.254138,0.189154
14,101,200,19,0.224449,0.181045
14,201,300,15,0.222912,0.107201
14,301,400,18,0.218735,0.176914
14,401,500,17,0.193831,0.140669
14,501,600,11,0.202958,0.189406
14,601,700,15,0.182901,0.100432
14,701,800,14,0.19892,0.15632
14,801,900,17,0.239335,0.171566
14,901,1000,14,0.18613,0.149568
18,1,100,13,0.0767378,0.0780851
18,101,200,14,0.0528233,0.0436735
18,201,300,17,0.0648958,0.0565919
18,301,400,17,0.0994776,0.0802036
18,401,500,21,0.0756751,0.0810712
18,501,600,12,0.0776021,0.0766576
18,601,700,18,0.108193,0.0891685
18,701,800,14,0.0756165,0.0871117
18,801,900,16,0.067979,0.0629433
18,901,1000,16,0.101245,0.100422
16,1,100,13,0.134904,0.122849
16,101,200,15,0.0681004,0.0443949
16,201,300,18,0.0649836,0.0596337
16,301,400,16,0.106238,0.0914494
16,401,500,11,0.0827601,0.0594857
16,501,600,21,0.0970106,0.0740084
16,601,700,10,0.162379,0.132022
16,701,800,9,0.0878128,0.0729948
16,801,900,16,0.0877963,0.06701
16,901,1000,11,0.129477,0.0894788
1,1,100,14,0.22188,0.198516
1,101,200,15,0.36616,0.169219
1,201,300,8,0.265233,0.197476
1,301,400,6,0.197347,0.187135
1,401,500,10,0.219444,0.159259
1,501,600,9,0.311269,0.233956
1,601,700,15,0.21938,0.166824
1,701,800,8,0.351372,0.202943
1,801,900,10,0.21131,0.169907
1,901,1000,8,0.268404,0.157401
0,1,100,18,0.26035,0.189479
0,101,200,23,0.22895,0.158073
0,201,300,16,0.257259,0.176569
0,301,400,20,0.196496,0.0994585
0,401,500,15,0.213506,0.124034
0,501,600,21,0.201372,0.0929025
0,601,700,17,0.145339,0.0887962
0,701,800,22,0.271037,0.199203
0,801,900,18,0.210174,0.177908
0,901,1000,18,0.208916,0.132582
10,1,100,19,0.354959,0.168284
10,101,200,11,0.418063,0.158873
10,201,300,12,0.365838,0.215165
10,301,400,13,0.440329,0.251443
10,401,500,13,0.382392,0.166365
10,501,600,12,0.262286,0.0863764
10,601,700,10,0.366403,0.208718
10,701,800,10,0.506379,0.362773
10,801,900,13,0.443588,0.223413
10,901,1000,10,0.467006,0.285806
10,1,100,18,0.208613,0.160974
10,101,200,19,0.243777,0.20621
10,201,300,17,0.237053,0.204248
10,301,400,26,0.21319,0.16515
10,401,500,22,0.181287,0.179828
10,501,600,14,0.235038,0.221569
10,601,700,26,0.198368,0.182293
10,701,800,27,0.210336,0.192964
10,801,900,19,0.187194,0.159046
10,901,1000,18,0.196893,0.173963
6,1,100,25,0.161462,0.0956686
6,101,200,14,0.144883,0.0849419
6,201,300,9,0.192862,0.106592
6,301,400,14,0.155289,0.0731435
6,401,500,11,0.130088,0.0621125
6,501,600,15,0.225262,0.135635
6,601,700,10,0.163271,0.0688801
6,701,800,13,0.179383,0.109971
6,801,900,16,0.101286,0.0523498
6,901,1000,9,0.188436,0.115508
2,1,100,10,0.289941,0.153767
2,101,200,9,0.320988,0.142882
2,201,300,15,0.368951,0.273806
2,301,400,13,0.485215,0.307846
2,401,500,18,0.44054,0.406611
2,501,600,17,0.460974,0.369671
2,601,700,16,0.390789,0.187911
2,701,800,15,0.419538,0.269764
2,801,900,11,0.480307,0.406677
2,901,1000,14,0.451899,0.288061
12,1,100,18,0.280035,0.217429
12,101,200,14,0.219662,0.14034
12,201,300,18,0.39176,0.262012
12,301,400,16,0.221893,0.176084
12,401,500,11,0.257975,0.175197
12,501,600,17,0.229701,0.140478
12,601,700,20,0.278816,0.164779
12,701,800,19,0.270223,0.184388
12,801,900,17,0.29593,0.213161
12,901,1000,15,0.240671,0.181126
11,1,100,12,0.279435,0.138635
11,101,200,16,0.332516,0.209583
11,201,300,14,0.244716,0.154371
11,301,400,13,0.340793,0.245674
11,401,500,8,0.330634,0.176724
11,501,600,13,0.260051,0.154481
11,601,700,26,0.280711,0.183212
11,701,800,12,0.269664,0.17014
11,801,900,8,0.209402,0.0973654
11,901,1000,22,0.251662,0.133266
8,1,100,16,0.372375,0.248502
8,101,200,22,0.373773,0.24432
8,201,300,14,0.3936,0.239426
8,301,400,12,0.345445,0.228676
8,401,500,19,0.43237,0.298376
8,501,600,6,0.51952,0.274603
8,601,700,19,0.355532,0.239144
8,701,800,10,0.477028,0.304183
8,801,900,10,0.345166,0.239785
8,901,1000,20,0.462049,0.352706
13,1,100,16,0.207849,0.15758
13,101,200,15,0.259121,0.197215
13,201,300,16,0.282751,0.249854
13,301,400,15,0.256253,0.178931
13,401,500,23,0.345678,0.277526
13,501,600,10,0.175172,0.121788
13,601,700,16,0.192115,0.0960842
13,701,800,16,0.281537,0.158082
13,801,900,24,0.350344,0.226444
13,901,1000,15,0.303779,0.228464
18,1,100,12,0.321697,0.166932
18,101,200,15,0.218391,0.076832
18,201,300,13,0.208363,0.0671067
18,301,400,10,0.234522,0.099054
18,401,500,11,0.0259259,0.0176768
18,501,600,12,0.183353,0.0833242
18,601,700,9,0.197142,0.073157
18,701,800,18,0.107941,0.0519705
18,801,900,16,0.179357,0.0880094
18,901,1000,12,0.351327,0.19217
3,1,100,22,0.278009,0.143237
3,101,200,12,0.26452,0.143628
3,201,300,31,0.326832,0.162164
3,301,400,17,0.349506,0.169955
3,401,500,12,0.149979,0.112519
3,501,600,21,0.464444,0.173167
3,601,700,13,0.275275,0.113751
3,701,800,17,0.113665,0.0639216
3,801,900,19,0.263608,0.108331
3,901,1000,18,0.485495,0.227537
9,1,100,12,0.184786,0.193993
9,101,200,22,0.187553,0.18631
9,201,300,16,0.129913,0.12604
9,301,400,18,0.212083,0.184892
9,401,500,16,0.13176,0.125893
9,501,600,14,0.145101,0.143966
9,601,700,14,0.122968,0.105506
9,701,800,19,0.12462,0.0894683
9,801,900,25,0.140763,0.148234
9,901,1000,14,0.236496,0.214823
4,1,100,12,0.472798,0.297824
4,101,200,19,0.510659,0.327259
4,201,300,13,0.4381,0.260133
4,301,400,20,0.541323,0.304051
4,401,500,13,0.457557,0.312355
4,501,600,15,0.480992,0.208299
4,601,700,15,0.4334,0.211002
4,701,800,18,0.386085,0.230406
4,801,900,20,0.442104,0.239158
4,901,1000,20,0.551454,0.275572
13,1,100,12,0.117552,0.0842458
13,101,200,6,0.123113,0.115042
13,201,300,13,0.101262,0.0672056
13,301,400,9,0.216483,0.149009
13,401,500,9,0.112682,0.0965725
13,501,600,9,0.150327,0.115561
13,601,700,7,0.134471,0.13737
13,701,800,9,0.127989,0.101391
13,801,900,15,0.149272,0.118275
13,901,1000,9,0.0948445,0.0556108
5,1,100,9,0.117798,0.0949057
5,101,200,17,0.11369,0.0915047
5,201,300,21,0.149525,0.100943
5,301,400,18,0.201165,0.147564
5,401,500,17,0.0910501,0.0805726
5,501,600,15,0.200259,0.115716
5,601,700,24,0.156176,0.0825224
5,701,800,6,0.15838,0.117792
5,801,900,2,0.0740741,0.0416667
5,901,1000,14,0.137066,0.105817
3,1,100,14,0.182259,0.126676
3,101,200,17,0.188775,0.143024
3,201,300,17,0.20758,0.163553
3,301,400,19,0.155986,0.112803
3,401,500,20,0.2228,0.141926
3,501,600,15,0.18219,0.15962
3,601,700,16,0.11634,0.0870076
3,701,800,22,0.191789,0.148184
3,801,900,20,0.165221,0.124762
3,901,1000,22,0.173289,0.156302
16,1,100,15,0.19915,0.164927
16,101,200,16,0.119395,0.0801918
16,201,300,16,0.137548,0.10377
16,301,400,16,0.10497,0.0749873
16,401,500,15,0.167272,0.124103
16,501,600,10,0.160697,0.135015
16,601,700,14,0.158569,0.126392
16,701,800,14,0.129623,0.0973167
16,801,900,10,0.173634,0.120255
16,901,1000,13,0.138314,0.106956
3,1,100,10,0.0374833,0.0345194
3,101,200,14,0.00673401,0.0150009
3,201,300,16,0.140781,0.098342
3,301,400,11,0.152837,0.08625
3,401,500,14,0.0911339,0.0685031
3,501,600,14,0.0866783,0.0564038
3,601,700,15,0.15011,0.10258
3,701,800,11,0.0305234,0.0302933
3,801,900,11,0.119795,0.0470825
3,901,1000,15,0.0151003,0.0272422
12,1,100,14,0.351247,0.175906
12,101,200,13,0.232353,0.18285
12,201,300,6,0.162732,0.0599896
12,301,400,14,0.264447,0.149066
12,401,500,15,0.276966,0.183272
12,501,600,12,0.21147,0.142431
12,601,700,15,0.200048,0.10581
12,701,800,12,0.204641,0.16642
12,801,900,15,0.257847,0.176863
12,901,1000,22,0.32209,0.175351
9,1,100,16,0.360286,0.248489
9,101,200,13,0.385764,0.30042
9,201,300,19,0.376517,0.267664
9,301,400,10,0.323652,0.295165
9,401,500,15,0.457527,0.346788
9,501,600,11,0.442082,0.384017
9,601,700,11,0.280125,0.178519
9,701,800,15,0.351914,0.291926
9,801,900,9,0.425703,0.31118
9,901,1000,16,0.327913,0.230895
7,1,100,12,0.208254,0.0783785
7,101,200,9,0.30779,0.161343
7,201,300,7,0.293993,0.145136
7,301,400,8,0.0736842,0.0255104
7,401,500,8,0.171824,0.0859075
7,501,600,9,0.252813,0.176902
7,601,700,14,0.227799,0.124017
7,701,800,11,0.237551,0.129798
7,801,900,7,0.25,0.0947342
7,901,1000,6,0.345728,0.254956
14,1,100,17,0.115741,0.0925202
14,101,200,14,0.0721358,0.0746071
14,201,300,17,0.0819509,0.0652082
14,301,400,20,0.116523,0.102206
14,401,500,24,0.131722,0.132571
14,501,600,27,0.101571,0.0802113
14,601,700,23,0.0758686,0.0648193
14,701,800,17,0.0850655,0.0850247
14,801,900,32,0.081284,0.0733049
14,901,1000,18,0.160316,0.143748
4,1,100,15,0.215077,0.174711
4,101,200,20,0.17657,0.133548
4,201,300,17,0.16621,0.149242
4,301,400,13,0.207947,0.179135
4,401,500,12,0.147878,0.144301
4,501,600,13,0.184367,0.161778
4,601,700,15,0.125109,0.0841957
4,701,800,18,0.173563,0.121261
4,801,900,19,0.17465,0.149207
4,901,1000,15,0.169272,0.144271
10,1,100,14,0.460367,0.300306
10,101,200,13,0.470395,0.313404
10,201,300,17,0.35547,0.188327
10,301,400,15,0.386718,0.225964
10,401,500,10,0.43253,0.349948
10,501,600,19,0.463226,0.373224
10,601,700,18,0.441959,0.321613
10,701,800,17,0.413108,0.257355
10,801,900,13,0.426673,0.265695
10,901,1000,11,0.458375,0.290912
2,1,100,13,0.217462,0.185609
2,101,200,10,0.151827,0.163865
2,201,300,18,0.121256,0.120828
2,301,400,17,0.174447,0.160762
2,401,500,9,0.137846,0.120793
2,501,600,10,0.147898,0.158005
2,601,700,10,0.0477694,0.0520409
2,701,800,10,0.0993637,0.0699854
2,801,900,12,0.106025,0.131346
2,901,1000,15,0.0363263,0.0423015
0,1,100,12,0.518463,0.449754
0,101,200,14,0.35437,0.272512
0,201,300,16,0.432896,0.382237
0,301,400,18,0.455068,0.275859
0,401,500,10,0.41772,0.300237
0,501,600,16,0.346974,0.182395
0,601,700,5,0.54952,0.471401
0,701,800,15,0.418708,0.342315
0,801,900,18,0.377324,0.232162
0,901,1000,11,0.373849,0.228808
2,1,100,12,0.258849,0.1539
2,101,200,17,0.258062,0.175866
2,201,300,14,0.240614,0.191064
2,301,400,14,0.292666,0.203404
2,401,500,18,0.243901,0.180909
2,501,600,9,0.263863,0.160081
2,601,700,19,0.20945,0.134791
2,701,800,22,0.275396,0.19661
2,801,900,19,0.247697,0.167245
2,901,1000,8,0.316592,0.172345
15,1,100,15,0.278905,0.134562
15,101,200,11,0.25787,0.173548
15,201,300,10,0.287803,0.122652
15,301,400,12,0.112051,0.0645892
15,401,500,9,0.140893,0.102523
15,501,600,13,0.260211,0.130967
15,601,700,16,0.239766,0.0948634
15,701,800,18,0.328146,0.193437
15,801,900,8,0.0957447,0.0579861
15,901,1000,8,0.312898,0.189355
9,1,100,7,0.247659,0.117604
9,101,200,7,0.380342,0.170029
9,201,300,11,0.386705,0.248748
9,301,400,15,0.304936,0.148597
9,401,500,14,0.496611,0.423921
9,501,600,11,0.386102,0.199002
9,601,700,17,0.401276,0.216426
9,701,800,12,0.519136,0.362108
9,801,900,12,0.45265,0.319735
9,901,1000,7,0.535536,0.311183
9,1,100,11,0.0226671,0.0268087
9,101,200,12,0.0774679,0.0633273
9,201,300,8,-0.00654595,-0.0042431
9,301,400,16,0.164236,0.0941469
9,401,500,6,0.039039,0.0458448
9,501,600,5,0.0677966,0.0564474
9,601,700,9,0.107631,0.0683519
9,701,800,12,0.031339,0.0418916
9,801,900,2,-0.0107304,0.0176947
9,901,1000,12,0.144144,0.112622
6,1,100,21,0.270866,0.157041
6,101,200,14,0.213897,0.0914032
6,201,300,12,0.332701,0.182675
6,301,400,20,0.381775,0.23049
6,401,500,16,0.325168,0.156377
6,501,600,16,0.288158,0.195242
6,601,700,13,0.179735,0.0948937
6,701,800,15,0.385103,0.187003
6,801,900,12,0.305947,0.210832
6,901,1000,15,0.306672,0.219239
3,1,100,17,0.246492,0.154451
3,101,200,18,0.304067,0.1874
3,201,300,23,0.266076,0.173717
3,301,400,19,0.203571,0.0848479
3,401,500,12,0.272819,0.154472
3,501,600,19,0.252643,0.120538
3,601,700,12,0.230851,0.130523
3,701,800,22,0.285593,0.180784
3,801,900,18,0.278414,0.173192
3,901,1000,23,0.282184,0.181776
9,1,100,8,0.420362,0.2406
9,101,200,12,0.371452,0.194349
9,201,300,9,0.353972,0.215011
9,301,400,19,0.338619,0.195123
9,401,500,14,0.275258,0.137029
9,501,600,13,0.406592,0.214599
9,601,700,16,0.364563,0.236044
9,701,800,13,0.313226,0.150384
9,801,900,14,0.401709,0.235792
9,901,1000,8,0.403246,0.173141
11,1,100,9,0.109284,0.0744357
11,101,200,15,0.120351,0.105546
11,201,300,21,0.0684552,0.0471622
11,301,400,14,0.0996248,0.0863281
11,401,500,10,0.0803757,0.0671678
11,501,600,17,0.112888,0.11656
11,601,700,21,0.0912318,0.0692352
11,701,800,19,0.0920745,0.0852657
11,801,900,22,0.0846101,0.072722
11,901,1000,19,0.107754,0.0868617
9,1,100,12,0.368291,0.322892
9,101,200,11,0.305392,0.181988
9,201,300,10,0.406123,0.374001
9,301,400,10,0.562272,0.408608
9,401,500,8,0.3776,0.258139
9,501,600,16,0.420515,0.307539
9,601,700,14,0.403023,0.29495
9,701,800,8,0.472969,0.324977
9,801,900,14,0.387858,0.270531
9,901,1000,10,0.351268,0.204874
1,1,100,23,0.146943,0.143444
1,101,200,24,0.16335,0.144503
1,201,300,20,0.143221,0.0919715
1,301,400,25,0.153001,0.114973
1,401,500,20,0.125579,0.105546
1,501,600,20,0.164009,0.133859
1,601,700,15,0.16291,0.125445
1,701,800,18,0.151861,0.12141
1,801,900,14,0.145266,0.107039
1,901,1000,20,0.131477,0.104284
14,1,100,18,0.108409,0.071697
14,101,200,10,0.0432099,0.0422705
14,201,300,10,0.0470542,0.049293
14,301,400,16,0.0585975,0.0437739
14,401,500,10,0.0376984,0.0479422
14,501,600,6,0.041514,0.0426731
14,601,700,17,0.122119,0.0843349
14,701,800,7,0.127616,0.0760832
14,801,900,11,0.0803035,0.0522825
14,901,1000,19,0.105875,0.0768392
8,1,100,14,0.236074,0.153512
8,101,200,10,0.230567,0.131929
8,201,300,12,0.308396,0.180857
8,301,400,8,0.202822,0.0997765
8,401,500,10,0.210771,0.0542421
8,501,600,16,0.250161,0.155914
8,601,700,13,0.238526,0.195066
8,701,800,16,0.308532,0.185737
8,801,900,13,0.241489,0.142276
8,901,1000,16,0.270971,0.159653
5,1,100,15,0.297798,0.252494
5,101,200,14,0.240718,0.149989
5,201,300,14,0.376218,0.198551
5,301,400,9,0.243883,0.157912
5,401,500,12,0.309338,0.190627
5,501,600,13,0.261682,0.136916
5,601,700,12,0.281115,0.207135
5,701,800,16,0.357115,0.303737
5,801,900,10,0.236332,0.148602
5,901,1000,13,0.348517,0.238981
12,1,100,24,0.233502,0.164715
12,101,200,17,0.205334,0.142347
12,201,300,20,0.282859,0.194918
12,301,400,17,0.237746,0.155577
12,401,500,20,0.307863,0.209489
12,501,600,14,0.118812,0.0820311
12,601,700,18,0.330535,0.228458
12,701,800,19,0.278568,0.170503
12,801,900,17,0.292838,0.178504
12,901,1000,15,0.257619,0.185216
4,1,100,14,0.372506,0.204846
4,101,200,12,0.188113,0.10597
4,201,300,12,0.307498,0.196658
4,301,400,12,0.177169,0.104392
4,401,500,9,0.46533,0.214287
4,501,600,9,0.44738,0.20965
4,601,700,20,0.42674,0.183944
4,701,800,12,0.425865,0.185913
4,801,900,14,0.282531,0.156977
4,901,1000,12,0.0852073,0.0641669
12,1,100,13,0.303832,0.164453
12,101,200,12,0.425331,0.284888
12,201,300,15,0.389515,0.188614
12,301,400,22,0.411304,0.264579
12,401,500,16,0.329319,0.155135
12,501,600,12,0.431078,0.359353
12,601,700,19,0.406869,0.250944
12,701,800,9,0.392685,0.213226
12,801,900,18,0.363648,0.202835
12,901,1000,12,0.45137,0.337506
13,1,100,14,0.462268,0.309548
13,101,200,11,0.501312,0.444133
13,201,300,25,0.523876,0.367727
13,301,400,13,0.472161,0.290184
13,401,500,18,0.464666,0.279851
13,501,600,14,0.449493,0.248358
13,601,700,11,0.460842,0.265622
13,701,800,15,0.383178,0.192986
13,801,900,15,0.531833,0.458871
13,901,1000,15,0.522594,0.400012
5,1,100,12,0.215686,0.0776048
5,101,200,12,0.229154,0.124376
5,201,300,7,0.283843,0.113657
5,301,400,9,0.186451,0.0873583
5,401,500,17,0.363977,0.203001
5,501,600,13,0.348579,0.180624
5,601,700,13,0.355023,0.159065
5,701,800,7,0.440204,0.148545
5,801,900,10,0.0627763,0.0380952
5,901,1000,14,0.269883,0.122383
14,1,100,16,0.00196121,0.0183101
14,101,200,24,0.0633586,0.0420506
14,201,300,16,0.112859,0.0845073
14,301,400,16,-0.0163522,-0.00352473
14,401,500,18,0.0127999,0.0206811
14,501,600,17,-0.00648215,0.00750362
14,601,700,15,0.0424869,0.0109871
14,701,800,17,0.0221824,0.00847263
14,801,900,12,0.0303255,0.0183984
14,901,1000,17,0.054827,0.027516
5,1,100,12,0.400253,0.307715
5,101,200,11,0.320426,0.188694
5,201,300,10,0.235428,0.140893
5,301,400,14,0.0490956,0.0314321
5,401,500,15,0.236304,0.192529
5,501,600,14,0.212603,0.143626
5,601,700,11,0.34735,0.249677
5,701,800,16,0.276443,0.202419
5,801,900,17,0.29267,0.181895
5,901,1000,12,0.339878,0.216028
17,1,100,14,0.195554,0.141791
17,101,200,16,0.108644,0.0684321
17,201,300,9,0.102023,0.0891139
17,301,400,8,0.134665,0.0683468
17,401,500,11,0.0683558,0.0372311
17,501,600,13,0.142363,0.106667
17,601,700,11,0.129364,0.104169
17,701,800,11,0.208785,0.110919
17,801,900,17,0.178251,0.0944085
17,901,1000,12,0.16254,0.107126
18,1,100,21,0.250657,0.16935
18,101,200,15,0.303695,0.265146
18,201,300,18,0.234175,0.16594
18,301,400,13,0.317879,0.298403
18,401,500,20,0.250193,0.208375
18,501,600,21,0.257478,0.204152
18,601,700,16,0.259762,0.208991
18,701,800,14,0.27709,0.243841
18,801,900,17,0.24562,0.19819
18,901,1000,16,0.273788,0.222064
3,1,100,18,0.234542,0.160497
3,101,200,26,0.272234,0.149318
3,201,300,24,0.305444,0.187501
3,301,400,19,0.3104,0.234148
3,401,500,21,0.275726,0.18012
3,501,600,25,0.284046,0.178845
3,601,700,20,0.311542,0.270745
3,701,800,16,0.283649,0.239782
3,801,900,26,0.279129,0.189775
3,901,1000,25,0.294625,0.185965
8,1,100,6,0.168901,0.150206
8,101,200,13,0.134124,0.121613
8,201,300,8,0.290123,0.181713
8,301,400,12,0.294872,0.17965
8,401,500,9,0.229885,0.166814
8,501,600,13,0.292692,0.232601
8,601,700,13,0.256143,0.189636
8,701,800,5,0.282828,0.177778
8,801,900,7,0.293907,0.178571
8,901,1000,5,0.0695793,0.0628194
8,1,100,21,0.464766,0.308693
8,101,200,29,0.525562,0.371964
8,201,300,25,0.479171,0.288352
8,301,400,18,0.525799,0.377515
8,401,500,24,0.538597,0.330186
8,501,600,19,0.54502,0.429122
8,601,700,18,0.583075,0.466041
8,701,800,22,0.511344,0.382613
8,801,900,17,0.49771,0.319429
8,901,1000,26,0.559211,0.385845
4,1,100,12,0.265811,0.190395
4,101,200,14,0.223705,0.195774
4,201,300,18,0.223159,0.172093
4,301,400,9,0.260447,0.193595
4,401,500,13,0.205733,0.185881
4,501,600,11,0.226134,0.133867
4,601,700,11,0.245882,0.145339
4,701,800,17,0.23716,0.162676
4,801,900,12,0.347495,0.25485
4,901,1000,14,0.210354,0.128459
5,1,100,6,0.191033,0.115166
5,101,200,13,0.270489,0.191676
5,201,300,10,0.225661,0.133126
5,301,400,13,0.271783,0.18373
5,401,500,12,0.212591,0.108892
5,501,600,15,0.274074,0.127166
5,601,700,14,0.213464,0.101875
5,701,800,10,0.172281,0.1113
5,801,900,15,0.213023,0.121602
5,901,1000,14,0.198481,0.0835778
12,1,100,11,0.245312,0.184252
12,101,200,10,0.214286,0.118621
12,201,300,10,0.222417,0.196965
12,301,400,5,0.295794,0.202144
12,401,500,11,0.189482,0.113732
12,501,600,9,0.318337,0.209827
12,601,700,9,0.204908,0.160774
12,701,800,12,0.265277,0.159897
12,801,900,8,0.252353,0.162879
12,901,1000,8,0.215686,0.0948887
4,1,100,16,0.312068,0.271785
4,101,200,17,0.303404,0.215166
4,201,300,18,0.31084,0.254133
4,301,400,26,0.293828,0.235866
4,401,500,16,0.310003,0.256381
4,501,600,13,0.327013,0.318249
4,601,700,16,0.296736,0.265321
4,701,800,12,0.276541,0.22549
4,801,900,11,0.308069,0.215468
4,901,1000,12,0.324915,0.257272
0,1,100,15,0.421829,0.107369
0,101,200,10,0.265638,0.105981
0,201,300,11,0.487544,0.189141
0,301,400,16,0.358178,0.122704
0,401,500,23,0.325084,0.0756904
0,501,600,20,0.251243,0.0533894
0,601,700,22,0.346477,0.10613
0,701,800,13,0.467215,0.222324
0,801,900,18,0.375381,0.175448
0,901,1000,7,0.0783807,0.02442
12,1,100,22,0.181217,0.123037
12,101,200,15,0.19515,0.176825
12,201,300,13,0.193591,0.160272
12,301,400,20,0.186502,0.131097
12,401,500,14,0.246921,0.221786
12,501,600,18,0.20607,0.170259
12,601,700,16,0.183113,0.161401
12,701,800,18,0.258366,0.229188
12,801,900,20,0.194896,0.190713
12,901,1000,18,0.171262,0.135447
8,1,100,14,0.168794,0.115862
8,101,200,12,0.115474,0.0797725
8,201,300,10,0.181343,0.0862647
8,301,400,12,0.121053,0.0836771
8,401,500,15,0.139449,0.09815
8,501,600,18,0.103413,0.0674799
8,601,700,11,0.210124,0.149242
8,701,800,9,0.226084,0.156481
8,801,900,13,0.101058,0.0646794
8,901,1000,12,0.150291,0.102097
6,1,100,16,0.298334,0.100948
6,101,200,19,0.472408,0.164331
6,201,300,25,0.447094,0.172925
6,301,400,17,0.312574,0.0848007
6,401,500,14,0.396386,0.104891
6,501,600,19,0.452142,0.179937
6,601,700,18,0.334063,0.0789986
6,701,800,23,0.440805,0.157894
6,801,900,17,0.285223,0.0765236
6,901,1000,15,0.394078,0.11876
1,1,100,13,0.208896,0.181815
1,101,200,10,0.20194,0.148121
1,201,300,11,0.191767,0.132159
1,301,400,12,0.242063,0.202242
1,401,500,18,0.251938,0.177786
1,501,600,15,0.250148,0.203441
1,601,700,15,0.208508,0.148204
1,701,800,7,0.295587,0.186786
1,801,900,13,0.238601,0.176324
1,901,1000,15,0.274983,0.180846
19,1,100,10,0.184268,0.113166
19,101,200,14,0.212182,0.127189
19,201,300,6,0.163936,0.123871
19,301,400,12,0.167245,0.126214
19,401,500,8,0.152334,0.122871
19,501,600,7,0.270833,0.13251
19,601,700,13,0.0783511,0.0536281
19,701,800,10,0.182177,0.111419
19,801,900,11,0.213675,0.146881
19,901,1000,15,0.221401,0.121243
0,1,100,30,0.056581,0.0367759
0,101,200,27,0.0544479,0.0454493
0,201,300,21,0.0239805,0.0139572
0,301,400,30,0.0491112,0.032809
0,401,500,28,0.0338633,0.0171638
0,501,600,34,0.057395,0.0419056
0,601,700,30,0.0597453,0.0466119
0,701,800,27,0.0706571,0.0477779
0,801,900,32,0.0460739,0.044542
0,901,1000,23,0.0238785,0.00995701
10,1,100,12,0.155704,0.108749
10,101,200,8,0.0999883,0.0772089
10,201,300,16,0.123388,0.0890038
10,301,400,10,0.153439,0.0829161
10,401,500,13,0.15393,0.10736
10,501,600,17,0.126355,0.0845213
10,601,700,7,0.0224767,0.0250634
10,701,800,20,0.130226,0.0858563
10,801,900,12,0.115385,0.103106
10,901,1000,12,0.104756,0.0711158
5,1,100,23,0.124993,0.101314
5,101,200,7,0.1234,0.111439
5,201,300,12,0.125012,0.0985454
5,301,400,15,0.0737768,0.051568
5,401,500,18,0.0997151,0.0746056
5,501,600,7,0.0937476,0.0772258
5,601,700,16,0.0269118,0.0302813
5,701,800,19,0.129148,0.0887854
5,801,900,19,0.0849014,0.0949578
5,901,1000,17,0.146133,0.104098
9,1,100,25,0.0886684,0.0422133
9,101,200,18,0.172616,0.0692259
9,201,300,15,0.0671862,0.0250932
9,301,400,19,0.0595374,0.0290664
9,401,500,23,0.0661623,0.0359955
9,501,600,18,0.0471735,0.0252211
9,601,700,23,0.0617645,0.0237867
9,701,800,23,0.0792023,0.021103
9,801,900,23,0.0678363,0.0370228
9,901,1000,20,0.127052,0.0621794
6,1,100,16,0.122771,0.0559474
6,101,200,15,0.118409,0.0826166
6,201,300,10,0.119456,0.0692817
6,301,400,9,0.126256,0.115237
6,401,500,10,0.116545,0.0798353
6,501,600,8,0.127139,0.117824
6,601,700,10,0.152494,0.13908
6,701,800,8,0.116143,0.0841407
6,801,900,6,0.131337,0.101082
6,901,1000,12,0.105078,0.055164
11,1,100,10,0.0717088,0.0539155
11,101,200,12,0.0905496,0.0672394
11,201,300,11,0.094885,0.0635837
11,301,400,12,0.109477,0.117713
11,401,500,7,0.06588,0.0378912
11,501,600,10,0.0674603,0.0561061
11,601,700,8,0.0810118,0.0440535
11,701,800,11,0.12625,0.113176
11,801,900,13,0.110432,0.0758785
11,901,1000,14,0.108216,0.0734714
16,1,100,17,0.0659722,0.0567276
16,101,200,10,0.0901361,0.0726875
16,201,300,11,0.0952986,0.0738716
16,301,400,15,0.0843197,0.0685127
16,401,500,21,0.0622725,0.0577844
16,501,600,11,0.0907343,0.0729534
16,601,700,13,0.0987965,0.0774719
16,701,800,13,0.0868419,0.0630381
16,801,900,9,0.0742248,0.061671
16,901,1000,10,0.0616155,0.0502882
2,1,100,11,0.233327,0.162374
2,101,200,10,0.24043,0.148543
2,201,300,11,0.225624,0.116741
2,301,400,13,0.240086,0.139482
2,401,500,15,0.234901,0.132464
2,501,600,11,0.133516,0.0885324
2,601,700,15,0.188686,0.128646
2,701,800,15,0.176197,0.0972878
2,801,900,6,0.230685,0.136041
2,901,1000,11,0.118056,0.0658338
12,1,100,6,0.119713,0.105706
12,101,200,11,0.240557,0.157325
12,201,300,9,0.266667,0.168611
12,301,400,10,0.230849,0.14651
12,401,500,14,0.249681,0.131113
12,501,600,15,0.277806,0.185717
12,601,700,11,0.12946,0.08098
12,701,800,10,0.100571,0.0846593
12,801,900,7,0.255138,0.136465
12,901,1000,8,0.177132,0.13839
5,1,100,20,0.176088,0.148782
5,101,200,16,0.210975,0.176309
5,201,300,21,0.259537,0.220954
5,301,400,13,0.128842,0.118946
5,401,500,13,0.212499,0.162012
5,501,600,24,0.197185,0.163245
5,601,700,22,0.185999,0.152207
5,701,800,24,0.134725,0.124662
5,801,900,24,0.18214,0.144658
5,901,1000,14,0.124183,0.113333
19,1,100,10,0.377778,0.205676
19,101,200,12,0.290961,0.195238
19,201,300,12,0.304187,0.291047
19,301,400,10,0.255765,0.180892
19,401,500,12,0.32609,0.168383
19,501,600,11,0.206884,0.145906
19,601,700,11,0.261741,0.150456
19,701,800,11,0.252319,0.108588
19,801,900,10,0.230886,0.158984
19,901,1000,17,0.188803,0.113754
13,1,100,13,0.413682,0.317036
13,101,200,17,0.423449,0.301623
13,201,300,15,0.423015,0.332545
13,301,400,21,0.359849,0.24544
13,401,500,23,0.407911,0.287612
13,501,600,19,0.405031,0.28614
13,601,700,15,0.392706,0.309639
13,701,800,30,0.390392,0.251246
13,801,900,25,0.383443,0.299981
13,901,1000,23,0.389277,0.270639
13,1,100,11,0.165877,0.121651
13,101,200,20,0.125262,0.0697508
13,201,300,10,0.138658,0.118412
13,301,400,16,0.102976,0.0544017
13,401,500,19,0.157331,0.0988204
13,501,600,14,0.161696,0.0919777
13,601,700,16,0.155183,0.110909
13,701,800,21,0.10427,0.0646691
13,801,900,20,0.126606,0.0756833
13,901,1000,16,0.128934,0.094295
9,1,100,14,0.267061,0.205739
9,101,200,18,0.253947,0.21135
9,201,300,18,0.156982,0.127259
9,301,400,23,0.198505,0.159534
9,401,500,19,0.253731,0.172039
9,501,600,18,0.17677,0.138514
9,601,700,22,0.2307,0.161635
9,701,800,18,0.16942,0.12011
9,801,900,18,0.170707,0.130975
9,901,1000,17,0.203945,0.185885
3,1,100,14,0.0696412,0.056058
3,101,200,14,0.202696,0.114179
3,201,300,14,0.0649666,0.0201666
3,301,400,8,0.0618102,0.0524358
3,401,500,14,0.0570456,0.050097
3,501,600,16,0.0958019,0.0762119
3,601,700,12,0.0610032,0.045785
3,701,800,22,0.0978916,0.0531483
3,801,900,16,0.140711,0.0793921
3,901,1000,19,0.12908,0.102768
8,1,100,12,0.191675,0.0686593
8,101,200,7,0.152687,0.0770577
8,201,300,9,0.231824,0.0923934
8,301,400,16,0.176776,0.0852533
8,401,500,12,0.0885335,0.0448015
8,501,600,13,0.226983,0.0876152
8,601,700,8,0.226357,0.141889
8,701,800,10,0.201028,0.0904953
8,801,900,13,0.0522415,0.037336
8,901,1000,10,0.283154,0.163473
5,1,100,16,0.0974567,0.114189
5,101,200,18,0.031746,0.0533693
5,201,300,9,0.00493364,0.0203036
5,301,400,14,0.0764444,0.0632516
5,401,500,16,-0.0034193,0.0181845
5,501,600,16,0.00611291,0.0330811
5,601,700,16,0.0468061,0.0606481
5,701,800,16,0.0333067,0.0355874
5,801,900,18,0.0128655,0.0294832
5,901,1000,14,-0.0204276,0.0035248
2,1,100,15,0.0192385,0.0509787
2,101,200,19,0.0633499,0.0907653
2,201,300,14,0.0700951,0.0788952
2,301,400,21,0.0157708,0.0286607
2,401,500,18,0.0164556,0.0474903
2,501,600,15,0.0337405,0.0601369
2,601,700,18,0.0304863,0.0429783
2,701,800,14,0.00350478,0.0408966
2,801,900,13,0.00942524,0.0250382
2,901,1000,14,0.00905748,0.0439971
13,1,100,12,0.364625,0.226839
13,101,200,16,0.285211,0.186383
13,201,300,7,0.402878,0.249608
13,301,400,11,0.316823,0.175651
13,401,500,19,0.344577,0.209919
13,501,600,18,0.334354,0.234049
13,601,700,14,0.274504,0.172567
13,701,800,13,0.358724,0.274483
13,801,900,16,0.384142,0.266769
13,901,1000,15,0.346102,0.169031
6,1,100,7,0.0835708,0.083168
6,101,200,13,0.188928,0.130718
6,201,300,11,0.13074,0.087919
6,301,400,13,0.202991,0.135653
6,401,500,8,0.148936,0.119935
6,501,600,7,0.133333,0.0992063
6,601,700,7,0.14756,0.125989
6,701,800,10,0.115741,0.075
6,801,900,13,0.130647,0.107362
6,901,1000,11,0.105617,0.0793154
10,1,100,19,0.191201,0.142316
10,101,200,23,0.218734,0.14203
10,201,300,22,0.212749,0.16313
10,301,400,26,0.175619,0.121735
10,401,500,14,0.184531,0.166573
10,501,600,20,0.164491,0.0956502
10,601,700,21,0.165325,0.119021
10,701,800,25,0.187526,0.119709
10,801,900,26,0.172533,0.129417
10,901,1000,13,0.170894,0.119779
9,1,100,10,0.304265,0.221825
9,101,200,7,0.335624,0.249448
9,201,300,13,0.414215,0.27612
9,301,400,9,0.240683,0.153731
9,401,500,6,0.260331,0.101009
9,501,600,10,0.298143,0.111138
9,601,700,5,0.324771,0.288067
9,701,800,9,0.32293,0.187497
9,801,900,6,0.124329,0.100498
9,901,1000,12,0.384114,0.251453
16,1,100,22,0.181776,0.107989
16,101,200,20,0.169514,0.0783082
16,201,300,21,0.22444,0.147443
16,301,400,15,0.191733,0.111866
16,401,500,22,0.133212,0.0865341
16,501,600,22,0.177648,0.131869
16,601,700,20,0.153909,0.118853
16,701,800,22,0.21713,0.141471
16,801,900,19,0.180147,0.10384
16,901,1000,17,0.212924,0.11042
12,1,100,10,0.157874,0.107341
12,101,200,17,0.144497,0.114946
12,201,300,20,0.168013,0.127005
12,301,400,11,0.144607,0.0975888
12,401,500,12,0.210443,0.169706
12,501,600,21,0.15766,0.143338
12,601,700,17,0.134634,0.0955599
12,701,800,12,0.155265,0.118299
12,801,900,9,0.147828,0.105695
12,901,1000,16,0.136625,0.0958876
15,1,100,14,0.0971164,0.0936087
15,101,200,14,0.0300139,0.0317049
15,201,300,11,0.0316901,0.0224132
15,301,400,10,0.103314,0.0815051
15,401,500,17,0.108766,0.072938
15,501,600,14,0.116976,0.0886979
15,601,700,17,0.100574,0.0608752
15,701,800,13,0.0742164,0.0684071
15,801,900,14,0.145394,0.0983789
15,901,1000,10,0.0829469,0.0794128
18,1,100,14,0.18896,0.129535
18,101,200,8,0.237213,0.181313
18,201,300,14,0.172823,0.0953861
18,301,400,16,0.196871,0.108506
18,401,500,17,0.202556,0.134051
18,501,600,19,0.201399,0.150039
18,601,700,19,0.20447,0.135897
18,701,800,15,0.227529,0.124368
18,801,900,18,0.264325,0.180329
18,901,1000,17,0.183601,0.0827389
5,1,100,12,0.332808,0.188536
5,101,200,10,0.502069,0.234226
5,201,300,9,0.371834,0.121781
5,301,400,18,0.287354,0.155598
5,401,500,6,0.246555,0.146854
5,501,600,19,0.411051,0.261542
5,601,700,10,0.460012,0.401674
5,701,800,10,0.483356,0.290444
5,801,900,11,0.433972,0.326242
5,901,1000,18,0.421887,0.245272
16,1,100,20,0.518954,0.385578
16,101,200,15,0.594916,0.490525
16,201,300,20,0.570552,0.458022
16,301,400,21,0.561481,0.352369
16,401,500,18,0.598523,0.422687
16,501,600,11,0.543713,0.274389
16,601,700,18,0.603881,0.397545
16,701,800,10,0.489266,0.251925
16,801,900,21,0.535277,0.34688
16,901,1000,15,0.501484,0.350032
17,1,100,25,0.486179,0.285366
17,101,200,20,0.461013,0.273287
17,201,300,24,0.52556,0.401068
17,301,400,22,0.497057,0.233109
17,401,500,25,0.484619,0.291504
17,501,600,19,0.527713,0.35427
17,601,700,24,0.523587,0.339681
17,701,800,24,0.55025,0.404199
17,801,900,25,0.502547,0.297812
17,901,1000,14,0.498911,0.301803
4,1,100,15,0.198251,0.129944
4,101,200,12,0.195856,0.121927
4,201,300,14,0.122851,0.0826555
4,301,400,13,0.158978,0.133025
4,401,500,14,0.188811,0.108118
4,501,600,15,0.20575,0.161286
4,601,700,10,0.16777,0.0939779
4,701,800,16,0.209977,0.150253
4,801,900,12,0.222498,0.178023
4,901,1000,15,0.125207,0.0818647
15,1,100,20,0.31422,0.213128
15,101,200,20,0.274999,0.227609
15,201,300,25,0.258164,0.201702
15,301,400,16,0.266651,0.196948
15,401,500,21,0.284917,0.263971
15,501,600,15,0.297139,0.227069
15,601,700,23,0.274413,0.187868
15,701,800,23,0.278025,0.185352
15,801,900,24,0.276852,0.232806
15,901,1000,22,0.295452,0.240504
6,1,100,29,0.186821,0.168187
6,101,200,27,0.209489,0.179992
6,201,300,22,0.185173,0.16985
6,301,400,38,0.209068,0.175495
6,401,500,28,0.192855,0.157485
6,501,600,27,0.203421,0.182858
6,601,700,25,0.188537,0.150425
6,701,800,29,0.194881,0.180356
6,801,900,23,0.196318,0.184865
6,901,1000,24,0.17764,0.148586
14,1,100,11,0.105824,0.101447
14,101,200,14,0.110604,0.0886493
14,201,300,10,0.119327,0.123748
14,301,400,15,0.0960629,0.081012
14,401,500,14,0.105149,0.0702767
14,501,600,15,0.193267,0.154778
14,601,700,13,0.0866441,0.081861
14,701,800,10,0.0878378,0.0868355
14,801,900,9,0.12447,0.0944796
14,901,1000,15,0.144866,0.119543
10,1,100,10,0.302737,0.223425
10,101,200,21,0.301335,0.198028
10,201,300,21,0.263063,0.14437
10,301,400,22,0.29581,0.209444
10,401,500,24,0.28872,0.210013
10,501,600,19,0.245457,0.182937
10,601,700,17,0.271925,0.186042
10,701,800,22,0.284921,0.171592
10,801,900,19,0.285265,0.231753
10,901,1000,11,0.262839,0.186228
17,1,100,16,0.208099,0.160046
17,101,200,14,0.1978,0.137212
17,201,300,13,0.0942029,0.108632
17,301,400,10,0.147524,0.125729
17,401,500,9,0.17823,0.0853075
17,501,600,17,0.225079,0.183587
17,601,700,11,0.220999,0.162428
17,701,800,12,0.148127,0.113848
17,801,900,11,0.212903,0.147676
17,901,1000,17,0.177984,0.106913
11,1,100,12,0.00121077,0.022
11,101,200,12,0.0391194,0.0499953
11,201,300,21,0.0175683,0.0408733
11,301,400,12,0.0221078,0.0454341
11,401,500,12,0.0440466,0.0670185
11,501,600,12,0.0133702,0.0388265
11,601,700,14,0.00849921,0.00770015
11,701,800,11,0.00961735,0.042673
11,801,900,25,0.0377819,0.0597752
11,901,1000,18,0.0426265,0.0687553
17,1,100,17,0.158954,0.124158
17,101,200,19,0.23827,0.203722
17,201,300,12,0.130111,0.0752219
17,301,400,14,0.160035,0.111969
17,401,500,13,0.17594,0.156052
17,501,600,13,0.173102,0.14631
17,601,700,11,0.145881,0.097082
17,701,800,15,0.186508,0.161176
17,801,900,18,0.248276,0.182346
17,901,1000,10,0.17505,0.0944683
1,1,100,17,0.131006,0.089735
1,101,200,19,0.155474,0.13273
1,201,300,23,0.126211,0.117745
1,301,400,18,0.109631,0.0965582
1,401,500,18,0.144858,0.112532
1,501,600,21,0.100351,0.0639644
1,601,700,10,0.104172,0.0752137
1,701,800,12,0.159553,0.118172
1,801,900,23,0.138284,0.0989705
1,901,1000,16,0.13662,0.110283
4,1,100,24,0.0740741,0.0301009
4,101,200,13,0.118774,0.0469504
4,201,300,16,0.176457,0.0485366
4,301,400,16,0.227411,0.0820422
4,401,500,9,0.138247,0.0171773
4,501,600,17,0.0810502,0.00403724
4,601,700,14,0.159049,0.0494182
4,701,800,14,0.135495,0.02609
4,801,900,18,0.148589,0.0304876
4,901,1000,22,0.092258,0.0336027
19,1,100,10,0.2028,0.110854
19,101,200,9,0.372364,0.209039
19,201,300,7,0.11589,0.0413105
19,301,400,12,0.241026,0.116207
19,401,500,11,0.308955,0.155479
19,501,600,4,0.272636,0.184335
19,601,700,7,0.298561,0.273885
19,701,800,11,0.156575,0.102058
19,801,900,8,0.189503,0.091102
19,901,1000,9,0.329881,0.228892
13,1,100,21,0.0822454,0.0730331
13,101,200,19,0.0488948,0.0483721
13,201,300,22,0.101573,0.0822127
13,301,400,24,0.0642303,0.0677925
13,401,500,21,0.075183,0.0730531
13,501,600,26,0.0652159,0.0569115
13,601,700,20,0.0660669,0.0563634
13,701,800,29,0.0577933,0.0518644
13,801,900,30,0.0650234,0.0446596
13,901,1000,24,0.0940097,0.0688842
16,1,100,7,0.301672,0.160262
16,101,200,10,0.372405,0.112319
16,201,300,6,0.388961,0.192655
16,301,400,13,0.280523,0.112739
16,401,500,11,0.284572,0.141849
16,501,600,16,0.303368,0.201825
16,601,700,11,0.374344,0.173225
16,701,800,16,0.347306,0.223575
16,801,900,9,0.272902,0.185051
16,901,1000,11,0.283507,0.139723
4,1,100,16,0.45009,0.315034
4,101,200,18,0.376471,0.243479
4,201,300,18,0.366253,0.256765
4,301,400,16,0.432393,0.19829
4,401,500,18,0.37658,0.256784
4,501,600,21,0.388155,0.250924
4,601,700,21,0.360479,0.237748
4,701,800,15,0.494866,0.38599
4,801,900,23,0.404779,0.243231
4,901,1000,19,0.405037,0.285224
0,1,100,8,0.195011,0.0810584
0,101,200,2,0.0154712,0.0149573
0,201,300,8,0.169295,0.100766
0,301,400,9,0.280872,0.147544
0,401,500,4,0.331641,0.171178
0,501,600,7,0.25484,0.119785
0,601,700,10,0.156954,0.0465344
0,701,800,9,0.0501963,0.0342966
0,801,900,13,0.302859,0.201583
0,901,1000,6,0.147694,0.104103
6,1,100,10,0.0649925,0.0541351
6,101,200,11,0.159345,0.102388
6,201,300,19,0.0769162,0.070516
6,301,400,12,0.128599,0.113588
6,401,500,16,0.1017,0.0823504
6,501,600,17,0.0960064,0.0725117
6,601,700,8,0.0952972,0.0816637
6,701,800,16,0.0892289,0.0752229
6,801,900,9,0.0705226,0.0620452
6,901,1000,20,0.0996487,0.0819204
16,1,100,17,0.401091,0.232609
16,101,200,13,0.544327,0.254854
16,201,300,10,0.418836,0.202599
16,301,400,11,0.509044,0.306087
16,401,500,15,0.503927,0.373792
16,501,600,16,0.503506,0.346837
16,601,700,13,0.512293,0.250612
16,701,800,15,0.590514,0.364388
16,801,900,14,0.442486,0.236252
16,901,1000,12,0.42838,0.242636
