Model,Pop,CHROM,BIN_START,BIN_END,N_VARIANTS,WEIGHTED_FST,MEAN_FST
Model5,3pop,15,1,100,14,-0.0112478,-0.00637807
Model5,3pop,15,101,200,13,0.00466792,0.00603438
Model5,3pop,15,201,300,14,0.0128008,0.00791621
Model5,3pop,15,301,400,8,-0.0121012,-0.00723765
Model5,3pop,15,401,500,10,0.0274841,0.00918097
Model5,3pop,15,501,600,13,0.0283507,0.0129606
Model5,3pop,15,601,700,7,0.0186667,0.0280665
Model5,3pop,15,701,800,15,0.065722,0.0446858
Model5,3pop,15,801,900,9,0.0767803,0.0142477
Model5,3pop,15,901,1000,9,0.0493657,0.0151343
Model5,3pop,8,1,100,10,0.106727,0.0462771
Model5,3pop,8,101,200,9,0.125146,0.0696819
Model5,3pop,8,201,300,9,0.108418,0.0721658
Model5,3pop,8,301,400,8,0.129563,0.0834753
Model5,3pop,8,401,500,10,0.0591179,0.0381661
Model5,3pop,8,501,600,9,0.10509,0.0756946
Model5,3pop,8,601,700,5,0.212121,0.0666667
Model5,3pop,8,701,800,7,0.100431,0.0596907
Model5,3pop,8,801,900,5,0.15513,0.118955
Model5,3pop,8,901,1000,9,0.0609188,0.0264438
Model5,3pop,2,1,100,2,0.0212674,0.0287159
Model5,3pop,2,101,200,9,0.032148,0.0265496
Model5,3pop,2,201,300,8,0.0202343,0.027604
Model5,3pop,2,301,400,11,0.0925496,0.0474189
Model5,3pop,2,401,500,12,0.0468046,0.0244051
Model5,3pop,2,501,600,14,0.000450755,0.0177985
Model5,3pop,2,601,700,9,0.0181384,0.0247551
Model5,3pop,2,701,800,9,0.0154911,0.0180723
Model5,3pop,2,801,900,13,0.02846,0.0278219
Model5,3pop,2,901,1000,16,0.0709729,0.0661787
Model5,3pop,7,1,100,12,0.00837194,0.00153464
Model5,3pop,7,101,200,7,-0.001221,-0.00784929
Model5,3pop,7,201,300,13,0.0136661,0.00771292
Model5,3pop,7,301,400,14,0.0293965,0.020531
Model5,3pop,7,401,500,14,0.1025,0.0749384
Model5,3pop,7,501,600,10,0.00844124,0.00162893
Model5,3pop,7,601,700,6,0.0665155,0.0675498
Model5,3pop,7,701,800,6,0.101324,0.0513996
Model5,3pop,7,801,900,12,0.101789,0.0443058
Model5,3pop,7,901,1000,9,0.00472616,-0.00523777
Model5,3pop,5,1,100,15,0.0317719,0.0117046
Model5,3pop,5,101,200,20,0.0280419,0.023054
Model5,3pop,5,201,300,8,0.0373563,0.0186092
Model5,3pop,5,301,400,16,0.0048119,0.00376741
Model5,3pop,5,401,500,15,0.0162495,0.0122642
Model5,3pop,5,501,600,13,-0.00618083,-0.00204638
Model5,3pop,5,601,700,17,0.0253791,0.0130671
Model5,3pop,5,701,800,12,0.00606822,0.00150387
Model5,3pop,5,801,900,21,0.0265907,0.0203452
Model5,3pop,5,901,1000,13,0.0734547,0.0356572
Model5,3pop,1,1,100,7,-0.0176259,-0.00597917
Model5,3pop,1,101,200,11,0.0233686,0.0314101
Model5,3pop,1,201,300,7,-0.0155913,-0.00883868
Model5,3pop,1,301,400,11,-0.00358423,0.0162386
Model5,3pop,1,401,500,12,0.0237325,0.0160831
Model5,3pop,1,501,600,11,0.0326261,0.0413219
Model5,3pop,1,601,700,11,-0.0221748,-0.0091654
Model5,3pop,1,701,800,8,0.00149031,0.0159408
Model5,3pop,1,801,900,7,0.00572738,0.0341136
Model5,3pop,1,901,1000,3,-0.0291708,-0.030516
Model5,3pop,15,1,100,10,0.00127226,0.0122245
Model5,3pop,15,101,200,10,0.0246914,0.0219941
Model5,3pop,15,201,300,12,0.0167158,0.0218499
Model5,3pop,15,301,400,13,0.0242451,0.0283855
Model5,3pop,15,401,500,11,0.0060241,0.00885669
Model5,3pop,15,501,600,11,0.0160599,0.0289954
Model5,3pop,15,601,700,13,0.0652557,0.0504896
Model5,3pop,15,701,800,15,0.025974,0.0276982
Model5,3pop,15,801,900,10,0.0238203,0.0279816
Model5,3pop,15,901,1000,17,0.0327129,0.0310713
Model5,3pop,13,1,100,10,0.0815953,0.0711066
Model5,3pop,13,101,200,8,0.146363,0.0826712
Model5,3pop,13,201,300,7,0.112272,0.066512
Model5,3pop,13,301,400,5,0.161616,0.0666667
Model5,3pop,13,401,500,7,0.0898441,0.0627038
Model5,3pop,13,501,600,5,0.127954,0.129388
Model5,3pop,13,601,700,9,0.124579,0.0766477
Model5,3pop,13,701,800,7,0.12703,0.0899567
Model5,3pop,13,801,900,6,0.143275,0.119958
Model5,3pop,13,901,1000,4,0.0896359,0.0553938
Model5,3pop,9,1,100,10,-0.00529101,-0.00747937
Model5,3pop,9,101,200,10,-0.00614869,-0.00528507
Model5,3pop,9,201,300,10,0.00399342,0.0087937
Model5,3pop,9,301,400,7,-0.00188324,0.0118645
Model5,3pop,9,401,500,10,-0.0217114,-0.0122913
Model5,3pop,9,501,600,7,-0.0236626,-0.00688788
Model5,3pop,9,601,700,7,0.037851,0.0335261
Model5,3pop,9,701,800,10,0.00569033,0.00143556
Model5,3pop,9,801,900,10,-0.00536398,0.0114903
Model5,3pop,9,901,1000,6,-0.011396,0.0055441
Model5,3pop,4,1,100,8,0.0178023,0.0243594
Model5,3pop,4,101,200,8,0.0675991,0.0478504
Model5,3pop,4,201,300,12,0.0336591,0.0261611
Model5,3pop,4,301,400,17,0.0455154,0.0381137
Model5,3pop,4,401,500,9,0.0668915,0.042471
Model5,3pop,4,501,600,6,0.0286404,0.0337385
Model5,3pop,4,601,700,17,0.0591275,0.0472602
Model5,3pop,4,701,800,7,0.0334297,0.0294411
Model5,3pop,4,801,900,10,0.0357143,0.0280596
Model5,3pop,4,901,1000,14,0.0457644,0.0388094
Model5,3pop,9,1,100,20,-0.0197869,-0.00626992
Model5,3pop,9,101,200,13,-0.0140432,-0.0104037
Model5,3pop,9,201,300,19,-0.0144859,-0.00454701
Model5,3pop,9,301,400,11,-0.00256129,3.52512e-05
Model5,3pop,9,401,500,16,-0.021933,-0.0187674
Model5,3pop,9,501,600,18,-0.0150444,-0.000239517
Model5,3pop,9,601,700,27,-0.0207497,-0.0121002
Model5,3pop,9,701,800,22,-0.0258812,-0.0143809
Model5,3pop,9,801,900,13,-0.0105789,-0.00419677
Model5,3pop,9,901,1000,17,-0.0217735,-0.0147762
Model5,3pop,14,1,100,9,0.0582912,0.0511871
Model5,3pop,14,101,200,4,0.0268199,-0.00365595
Model5,3pop,14,201,300,6,-0.00535641,0.000918809
Model5,3pop,14,301,400,6,0.0258137,0.0239298
Model5,3pop,14,401,500,7,0.0177404,0.010362
Model5,3pop,14,501,600,6,0.0288066,0.0101476
Model5,3pop,14,601,700,5,-0.0148731,0.0033189
Model5,3pop,14,701,800,7,0.0540731,0.0512017
Model5,3pop,14,801,900,5,0.0185185,0.0111111
Model5,3pop,14,901,1000,9,0.013267,0.0211679
Model5,3pop,0,1,100,11,0.0449287,0.0274278
Model5,3pop,0,101,200,10,0.0469829,0.0421547
Model5,3pop,0,201,300,11,0.0694893,0.0399739
Model5,3pop,0,301,400,5,0.0550668,0.0365079
Model5,3pop,0,401,500,7,0.0777577,0.0334597
Model5,3pop,0,501,600,15,0.0790213,0.0490644
Model5,3pop,0,601,700,11,0.105067,0.0634411
Model5,3pop,0,701,800,14,0.0999066,0.0559516
Model5,3pop,0,801,900,10,0.0292398,0.0283116
Model5,3pop,0,901,1000,6,0.0598291,0.0429894
Model5,3pop,6,1,100,9,0.0251898,0.0357501
Model5,3pop,6,101,200,9,0.00280112,0.0198871
Model5,3pop,6,201,300,19,0.00104898,0.000673599
Model5,3pop,6,301,400,16,0.0197015,0.0248885
Model5,3pop,6,401,500,11,-0.0209742,-0.0104027
Model5,3pop,6,501,600,4,-0.0324484,-0.0101892
Model5,3pop,6,601,700,8,0.0226043,0.0157084
Model5,3pop,6,701,800,16,0.0130593,0.00645339
Model5,3pop,6,801,900,12,-0.0130412,0.00320054
Model5,3pop,6,901,1000,11,0.0347924,0.0391538
Model5,3pop,17,1,100,8,-0.0125448,0.00402822
Model5,3pop,17,101,200,9,0.148205,0.0783456
Model5,3pop,17,201,300,10,0.111631,0.0575222
Model5,3pop,17,301,400,10,0.169312,0.146559
Model5,3pop,17,401,500,13,0.160605,0.116713
Model5,3pop,17,501,600,9,0.123661,0.0678199
Model5,3pop,17,601,700,10,0.144584,0.0561043
Model5,3pop,17,701,800,9,0.173595,0.122496
Model5,3pop,17,801,900,6,0.114089,0.0713288
Model5,3pop,17,901,1000,13,0.186122,0.126488
Model5,3pop,14,1,100,10,0.0766512,0.0369685
Model5,3pop,14,101,200,4,0.0177134,0.0148467
Model5,3pop,14,201,300,7,0.0836197,0.0515936
Model5,3pop,14,301,400,8,0.00113877,0.002778
Model5,3pop,14,401,500,8,-0.0136452,0.0209992
Model5,3pop,14,501,600,10,0.0304639,0.0220875
Model5,3pop,14,601,700,9,0.119203,0.0613611
Model5,3pop,14,701,800,6,-0.0249433,0.0099678
Model5,3pop,14,801,900,3,0.0196078,0.0204678
Model5,3pop,14,901,1000,9,0.0532378,0.0409236
Model5,3pop,16,1,100,18,-0.0284455,0.00154439
Model5,3pop,16,101,200,16,-0.0141289,0.000784713
Model5,3pop,16,201,300,11,-0.0302568,-0.00325064
Model5,3pop,16,301,400,12,-0.031746,-0.00956302
Model5,3pop,16,401,500,15,-0.0312981,-0.00793217
Model5,3pop,16,501,600,12,-0.0228208,-0.00345444
Model5,3pop,16,601,700,14,-0.0336373,-0.00933361
Model5,3pop,16,701,800,13,-0.0174206,0.0035617
Model5,3pop,16,801,900,12,-0.00249523,0.00583151
Model5,3pop,16,901,1000,8,-0.02657,-0.0187277
Model5,3pop,10,1,100,10,0.124932,0.0649986
Model5,3pop,10,101,200,7,0.125364,0.0596278
Model5,3pop,10,201,300,15,0.161062,0.126691
Model5,3pop,10,301,400,17,0.162166,0.0987796
Model5,3pop,10,401,500,15,0.118748,0.0758118
Model5,3pop,10,501,600,17,0.147985,0.0708212
Model5,3pop,10,601,700,19,0.189267,0.111812
Model5,3pop,10,701,800,15,0.104342,0.0620619
Model5,3pop,10,801,900,11,0.224319,0.170441
Model5,3pop,10,901,1000,14,0.149605,0.109698
Model5,3pop,14,1,100,11,0.0673645,0.0364469
Model5,3pop,14,101,200,16,0.0362948,0.0199942
Model5,3pop,14,201,300,14,0.0683136,0.0342104
Model5,3pop,14,301,400,9,0.0923599,0.0580945
Model5,3pop,14,401,500,7,0.0598291,0.0371021
Model5,3pop,14,501,600,15,0.0566844,0.021587
Model5,3pop,14,601,700,10,0.0715072,0.0448389
Model5,3pop,14,701,800,13,0.0504858,0.0319376
Model5,3pop,14,801,900,13,0.0426072,0.0346713
Model5,3pop,14,901,1000,15,0.091661,0.0627926
Model5,3pop,18,1,100,10,-0.0346009,-0.020835
Model5,3pop,18,101,200,9,0.0213178,0.0280419
Model5,3pop,18,201,300,11,-0.0219358,-0.00944801
Model5,3pop,18,301,400,10,-0.0290028,-0.018064
Model5,3pop,18,401,500,10,-0.0229277,-0.00391977
Model5,3pop,18,501,600,8,-0.0187722,-0.00522711
Model5,3pop,18,601,700,12,0.0135697,0.0166966
Model5,3pop,18,701,800,16,-0.0154973,-0.00191805
Model5,3pop,18,801,900,10,-0.0265012,-0.0106631
Model5,3pop,18,901,1000,10,0.00878294,0.0257951
Model5,3pop,3,1,100,16,-0.0248331,-0.0136474
Model5,3pop,3,101,200,10,-0.020169,-0.0102316
Model5,3pop,3,201,300,6,0.0178023,0.0113757
Model5,3pop,3,301,400,13,-0.0116598,-0.00866635
Model5,3pop,3,401,500,13,-0.0266802,-0.0113788
Model5,3pop,3,501,600,13,-0.0107243,-0.00511416
Model5,3pop,3,601,700,13,-0.00571743,0.00344275
Model5,3pop,3,701,800,8,-0.0145433,0.000435027
Model5,3pop,3,801,900,8,-0.0142119,-0.0125772
Model5,3pop,3,901,1000,8,-0.00760335,-0.000694642
Model5,3pop,7,1,100,5,0.0705355,0.0420671
Model5,3pop,7,101,200,6,-1.07336e-16,-1.07336e-16
Model5,3pop,7,201,300,9,0.0869293,0.0362417
Model5,3pop,7,301,400,9,0.182699,0.0744723
Model5,3pop,7,401,500,7,0.221252,0.151433
Model5,3pop,7,501,600,10,0.11306,0.0598977
Model5,3pop,7,601,700,8,0.0902052,0.0371005
Model5,3pop,7,701,800,8,0.184593,0.0992263
Model5,3pop,7,801,900,8,0.0540541,0.0300926
Model5,3pop,7,901,1000,7,0.0640394,0.0429279
Model5,3pop,6,1,100,10,0.0279251,0.034257
Model5,3pop,6,101,200,11,0.0909774,0.0743777
Model5,3pop,6,201,300,14,0.0234878,0.0323872
Model5,3pop,6,301,400,15,0.0628381,0.0524538
Model5,3pop,6,401,500,15,0.0587604,0.0711074
Model5,3pop,6,501,600,14,0.030459,0.0451581
Model5,3pop,6,601,700,12,0.0241035,0.0270239
Model5,3pop,6,701,800,11,0.003701,0.0313631
Model5,3pop,6,801,900,14,0.0682922,0.0629086
Model5,3pop,6,901,1000,14,0.00491642,0.0220081
Model5,3pop,2,1,100,13,-0.00685571,-0.00150154
Model5,3pop,2,101,200,9,0.000912787,0.00923442
Model5,3pop,2,201,300,15,-0.0105778,-0.00135217
Model5,3pop,2,301,400,17,-0.00299057,0.00457544
Model5,3pop,2,401,500,17,-0.00144439,0.0137601
Model5,3pop,2,501,600,17,-0.00389442,0.000347105
Model5,3pop,2,601,700,13,0.00475521,0.0155814
Model5,3pop,2,701,800,12,0.00840336,0.0230432
Model5,3pop,2,801,900,8,-0.0147256,-0.00592343
Model5,3pop,2,901,1000,14,-0.014928,-0.00360118
Model5,3pop,17,1,100,10,0.0994493,0.0472478
Model5,3pop,17,101,200,7,0.0138889,0.00793651
Model5,3pop,17,201,300,10,0.0711024,0.0369041
Model5,3pop,17,301,400,10,0.0429846,0.0259784
Model5,3pop,17,401,500,12,0.0711444,0.0411711
Model5,3pop,17,501,600,10,0.105795,0.0679346
Model5,3pop,17,601,700,8,0.106812,0.0834185
Model5,3pop,17,701,800,6,0.093702,0.0272708
Model5,3pop,17,801,900,10,0.0280096,0.0209564
Model5,3pop,17,901,1000,9,0.0797042,0.0455852
Model5,3pop,1,1,100,12,-0.0216778,-0.014038
Model5,3pop,1,101,200,7,0.0120968,0.0115377
Model5,3pop,1,201,300,13,-0.001295,0.00102546
Model5,3pop,1,301,400,14,-0.0122127,0.003403
Model5,3pop,1,401,500,17,-0.000984114,0.0138075
Model5,3pop,1,501,600,11,-0.00645485,0.0213217
Model5,3pop,1,601,700,14,-0.018018,0.000787789
Model5,3pop,1,701,800,17,-0.0056812,0.010156
Model5,3pop,1,801,900,16,-0.00494808,-0.000843886
Model5,3pop,1,901,1000,9,0.0118662,0.0225924
Model5,3pop,19,1,100,20,-0.0214836,-0.0121013
Model5,3pop,19,101,200,22,-0.0133408,-0.00518241
Model5,3pop,19,201,300,13,-0.0267123,-0.0182388
Model5,3pop,19,301,400,20,-0.0214703,-0.00654131
Model5,3pop,19,401,500,20,0.0103922,0.0238002
Model5,3pop,19,501,600,16,-0.0136948,-0.00449215
Model5,3pop,19,601,700,22,-0.0203006,-0.0121268
Model5,3pop,19,701,800,17,-0.0152093,-0.00760301
Model5,3pop,19,801,900,19,-0.00708828,0.000441102
Model5,3pop,19,901,1000,18,-0.0107676,-0.00115997
Model5,3pop,18,1,100,22,0.031754,0.0257871
Model5,3pop,18,101,200,21,0.0349206,0.0264719
Model5,3pop,18,201,300,31,0.0380178,0.0352147
Model5,3pop,18,301,400,20,0.0388548,0.0339725
Model5,3pop,18,401,500,21,0.0315355,0.0184502
Model5,3pop,18,501,600,34,0.0381574,0.0327588
Model5,3pop,18,601,700,22,0.0283012,0.0219713
Model5,3pop,18,701,800,24,0.0377185,0.0283212
Model5,3pop,18,801,900,24,0.0376941,0.0272524
Model5,3pop,18,901,1000,21,0.0402709,0.0276003
Model5,3pop,14,1,100,15,0.0142074,0.0131874
Model5,3pop,14,101,200,12,0.00474366,0.00605437
Model5,3pop,14,201,300,17,0.0274094,0.0288016
Model5,3pop,14,301,400,9,0.0323657,0.0220615
Model5,3pop,14,401,500,13,0.0194372,0.0323422
Model5,3pop,14,501,600,10,0.0206954,0.0231737
Model5,3pop,14,601,700,23,0.012056,0.0111694
Model5,3pop,14,701,800,14,0.00578273,0.0121892
Model5,3pop,14,801,900,12,0.00612189,0.0118018
Model5,3pop,14,901,1000,19,0.00417805,0.0145556
Model5,3pop,0,1,100,9,0.0250462,0.0258707
Model5,3pop,0,101,200,10,-0.0110529,0.0098013
Model5,3pop,0,201,300,7,0.00245193,0.0103335
Model5,3pop,0,301,400,7,-0.00790779,0.0095969
Model5,3pop,0,401,500,15,0.0266667,0.0206479
Model5,3pop,0,501,600,14,0.0102308,0.0167995
Model5,3pop,0,601,700,9,0.0496157,0.0514378
Model5,3pop,0,701,800,6,0.00156006,0.00872945
Model5,3pop,0,801,900,2,0.0416008,0.0469461
Model5,3pop,0,901,1000,7,0.00426386,0.0103633
Model5,3pop,11,1,100,14,0.153327,0.101404
Model5,3pop,11,101,200,9,0.16462,0.124199
Model5,3pop,11,201,300,14,0.159905,0.0757759
Model5,3pop,11,301,400,4,0.224409,0.171939
Model5,3pop,11,401,500,19,0.167254,0.100852
Model5,3pop,11,501,600,16,0.151156,0.0945549
Model5,3pop,11,601,700,11,0.142376,0.097563
Model5,3pop,11,701,800,16,0.197192,0.146479
Model5,3pop,11,801,900,12,0.154122,0.118011
Model5,3pop,11,901,1000,11,0.195671,0.124208
Model5,3pop,1,1,100,14,-0.0155226,-0.00672986
Model5,3pop,1,101,200,16,-0.0172086,-0.0100087
Model5,3pop,1,201,300,17,-0.0257529,-0.0118276
Model5,3pop,1,301,400,8,-0.0186014,-0.00496945
Model5,3pop,1,401,500,16,-0.00364015,0.00890756
Model5,3pop,1,501,600,20,-0.0346406,-0.0180703
Model5,3pop,1,601,700,16,-0.0179211,-0.00132366
Model5,3pop,1,701,800,11,-0.00681909,0.00966663
Model5,3pop,1,801,900,17,-0.0234423,-0.0139468
Model5,3pop,1,901,1000,13,-0.0250849,-0.0151649
Model5,3pop,5,1,100,12,0.222975,0.180325
Model5,3pop,5,101,200,15,0.116884,0.0679782
Model5,3pop,5,201,300,17,0.183345,0.109688
Model5,3pop,5,301,400,17,0.152954,0.123344
Model5,3pop,5,401,500,8,0.134355,0.068504
Model5,3pop,5,501,600,17,0.219643,0.129862
Model5,3pop,5,601,700,12,0.140176,0.0844904
Model5,3pop,5,701,800,10,0.173882,0.12772
Model5,3pop,5,801,900,17,0.177484,0.109007
Model5,3pop,5,901,1000,14,0.250785,0.176376
Model5,3pop,16,1,100,10,-0.00694444,-0.00243517
Model5,3pop,16,101,200,17,-0.0352227,-0.0225888
Model5,3pop,16,201,300,13,-0.0274791,-0.0103534
Model5,3pop,16,301,400,17,-0.034188,-0.0213367
Model5,3pop,16,401,500,17,-0.0199005,-0.0103377
Model5,3pop,16,501,600,10,-0.0214673,-0.00546794
Model5,3pop,16,601,700,9,-0.031746,-0.0257686
Model5,3pop,16,701,800,11,-0.0237939,-0.0172951
Model5,3pop,16,801,900,14,-0.0196334,-0.0138569
Model5,3pop,16,901,1000,17,-0.033458,-0.011276
Model5,3pop,8,1,100,7,-0.00711549,0.0116144
Model5,3pop,8,101,200,13,-0.0294547,-0.009947
Model5,3pop,8,201,300,5,-0.0326087,-0.0133066
Model5,3pop,8,301,400,8,-0.0247402,-0.0120795
Model5,3pop,8,401,500,14,-0.028407,-0.0110148
Model5,3pop,8,501,600,11,-0.0338849,-0.0140275
Model5,3pop,8,601,700,13,-0.0338681,-0.0085921
Model5,3pop,8,701,800,13,-0.00104822,0.0055142
Model5,3pop,8,801,900,10,-0.0298618,-0.0110751
Model5,3pop,8,901,1000,13,-0.0390852,-0.0239488
Model5,3pop,3,1,100,16,0.0316186,0.0210135
Model5,3pop,3,101,200,13,0.0222772,0.0210194
Model5,3pop,3,201,300,12,0.00479616,0.0139013
Model5,3pop,3,301,400,7,0.0288168,0.0460699
Model5,3pop,3,401,500,16,0.018293,0.0288579
Model5,3pop,3,501,600,12,0.0354013,0.0362295
Model5,3pop,3,601,700,14,0.0168596,0.0280932
Model5,3pop,3,701,800,12,0.0638991,0.0601404
Model5,3pop,3,801,900,12,0.0100096,0.0108766
Model5,3pop,3,901,1000,13,0.00543901,0.00995387
Model5,3pop,12,1,100,9,0.0714841,0.0529963
Model5,3pop,12,101,200,10,0.0778534,0.0444444
Model5,3pop,12,201,300,10,0.0456199,0.0269479
Model5,3pop,12,301,400,11,0.0286094,0.0272682
Model5,3pop,12,401,500,10,0.0676624,0.0381755
Model5,3pop,12,501,600,10,0.0272445,0.0220582
Model5,3pop,12,601,700,13,0.0703301,0.0454649
Model5,3pop,12,701,800,10,0.0252058,0.0155943
Model5,3pop,12,801,900,19,0.0468004,0.0355687
Model5,3pop,12,901,1000,8,0.0856334,0.062252
Model5,3pop,7,1,100,10,0.0839243,0.0450228
Model5,3pop,7,101,200,12,0.0533911,0.0238547
Model5,3pop,7,201,300,14,0.0955781,0.0726098
Model5,3pop,7,301,400,20,0.0726892,0.0545492
Model5,3pop,7,401,500,20,0.0440521,0.033819
Model5,3pop,7,501,600,20,0.0714402,0.0478422
Model5,3pop,7,601,700,17,0.0435377,0.0304
Model5,3pop,7,701,800,20,0.089989,0.0604816
Model5,3pop,7,801,900,13,0.0609363,0.0501703
Model5,3pop,7,901,1000,14,0.0273451,0.0359011
Model5,3pop,7,1,100,10,0.0204082,0.0244287
Model5,3pop,7,101,200,11,-0.0287799,-0.0110309
Model5,3pop,7,201,300,3,0.031339,0.015873
Model5,3pop,7,301,400,5,0.111111,0.104527
Model5,3pop,7,401,500,12,-0.00456621,0.0138069
Model5,3pop,7,501,600,7,0.0328715,0.0302825
Model5,3pop,7,601,700,7,0.047047,0.0145027
Model5,3pop,7,701,800,7,0.0265361,0.0123572
Model5,3pop,7,801,900,14,-0.0110585,0.00753064
Model5,3pop,7,901,1000,9,0.0611187,0.0471919
Model5,3pop,13,1,100,17,0.0183358,0.016157
Model5,3pop,13,101,200,28,0.017583,0.0108283
Model5,3pop,13,201,300,13,0.036721,0.0266004
Model5,3pop,13,301,400,25,0.0247661,0.0151185
Model5,3pop,13,401,500,21,0.0264624,0.0293218
Model5,3pop,13,501,600,16,0.017622,0.00860918
Model5,3pop,13,601,700,16,0.0166946,0.0122283
Model5,3pop,13,701,800,19,0.0255596,0.0118352
Model5,3pop,13,801,900,19,0.0205237,0.0106048
Model5,3pop,13,901,1000,23,0.0200383,0.0103941
Model5,3pop,17,1,100,8,0.117384,0.107316
Model5,3pop,17,101,200,8,0.10972,0.0697115
Model5,3pop,17,201,300,14,0.0257,0.0358922
Model5,3pop,17,301,400,11,0.0970596,0.0710651
Model5,3pop,17,401,500,13,0.0946984,0.0457109
Model5,3pop,17,501,600,19,0.0595089,0.0514434
Model5,3pop,17,601,700,10,0.0560312,0.043985
Model5,3pop,17,701,800,13,0.109324,0.0742207
Model5,3pop,17,801,900,14,0.0842288,0.054599
Model5,3pop,17,901,1000,7,0.0674603,0.0507588
Model5,3pop,10,1,100,17,-0.015764,0.00275045
Model5,3pop,10,101,200,16,-0.000619136,-0.00511725
Model5,3pop,10,201,300,16,-0.0243367,-0.0195856
Model5,3pop,10,301,400,19,-0.00737585,-0.00455094
Model5,3pop,10,401,500,12,0.0209904,0.00899049
Model5,3pop,10,501,600,16,-0.0337614,-0.022765
Model5,3pop,10,601,700,17,-0.0342381,-0.0227915
Model5,3pop,10,701,800,18,0.0550595,0.0364574
Model5,3pop,10,801,900,19,4.77076e-05,-0.00232566
Model5,3pop,10,901,1000,16,-0.0290334,-0.013546
Model5,3pop,16,1,100,10,0.0374484,0.0156492
Model5,3pop,16,101,200,13,0.0705694,0.0595975
Model5,3pop,16,201,300,17,0.0473117,0.0465028
Model5,3pop,16,301,400,14,0.0693357,0.0446807
Model5,3pop,16,401,500,16,0.0411678,0.0227748
Model5,3pop,16,501,600,9,0.0652317,0.0533655
Model5,3pop,16,601,700,15,0.0625055,0.0579658
Model5,3pop,16,701,800,8,0.0441176,0.0233955
Model5,3pop,16,801,900,9,0.0692432,0.0409143
Model5,3pop,16,901,1000,13,0.0198279,0.00981099
Model5,3pop,9,1,100,12,0.0341816,0.0197085
Model5,3pop,9,101,200,12,0.011335,0.0114978
Model5,3pop,9,201,300,12,0.0226719,0.0340838
Model5,3pop,9,301,400,7,0.00735294,0.0128304
Model5,3pop,9,401,500,13,0.0780035,0.0570321
Model5,3pop,9,501,600,10,0.0451389,0.0325058
Model5,3pop,9,601,700,12,0.0503472,0.0454136
Model5,3pop,9,701,800,16,0.00492264,0.0146499
Model5,3pop,9,801,900,14,0.00226757,0.00272149
Model5,3pop,9,901,1000,19,0.0108055,0.00920429
Model5,3pop,2,1,100,15,0.145848,0.0807613
Model5,3pop,2,101,200,12,0.0385786,0.0294564
Model5,3pop,2,201,300,14,0.0228922,0.0230228
Model5,3pop,2,301,400,15,0.0130218,0.00756812
Model5,3pop,2,401,500,13,0.000524934,-0.00226008
Model5,3pop,2,501,600,15,0.0414329,0.0332988
Model5,3pop,2,601,700,8,0.00118203,0.00355623
Model5,3pop,2,701,800,11,0.00713061,0.00341429
Model5,3pop,2,801,900,15,0.00332917,-0.00101403
Model5,3pop,2,901,1000,11,0.0150412,0.0133907
Model5,3pop,8,1,100,13,0.143743,0.120176
Model5,3pop,8,101,200,14,0.0945293,0.0677492
Model5,3pop,8,201,300,16,0.141346,0.0987008
Model5,3pop,8,301,400,11,0.0968733,0.0801263
Model5,3pop,8,401,500,14,0.0924512,0.0816475
Model5,3pop,8,501,600,16,0.125674,0.111009
Model5,3pop,8,601,700,14,0.113145,0.0890306
Model5,3pop,8,701,800,7,0.104938,0.113274
Model5,3pop,8,801,900,15,0.0614742,0.0400064
Model5,3pop,8,901,1000,20,0.0994716,0.0914307
Model5,3pop,13,1,100,10,-0.0402752,-0.0290207
Model5,3pop,13,101,200,16,-0.0380448,-0.0262464
Model5,3pop,13,201,300,10,-0.0401255,-0.0332793
Model5,3pop,13,301,400,12,-0.00307265,0.00362653
Model5,3pop,13,401,500,12,-0.0288809,-0.0102263
Model5,3pop,13,501,600,11,-0.0310599,-0.0173449
Model5,3pop,13,601,700,7,0.0397185,0.00740822
Model5,3pop,13,701,800,7,-0.0383216,-0.0181293
Model5,3pop,13,801,900,7,-0.0401523,-0.0175869
Model5,3pop,13,901,1000,13,-0.037253,-0.0195789
Model5,3pop,18,1,100,8,0.0606379,0.0372024
Model5,3pop,18,101,200,12,0.0556192,0.0309768
Model5,3pop,18,201,300,10,0.0376442,0.0304842
Model5,3pop,18,301,400,5,0.0454372,0.0298895
Model5,3pop,18,401,500,6,0.0254707,0.022787
Model5,3pop,18,501,600,8,0.0886392,0.0554298
Model5,3pop,18,601,700,7,0.0381944,0.0400308
Model5,3pop,18,701,800,5,0.0553857,0.0462259
Model5,3pop,18,801,900,5,0.00311526,0.00784683
Model5,3pop,18,901,1000,5,0.0586718,0.0403718
Model5,3pop,4,1,100,22,0.147734,0.120493
Model5,3pop,4,101,200,19,0.126019,0.0616683
Model5,3pop,4,201,300,20,0.142982,0.0939058
Model5,3pop,4,301,400,20,0.125328,0.0896169
Model5,3pop,4,401,500,15,0.137445,0.101661
Model5,3pop,4,501,600,27,0.148256,0.118911
Model5,3pop,4,601,700,20,0.16046,0.133639
Model5,3pop,4,701,800,15,0.139659,0.113513
Model5,3pop,4,801,900,19,0.12807,0.0995757
Model5,3pop,4,901,1000,18,0.150274,0.10522
Model5,3pop,8,1,100,13,0.0519367,0.0243581
Model5,3pop,8,101,200,12,0.0436006,0.0256848
Model5,3pop,8,201,300,14,0.0236502,0.014052
Model5,3pop,8,301,400,14,0.07431,0.0510241
Model5,3pop,8,401,500,16,0.0765269,0.0568258
Model5,3pop,8,501,600,14,0.0588071,0.0401559
Model5,3pop,8,601,700,7,0.0676054,0.043973
Model5,3pop,8,701,800,8,0.0411403,0.00989806
Model5,3pop,8,801,900,14,0.0328121,0.0332499
Model5,3pop,8,901,1000,10,0.0671162,0.0394144
Model5,3pop,7,1,100,12,-0.00111857,0.0142139
Model5,3pop,7,101,200,8,0.0130319,0.0120523
Model5,3pop,7,201,300,9,0.0161354,0.0159962
Model5,3pop,7,301,400,12,0.00444444,0.0217584
Model5,3pop,7,401,500,10,0.030238,0.0271489
Model5,3pop,7,501,600,14,-0.00654595,0.0126524
Model5,3pop,7,601,700,8,0.00238949,0.018651
Model5,3pop,7,701,800,13,0.0139428,0.0257314
Model5,3pop,7,801,900,12,0.0139671,0.013601
Model5,3pop,7,901,1000,9,0.0192644,0.0161159
Model5,3pop,3,1,100,12,-0.0144928,-0.00778795
Model5,3pop,3,101,200,6,-0.0176078,-0.00454811
Model5,3pop,3,201,300,10,-0.0205383,-0.00791674
Model5,3pop,3,301,400,7,-0.00960219,-0.00904244
Model5,3pop,3,401,500,14,-0.012025,-0.00489747
Model5,3pop,3,501,600,13,-0.0106383,0.000179564
Model5,3pop,3,601,700,9,-0.00389864,0.0079567
Model5,3pop,3,701,800,10,0.0110427,0.0138746
Model5,3pop,3,801,900,13,-0.0050746,0.00448752
Model5,3pop,3,901,1000,5,-0.0295208,-0.0195894
Model5,3pop,19,1,100,18,0.056256,0.0375787
Model5,3pop,19,101,200,13,0.0586105,0.0460219
Model5,3pop,19,201,300,11,0.0698516,0.0597936
Model5,3pop,19,301,400,10,0.0722294,0.0633465
Model5,3pop,19,401,500,12,0.0773764,0.051173
Model5,3pop,19,501,600,14,0.102724,0.0768893
Model5,3pop,19,601,700,21,0.10874,0.0812572
Model5,3pop,19,701,800,16,0.0700597,0.0539072
Model5,3pop,19,801,900,14,0.0850865,0.0640577
Model5,3pop,19,901,1000,20,0.0738423,0.0600215
Model5,3pop,15,1,100,10,0.0296407,0.0344282
Model5,3pop,15,101,200,6,0.0752755,0.0391673
Model5,3pop,15,201,300,9,0.0809328,0.0320477
Model5,3pop,15,301,400,11,0.080512,0.0366961
Model5,3pop,15,401,500,12,0.107981,0.0532411
Model5,3pop,15,501,600,11,0.0941105,0.0536433
Model5,3pop,15,601,700,6,0.0495939,0.00730184
Model5,3pop,15,701,800,17,0.122122,0.0688661
Model5,3pop,15,801,900,11,0.100102,0.0600816
Model5,3pop,15,901,1000,16,0.103676,0.0579737
Model5,3pop,11,1,100,9,0.117962,0.0816507
Model5,3pop,11,101,200,9,0.0722457,0.0471513
Model5,3pop,11,201,300,11,0.0558767,0.0244975
Model5,3pop,11,301,400,10,0.0719072,0.0352713
Model5,3pop,11,401,500,10,0.113256,0.0931655
Model5,3pop,11,501,600,16,0.0679046,0.0428571
Model5,3pop,11,601,700,12,0.0647683,0.048988
Model5,3pop,11,701,800,12,0.134462,0.0957528
Model5,3pop,11,801,900,9,0.0962031,0.0760612
Model5,3pop,11,901,1000,11,0.0569561,0.0301537
Model5,3pop,8,1,100,15,0.0217186,0.0293299
Model5,3pop,8,101,200,18,0.0603833,0.050388
Model5,3pop,8,201,300,13,0.0265487,0.028864
Model5,3pop,8,301,400,11,0.0731795,0.0598759
Model5,3pop,8,401,500,17,0.0734847,0.0464316
Model5,3pop,8,501,600,15,0.0334981,0.031243
Model5,3pop,8,601,700,15,0.0108085,0.0131998
Model5,3pop,8,701,800,12,0.021594,0.0212785
Model5,3pop,8,801,900,19,0.0278345,0.0232714
Model5,3pop,8,901,1000,12,0.0429505,0.0518339
Model5,3pop,1,1,100,16,0.0704832,0.0461536
Model5,3pop,1,101,200,16,0.0835135,0.0581683
Model5,3pop,1,201,300,15,0.047915,0.023597
Model5,3pop,1,301,400,10,0.0691871,0.0368669
Model5,3pop,1,401,500,17,0.0736329,0.0435408
Model5,3pop,1,501,600,12,0.0626215,0.0324522
Model5,3pop,1,601,700,17,0.0386409,0.0179894
Model5,3pop,1,701,800,16,0.0699842,0.0363922
Model5,3pop,1,801,900,14,0.0563312,0.0394081
Model5,3pop,1,901,1000,16,0.0805265,0.0418664
Model5,3pop,6,1,100,19,0.0164235,0.0187969
Model5,3pop,6,101,200,14,0.0420496,0.0312074
Model5,3pop,6,201,300,11,0.0386393,0.0255709
Model5,3pop,6,301,400,15,0.023569,0.0225017
Model5,3pop,6,401,500,18,0.0307492,0.0299917
Model5,3pop,6,501,600,14,0.0145444,0.0176276
Model5,3pop,6,601,700,5,0.00266279,0.0129154
Model5,3pop,6,701,800,14,0.0213278,0.0267116
Model5,3pop,6,801,900,17,0.0260386,0.0204735
Model5,3pop,6,901,1000,21,0.034463,0.0402416
Model5,3pop,1,1,100,10,0.040404,0.0354817
Model5,3pop,1,101,200,10,0.00241546,0.0111842
Model5,3pop,1,201,300,13,0.0338164,0.0250144
Model5,3pop,1,301,400,12,0.125908,0.0750532
Model5,3pop,1,401,500,10,0.0493167,0.0436629
Model5,3pop,1,501,600,9,0.0391035,0.0436275
Model5,3pop,1,601,700,11,0.153962,0.0940778
Model5,3pop,1,701,800,4,0.0242165,0.0292134
Model5,3pop,1,801,900,13,0.116252,0.0780248
Model5,3pop,1,901,1000,7,0.154772,0.040856
Model5,3pop,8,1,100,8,0.064167,0.0465448
Model5,3pop,8,101,200,14,0.153729,0.0903482
Model5,3pop,8,201,300,8,0.0854321,0.0646045
Model5,3pop,8,301,400,16,0.0835438,0.0476007
Model5,3pop,8,401,500,14,0.130293,0.0772491
Model5,3pop,8,501,600,4,0.091318,0.0435147
Model5,3pop,8,601,700,13,0.0904101,0.0653475
Model5,3pop,8,701,800,13,0.149901,0.0730712
Model5,3pop,8,801,900,17,0.0907118,0.0738865
Model5,3pop,8,901,1000,15,0.0982287,0.0623165
Model5,3pop,11,1,100,16,0.15856,0.119617
Model5,3pop,11,101,200,10,0.136637,0.0858217
Model5,3pop,11,201,300,10,0.211906,0.168552
Model5,3pop,11,301,400,11,0.0741961,0.0343763
Model5,3pop,11,401,500,11,0.106927,0.0698732
Model5,3pop,11,501,600,10,0.17427,0.133115
Model5,3pop,11,601,700,8,0.153439,0.0721875
Model5,3pop,11,701,800,9,0.153046,0.114031
Model5,3pop,11,801,900,11,0.166667,0.0799699
Model5,3pop,11,901,1000,14,0.170606,0.105274
Model5,3pop,3,1,100,18,0.0180879,0.0139444
Model5,3pop,3,101,200,16,0.0291759,0.0209187
Model5,3pop,3,201,300,14,0.0400077,0.0163609
Model5,3pop,3,301,400,11,0.00852295,0.00987241
Model5,3pop,3,401,500,20,0.0133027,0.0130754
Model5,3pop,3,501,600,13,0.0345025,0.0237044
Model5,3pop,3,601,700,20,0.0753504,0.0632839
Model5,3pop,3,701,800,18,0.0533196,0.0481184
Model5,3pop,3,801,900,17,0.0207834,0.0123798
Model5,3pop,3,901,1000,21,0.0568589,0.0518971
Model5,3pop,8,1,100,24,0.0688498,0.0635797
Model5,3pop,8,101,200,25,0.0522055,0.0444934
Model5,3pop,8,201,300,23,0.0685435,0.052355
Model5,3pop,8,301,400,21,0.0745622,0.0664491
Model5,3pop,8,401,500,27,0.0716087,0.0648364
Model5,3pop,8,501,600,32,0.0718417,0.0668284
Model5,3pop,8,601,700,24,0.0765479,0.0625673
Model5,3pop,8,701,800,27,0.0628322,0.0568173
Model5,3pop,8,801,900,29,0.076208,0.0697864
Model5,3pop,8,901,1000,19,0.0658971,0.0672139
Model5,3pop,0,1,100,6,0.0666667,0.0230561
Model5,3pop,0,101,200,9,0.0981766,0.0692408
Model5,3pop,0,201,300,11,0.105509,0.0435808
Model5,3pop,0,301,400,6,0.145299,0.080262
Model5,3pop,0,401,500,6,0.047619,0.0104236
Model5,3pop,0,501,600,12,0.0986438,0.0430094
Model5,3pop,0,601,700,9,0.130071,0.0821011
Model5,3pop,0,701,800,5,0.129809,0.0707072
Model5,3pop,0,801,900,8,0.0725734,0.0333359
Model5,3pop,0,901,1000,10,0.107191,0.0513135
Model5,3pop,16,1,100,14,0.0107105,0.0245561
Model5,3pop,16,101,200,10,-0.0128979,0.00375574
Model5,3pop,16,201,300,10,-0.0173074,-0.00196359
Model5,3pop,16,301,400,6,-0.0380856,-0.0210304
Model5,3pop,16,401,500,11,-0.00611189,-0.000431387
Model5,3pop,16,501,600,9,-0.0109416,-0.00384827
Model5,3pop,16,601,700,15,-0.0151753,0.00083247
Model5,3pop,16,701,800,13,-0.0232701,-0.00393478
Model5,3pop,16,801,900,11,0.0214067,0.0317311
Model5,3pop,16,901,1000,11,-0.00787642,0.0127828
Model5,3pop,11,1,100,14,0.142874,0.0719511
Model5,3pop,11,101,200,14,0.170386,0.0773402
Model5,3pop,11,201,300,14,0.143581,0.0818967
Model5,3pop,11,301,400,5,0.141511,0.0761739
Model5,3pop,11,401,500,8,0.145993,0.104054
Model5,3pop,11,501,600,16,0.0964482,0.0594145
Model5,3pop,11,601,700,12,0.161252,0.106053
Model5,3pop,11,701,800,13,0.128491,0.0773225
Model5,3pop,11,801,900,13,0.0907731,0.0517365
Model5,3pop,11,901,1000,14,0.170949,0.0955652
Model5,3pop,15,1,100,32,0.0515185,0.043436
Model5,3pop,15,101,200,33,0.0455628,0.0315462
Model5,3pop,15,201,300,17,0.0527352,0.0399363
Model5,3pop,15,301,400,21,0.0418137,0.0188671
Model5,3pop,15,401,500,22,0.0414526,0.0287041
Model5,3pop,15,501,600,26,0.0440731,0.0314231
Model5,3pop,15,601,700,22,0.0602645,0.0442513
Model5,3pop,15,701,800,32,0.0427036,0.0296143
Model5,3pop,15,801,900,24,0.038933,0.0189248
Model5,3pop,15,901,1000,20,0.0314049,0.0210278
Model5,3pop,5,1,100,19,0.0366832,0.0297517
Model5,3pop,5,101,200,18,0.0432718,0.0377386
Model5,3pop,5,201,300,22,0.0366251,0.0296461
Model5,3pop,5,301,400,15,0.0458207,0.0423824
Model5,3pop,5,401,500,14,0.0356394,0.0311191
Model5,3pop,5,501,600,16,0.0459797,0.0387348
Model5,3pop,5,601,700,10,0.0469177,0.0318439
Model5,3pop,5,701,800,14,0.0529926,0.0569835
Model5,3pop,5,801,900,12,0.0438877,0.030127
Model5,3pop,5,901,1000,12,0.0377084,0.0262274
Model5,3pop,17,1,100,18,-0.00261202,0.00195344
Model5,3pop,17,101,200,18,-0.00190287,-0.000133005
Model5,3pop,17,201,300,21,0.020696,0.0154323
Model5,3pop,17,301,400,6,-0.00383142,-0.00360622
Model5,3pop,17,401,500,18,-0.00306513,0.00273155
Model5,3pop,17,501,600,16,-0.00327057,-0.00347459
Model5,3pop,17,601,700,9,-0.00743533,0.00205426
Model5,3pop,17,701,800,17,0.0351533,0.0110633
Model5,3pop,17,801,900,12,0.0391983,0.0135414
Model5,3pop,17,901,1000,13,-0.00474177,0.00238161
Model5,3pop,19,1,100,12,0.155683,0.123646
Model5,3pop,19,101,200,17,0.0823775,0.0566823
Model5,3pop,19,201,300,9,0.0377753,0.0303884
Model5,3pop,19,301,400,14,0.0107527,0.0181082
Model5,3pop,19,401,500,8,0.0810544,0.0572394
Model5,3pop,19,501,600,11,0.0605978,0.0382797
Model5,3pop,19,601,700,15,0.0606502,0.0349778
Model5,3pop,19,701,800,15,0.0787573,0.0532392
Model5,3pop,19,801,900,9,0.039039,0.0309178
Model5,3pop,19,901,1000,10,0.0985733,0.053138
Model5,3pop,4,1,100,10,0.0650016,0.0629613
Model5,3pop,4,101,200,11,0.0838207,0.0536415
Model5,3pop,4,201,300,10,0.0453413,0.0187112
Model5,3pop,4,301,400,10,0.0331754,0.0333238
Model5,3pop,4,401,500,7,0.0838207,0.0454489
Model5,3pop,4,501,600,5,0.128155,0.0707292
Model5,3pop,4,601,700,12,0.0720128,0.0322866
Model5,3pop,4,701,800,15,0.0861198,0.057444
Model5,3pop,4,801,900,6,0.121967,0.0913634
Model5,3pop,4,901,1000,13,0.0827701,0.0487767
Model5,3pop,0,1,100,19,0.0341143,0.00944311
Model5,3pop,0,101,200,14,0.102326,0.0582976
Model5,3pop,0,201,300,8,0.0516726,0.032577
Model5,3pop,0,301,400,13,0.0447562,0.0239799
Model5,3pop,0,401,500,9,-0.00675261,-0.00385565
Model5,3pop,0,501,600,8,0.0355456,0.00200552
Model5,3pop,0,601,700,8,0.101219,0.0545454
Model5,3pop,0,701,800,15,0.0894079,0.0424552
Model5,3pop,0,801,900,10,0.0207366,-0.000681726
Model5,3pop,0,901,1000,15,0.0429083,0.00877987
Model5,3pop,5,1,100,13,0.0557175,0.0453049
Model5,3pop,5,101,200,16,0.045356,0.0422048
Model5,3pop,5,201,300,23,0.0318743,0.0377059
Model5,3pop,5,301,400,23,0.0270316,0.0255346
Model5,3pop,5,401,500,17,0.0409606,0.0413755
Model5,3pop,5,501,600,16,0.0515978,0.0533304
Model5,3pop,5,601,700,15,0.0229568,0.0302463
Model5,3pop,5,701,800,23,0.0368451,0.025115
Model5,3pop,5,801,900,21,0.0272488,0.0284141
Model5,3pop,5,901,1000,13,0.0309026,0.0252437
Model5,3pop,13,1,100,11,0.261344,0.149603
Model5,3pop,13,101,200,12,0.269428,0.103927
Model5,3pop,13,201,300,16,0.275254,0.125854
Model5,3pop,13,301,400,14,0.195516,0.0705106
Model5,3pop,13,401,500,14,0.275273,0.105588
Model5,3pop,13,501,600,14,0.147541,0.0411482
Model5,3pop,13,601,700,10,0.321481,0.186074
Model5,3pop,13,701,800,13,0.159798,0.0768301
Model5,3pop,13,801,900,11,0.134805,0.0544807
Model5,3pop,13,901,1000,12,0.254521,0.165245
Model5,3pop,4,1,100,10,-0.00989654,-0.00853687
Model5,3pop,4,101,200,14,0.00568001,0.00551191
Model5,3pop,4,201,300,18,0.00499613,0.00223084
Model5,3pop,4,301,400,9,-0.00133374,0.00548834
Model5,3pop,4,401,500,17,-0.00429513,0.00730078
Model5,3pop,4,501,600,11,-0.00376238,0.0181663
Model5,3pop,4,601,700,11,-0.0209437,-0.0156987
Model5,3pop,4,701,800,13,-0.0231119,-0.0131736
Model5,3pop,4,801,900,9,-0.0194903,-0.0143837
Model5,3pop,4,901,1000,16,-0.00861009,-0.000658519
Model5,3pop,16,1,100,18,0.0676242,0.0514464
Model5,3pop,16,101,200,15,0.0473349,0.0506064
Model5,3pop,16,201,300,14,0.0447788,0.0342822
Model5,3pop,16,301,400,11,0.0418344,0.032213
Model5,3pop,16,401,500,9,0.0481117,0.0309518
Model5,3pop,16,501,600,11,0.04782,0.0346608
Model5,3pop,16,601,700,15,0.0417488,0.041603
Model5,3pop,16,701,800,15,0.055948,0.0504218
Model5,3pop,16,801,900,14,0.0449304,0.0439193
Model5,3pop,16,901,1000,8,0.0571676,0.0467047
Model5,3pop,1,1,100,10,0.111533,0.0735305
Model5,3pop,1,101,200,15,0.0219702,0.023435
Model5,3pop,1,201,300,11,0.035409,0.0387889
Model5,3pop,1,301,400,12,0.039702,0.0336238
Model5,3pop,1,401,500,9,0.0497319,0.0488495
Model5,3pop,1,501,600,8,-0.000735835,0.00770666
Model5,3pop,1,601,700,12,0.0974987,0.0808578
Model5,3pop,1,701,800,14,0.0186193,0.0294286
Model5,3pop,1,801,900,8,0.0767736,0.0383647
Model5,3pop,1,901,1000,13,0.047619,0.0378154
Model5,3pop,14,1,100,14,0.159614,0.130023
Model5,3pop,14,101,200,18,0.119245,0.0870012
Model5,3pop,14,201,300,18,0.147911,0.0747032
Model5,3pop,14,301,400,13,0.13239,0.0811377
Model5,3pop,14,401,500,18,0.147384,0.0919379
Model5,3pop,14,501,600,13,0.143846,0.112821
Model5,3pop,14,601,700,23,0.158409,0.114508
Model5,3pop,14,701,800,10,0.153439,0.130961
Model5,3pop,14,801,900,11,0.140045,0.103791
Model5,3pop,14,901,1000,19,0.160617,0.0964963
Model5,3pop,13,1,100,21,0.0929844,0.0718179
Model5,3pop,13,101,200,18,0.101582,0.0774573
Model5,3pop,13,201,300,18,0.0902261,0.0540715
Model5,3pop,13,301,400,11,0.110957,0.0962852
Model5,3pop,13,401,500,19,0.105083,0.0896041
Model5,3pop,13,501,600,16,0.114941,0.106519
Model5,3pop,13,601,700,19,0.0981832,0.0669125
Model5,3pop,13,701,800,12,0.0980333,0.0663925
Model5,3pop,13,801,900,16,0.101067,0.0788158
Model5,3pop,13,901,1000,15,0.0734936,0.0575033
Model5,3pop,16,1,100,16,0.0575999,0.0288418
Model5,3pop,16,101,200,4,0.0630182,0.0522399
Model5,3pop,16,201,300,11,0.0558694,0.0318386
Model5,3pop,16,301,400,16,0.0674603,0.0365283
Model5,3pop,16,401,500,3,0.0114379,0.00823045
Model5,3pop,16,501,600,3,0.0704832,0.0576643
Model5,3pop,16,601,700,11,0.0525949,0.024696
Model5,3pop,16,701,800,11,0.0441474,0.0265427
Model5,3pop,16,801,900,5,0.00252525,0.00294302
Model5,3pop,16,901,1000,12,0.041596,0.0266674
Model5,3pop,4,1,100,10,0.0143941,0.0540764
Model5,3pop,4,101,200,12,0.000938345,0.0265902
Model5,3pop,4,201,300,10,0.0121951,0.0456586
Model5,3pop,4,301,400,17,-0.013245,-0.00155784
Model5,3pop,4,401,500,13,0.00659247,0.0337632
Model5,3pop,4,501,600,15,-0.00315562,0.0206427
Model5,3pop,4,601,700,10,-0.0133876,0.011803
Model5,3pop,4,701,800,16,-0.00133674,0.0168492
Model5,3pop,4,801,900,7,-0.0196579,-0.0106824
Model5,3pop,4,901,1000,13,-0.0111582,0.00369544
Model5,3pop,2,1,100,11,-0.0105086,0.00273691
Model5,3pop,2,101,200,12,0.0413657,0.0668309
Model5,3pop,2,201,300,9,-0.0122921,0.00778503
Model5,3pop,2,301,400,7,-0.0306068,-0.026095
Model5,3pop,2,401,500,12,0.00852813,0.0324159
Model5,3pop,2,501,600,12,-0.00950783,0.0239898
Model5,3pop,2,601,700,17,0.00851756,0.0396046
Model5,3pop,2,701,800,18,0.0199378,0.0321364
Model5,3pop,2,801,900,13,-0.0115492,0.00861373
Model5,3pop,2,901,1000,13,-0.016128,0.00468031
Model5,3pop,15,1,100,14,-0.0073571,-0.00842841
Model5,3pop,15,101,200,15,0.0101678,0.00518877
Model5,3pop,15,201,300,14,0.0117826,-9.20596e-05
Model5,3pop,15,301,400,12,0.00435359,0.00416782
Model5,3pop,15,401,500,14,-0.0115355,-0.00600829
Model5,3pop,15,501,600,15,-0.000214638,-0.00995843
Model5,3pop,15,601,700,11,0.0227743,0.0218572
Model5,3pop,15,701,800,13,0.00854701,0.00291389
Model5,3pop,15,801,900,13,0.000206143,-0.000423303
Model5,3pop,15,901,1000,21,0.0602792,0.0177306
Model5,3pop,8,1,100,14,0.0427578,0.0308965
Model5,3pop,8,101,200,15,0.0300464,0.0172073
Model5,3pop,8,201,300,13,0.024111,0.0117444
Model5,3pop,8,301,400,17,0.0494,0.0458378
Model5,3pop,8,401,500,16,0.0186537,0.00707471
Model5,3pop,8,501,600,15,0.0323422,0.033005
Model5,3pop,8,601,700,9,0.0419452,0.0384186
Model5,3pop,8,701,800,12,0.0332921,0.0190653
Model5,3pop,8,801,900,13,0.0420393,0.031378
Model5,3pop,8,901,1000,18,0.0259551,0.0186876
Model5,3pop,12,1,100,9,0.16316,0.102033
Model5,3pop,12,101,200,7,0.11967,0.0900703
Model5,3pop,12,201,300,11,0.10485,0.0728234
Model5,3pop,12,301,400,9,0.052977,0.0360822
Model5,3pop,12,401,500,6,0.0544462,0.0450207
Model5,3pop,12,501,600,14,0.0917172,0.0579275
Model5,3pop,12,601,700,9,0.119624,0.0780423
Model5,3pop,12,701,800,9,0.0275913,0.0367662
Model5,3pop,12,801,900,6,0.154393,0.102081
Model5,3pop,12,901,1000,12,0.126741,0.0835254
Model5,3pop,10,1,100,11,0.0960064,0.0802776
Model5,3pop,10,101,200,15,0.107184,0.0947689
Model5,3pop,10,201,300,13,0.136243,0.12652
Model5,3pop,10,301,400,18,0.115541,0.110115
Model5,3pop,10,401,500,14,0.103383,0.100449
Model5,3pop,10,501,600,17,0.100952,0.0659215
Model5,3pop,10,601,700,12,0.105157,0.0893496
Model5,3pop,10,701,800,20,0.118662,0.0900659
Model5,3pop,10,801,900,17,0.0889814,0.0780723
Model5,3pop,10,901,1000,21,0.0970209,0.0889507
Model5,3pop,18,1,100,12,0.097785,0.0387292
Model5,3pop,18,101,200,9,0.0879897,0.0405152
Model5,3pop,18,201,300,14,0.110406,0.075282
Model5,3pop,18,301,400,11,0.0748757,0.0277212
Model5,3pop,18,401,500,9,0.0835449,0.0332531
Model5,3pop,18,501,600,8,0.0582831,0.0226186
Model5,3pop,18,601,700,10,0.101393,0.0597355
Model5,3pop,18,701,800,17,0.0730621,0.0301701
Model5,3pop,18,801,900,12,0.109705,0.0734394
Model5,3pop,18,901,1000,15,0.0875265,0.0441325
Model5,3pop,12,1,100,12,0.125635,0.0448728
Model5,3pop,12,101,200,10,0.163399,0.0847103
Model5,3pop,12,201,300,17,0.0811966,0.0564402
Model5,3pop,12,301,400,19,0.0603918,0.0360153
Model5,3pop,12,401,500,14,0.0826795,0.0491579
Model5,3pop,12,501,600,11,0.140244,0.100334
Model5,3pop,12,601,700,21,0.10501,0.0624752
Model5,3pop,12,701,800,17,0.0505051,0.0362683
Model5,3pop,12,801,900,14,0.105709,0.0532893
Model5,3pop,12,901,1000,16,0.071618,0.0506091
Model5,3pop,15,1,100,12,0.0484454,0.0351706
Model5,3pop,15,101,200,16,0.0603991,0.0299825
Model5,3pop,15,201,300,13,0.0728881,0.0380217
Model5,3pop,15,301,400,16,0.0808228,0.0579385
Model5,3pop,15,401,500,13,0.0708528,0.053409
Model5,3pop,15,501,600,14,0.0714332,0.0601121
Model5,3pop,15,601,700,13,0.0724766,0.047158
Model5,3pop,15,701,800,16,0.0848149,0.0634394
Model5,3pop,15,801,900,19,0.0683541,0.0350992
Model5,3pop,15,901,1000,12,0.048744,0.0285841
Model5,3pop,12,1,100,11,-0.0146425,-0.00591679
Model5,3pop,12,101,200,8,-0.00501032,0.00944693
Model5,3pop,12,201,300,10,-0.0236985,-0.00345805
Model5,3pop,12,301,400,17,-0.00898488,0.00863007
Model5,3pop,12,401,500,11,-0.0149408,-0.00686562
Model5,3pop,12,501,600,11,-0.00107554,0.0165749
Model5,3pop,12,601,700,9,-0.0203732,-0.00945002
Model5,3pop,12,701,800,11,-0.00573259,0.0101492
Model5,3pop,12,801,900,13,-0.00591558,0.012979
Model5,3pop,12,901,1000,15,-0.0168414,0.0015325
Model5,3pop,17,1,100,9,0.0926694,0.0552691
Model5,3pop,17,101,200,17,0.090241,0.0378452
Model5,3pop,17,201,300,14,0.0862471,0.0412138
Model5,3pop,17,301,400,9,0.129301,0.0934316
Model5,3pop,17,401,500,15,0.0950012,0.0597418
Model5,3pop,17,501,600,7,0.112353,0.069719
Model5,3pop,17,601,700,14,0.134754,0.0885741
Model5,3pop,17,701,800,9,0.0753462,0.0363797
Model5,3pop,17,801,900,14,0.115866,0.0803422
Model5,3pop,17,901,1000,12,0.0783318,0.0445829
Model5,3pop,6,1,100,13,0.0765731,0.0563978
Model5,3pop,6,101,200,16,0.0328152,0.0246869
Model5,3pop,6,201,300,11,0.0804598,0.0443632
Model5,3pop,6,301,400,17,0.117354,0.101919
Model5,3pop,6,401,500,15,0.0570018,0.0484729
Model5,3pop,6,501,600,16,0.0619137,0.0405221
Model5,3pop,6,601,700,13,0.0562815,0.0402077
Model5,3pop,6,701,800,11,0.0889338,0.0428656
Model5,3pop,6,801,900,14,0.0402576,0.0220339
Model5,3pop,6,901,1000,19,0.0947966,0.082652
Model5,3pop,10,1,100,21,-0.00318789,0.000167618
Model5,3pop,10,101,200,18,-0.0119295,-0.0141879
Model5,3pop,10,201,300,19,0.00394532,0.00700699
Model5,3pop,10,301,400,13,-0.003696,-0.00343153
Model5,3pop,10,401,500,28,-0.00491425,-0.00270026
Model5,3pop,10,501,600,11,-0.0111937,-0.0073044
Model5,3pop,10,601,700,16,0.0135948,0.0189047
Model5,3pop,10,701,800,15,0.00482816,0.00211545
Model5,3pop,10,801,900,25,0.000783649,0.0027787
Model5,3pop,10,901,1000,22,-0.00161906,0.00314982
Model5,3pop,11,1,100,15,0.0238458,0.0286082
Model5,3pop,11,101,200,12,0.000651042,0.0175472
Model5,3pop,11,201,300,13,0.0236094,0.0375032
Model5,3pop,11,301,400,10,0.00545964,0.0380686
Model5,3pop,11,401,500,9,-0.0185185,-0.00902365
Model5,3pop,11,501,600,15,0.02846,0.0349087
Model5,3pop,11,601,700,13,0.0146014,0.0292593
Model5,3pop,11,701,800,12,0.0216711,0.0294382
Model5,3pop,11,801,900,15,0.015078,0.0316096
Model5,3pop,11,901,1000,10,0.0161018,0.0217336
Model5,3pop,16,1,100,12,0.140585,0.0731906
Model5,3pop,16,101,200,13,0.0914957,0.0509722
Model5,3pop,16,201,300,11,0.146895,0.112347
Model5,3pop,16,301,400,10,0.11315,0.0616082
Model5,3pop,16,401,500,1,0.0555556,0.0555556
Model5,3pop,16,501,600,12,0.246575,0.0854293
Model5,3pop,16,601,700,12,0.136432,0.0625611
Model5,3pop,16,701,800,6,0.169524,0.0989383
Model5,3pop,16,801,900,14,0.0533308,0.0305065
Model5,3pop,16,901,1000,14,0.0873338,0.0827721
Model5,3pop,17,1,100,15,0.0298031,0.0461254
Model5,3pop,17,101,200,17,0.0948886,0.0909852
Model5,3pop,17,201,300,16,0.0745441,0.0679422
Model5,3pop,17,301,400,18,0.0152952,0.00659459
Model5,3pop,17,401,500,17,0.0306186,0.0283613
Model5,3pop,17,501,600,12,0.0670588,0.0649007
Model5,3pop,17,601,700,14,0.0612002,0.0708548
Model5,3pop,17,701,800,11,0.0560298,0.0423192
Model5,3pop,17,801,900,12,0.0386309,0.0433784
Model5,3pop,17,901,1000,9,0.0678063,0.0687487
Model5,3pop,15,1,100,16,-0.0238556,-0.0134418
Model5,3pop,15,101,200,11,-0.0277778,-0.0175662
Model5,3pop,15,201,300,9,-0.00791937,0.00945318
Model5,3pop,15,301,400,12,-0.0169915,-0.00433017
Model5,3pop,15,401,500,21,-0.0133964,-0.00938416
Model5,3pop,15,501,600,16,-0.0120009,-0.000210187
Model5,3pop,15,601,700,13,-0.0235945,-0.00640944
Model5,3pop,15,701,800,14,-0.0223883,-0.0116576
Model5,3pop,15,801,900,12,-0.021725,-0.00823372
Model5,3pop,15,901,1000,12,-0.0223447,-0.0123139
Model5,3pop,0,1,100,10,0.0507107,0.0445462
Model5,3pop,0,101,200,10,0.0140689,0.0339882
Model5,3pop,0,201,300,15,-0.00267278,0.0176735
Model5,3pop,0,301,400,13,0.0207156,0.050692
Model5,3pop,0,401,500,12,0.0506227,0.0501991
Model5,3pop,0,501,600,12,0.0217435,0.0225924
Model5,3pop,0,601,700,10,0.0398148,0.0484558
Model5,3pop,0,701,800,8,0.0157924,0.0449777
Model5,3pop,0,801,900,7,0.0762824,0.0698742
Model5,3pop,0,901,1000,7,0.0824157,0.0952246
Model5,3pop,4,1,100,8,0.0211392,0.0200986
Model5,3pop,4,101,200,11,0.00112233,0.00908164
Model5,3pop,4,201,300,10,0.0243902,0.017511
Model5,3pop,4,301,400,7,-0.000777001,0.00219942
Model5,3pop,4,401,500,14,0.017094,0.0205266
Model5,3pop,4,501,600,13,0.0308886,0.014793
Model5,3pop,4,601,700,9,0.0106369,-0.00264792
Model5,3pop,4,701,800,20,0.027068,0.0181639
Model5,3pop,4,801,900,11,0.0226503,0.0120863
Model5,3pop,4,901,1000,12,0.0352853,0.0350746
Model5,3pop,9,1,100,16,0.0880127,0.091261
Model5,3pop,9,101,200,16,0.0440874,0.0489565
Model5,3pop,9,201,300,19,0.0465803,0.0458319
Model5,3pop,9,301,400,14,0.0799717,0.0794921
Model5,3pop,9,401,500,8,0.0668461,0.0828784
Model5,3pop,9,501,600,19,0.0542136,0.0531814
Model5,3pop,9,601,700,12,0.0957324,0.106596
Model5,3pop,9,701,800,19,0.0606061,0.0615149
Model5,3pop,9,801,900,14,0.04151,0.037761
Model5,3pop,9,901,1000,17,0.0540265,0.0567434
Model5,3pop,19,1,100,10,0.0321637,0.0238366
Model5,3pop,19,101,200,20,0.00538346,0.00616615
Model5,3pop,19,201,300,20,0.0286513,0.0164189
Model5,3pop,19,301,400,17,0.0319865,0.031051
Model5,3pop,19,401,500,18,0.0355728,0.0351399
Model5,3pop,19,501,600,19,0.031317,0.033501
Model5,3pop,19,601,700,13,0.0304799,0.0425628
Model5,3pop,19,701,800,23,0.00648178,0.0106104
Model5,3pop,19,801,900,21,0.0549285,0.0375223
Model5,3pop,19,901,1000,14,0.0548181,0.0566794
Model5,3pop,12,1,100,7,0.0462727,0.034433
Model5,3pop,12,101,200,9,0.0398512,0.032654
Model5,3pop,12,201,300,13,0.0972638,0.0741684
Model5,3pop,12,301,400,14,0.0710252,0.0457012
Model5,3pop,12,401,500,6,0.105851,0.0753373
Model5,3pop,12,501,600,10,0.0426549,0.0382867
Model5,3pop,12,601,700,10,0.0855928,0.0768715
Model5,3pop,12,701,800,12,0.0606879,0.0469474
Model5,3pop,12,801,900,7,0.0645724,0.0645973
Model5,3pop,12,901,1000,14,0.0261233,0.00844718
Model5,3pop,8,1,100,9,0.0212595,0.0107873
Model5,3pop,8,101,200,15,0.050536,0.025956
Model5,3pop,8,201,300,11,0.132158,0.0406908
Model5,3pop,8,301,400,7,0.0446028,0.0297645
Model5,3pop,8,401,500,10,0.0253807,0.0122884
Model5,3pop,8,501,600,10,0.0499195,0.03127
Model5,3pop,8,601,700,10,0.0514541,0.0357991
Model5,3pop,8,701,800,10,0.042042,0.0244252
Model5,3pop,8,801,900,13,0.0251486,0.0114316
Model5,3pop,8,901,1000,15,0.0581936,0.0370664
Model5,3pop,0,1,100,11,0.011739,0.0172779
Model5,3pop,0,101,200,14,-0.000613874,0.0143195
Model5,3pop,0,201,300,13,0.125726,0.0662485
Model5,3pop,0,301,400,17,0.0812157,0.0395044
Model5,3pop,0,401,500,17,0.11636,0.0802972
Model5,3pop,0,501,600,13,0.161517,0.0927983
Model5,3pop,0,601,700,10,0.098982,0.0363386
Model5,3pop,0,701,800,12,0.0225817,0.0255796
Model5,3pop,0,801,900,14,0.00739553,0.0155992
Model5,3pop,0,901,1000,11,0.0287141,0.0283697
Model5,3pop,14,1,100,14,0.00320467,0.0041283
Model5,3pop,14,101,200,13,0.023581,0.0191506
Model5,3pop,14,201,300,11,-0.00932101,0.00245065
Model5,3pop,14,301,400,12,-0.0116941,0.00549354
Model5,3pop,14,401,500,14,0.0208699,0.0160019
Model5,3pop,14,501,600,10,0.020979,0.0274589
Model5,3pop,14,601,700,12,-0.00978609,0.0053013
Model5,3pop,14,701,800,12,0.0152599,0.0153697
Model5,3pop,14,801,900,8,0.0170339,0.0184111
Model5,3pop,14,901,1000,17,0.000841751,0.00694049
Model5,3pop,3,1,100,13,0.0486934,0.0435452
Model5,3pop,3,101,200,10,0.0670554,0.0393015
Model5,3pop,3,201,300,6,0.0248476,0.0177571
Model5,3pop,3,301,400,9,0.00324721,-7.00812e-05
Model5,3pop,3,401,500,15,0.0288489,0.0368353
Model5,3pop,3,501,600,10,0.0646259,0.0773768
Model5,3pop,3,601,700,7,0.10246,0.0554644
Model5,3pop,3,701,800,10,0.0321709,0.019442
Model5,3pop,3,801,900,15,0.0572391,0.0596736
Model5,3pop,3,901,1000,11,0.0340741,0.0181916
Model5,3pop,10,1,100,24,0.0853357,0.049313
Model5,3pop,10,101,200,16,0.0880815,0.0421073
Model5,3pop,10,201,300,15,0.046473,0.0265664
Model5,3pop,10,301,400,18,0.0539992,0.0398778
Model5,3pop,10,401,500,17,0.051979,0.0424827
Model5,3pop,10,501,600,16,0.030901,0.0160719
Model5,3pop,10,601,700,22,0.0381708,0.0324148
Model5,3pop,10,701,800,15,0.022607,0.0165658
Model5,3pop,10,801,900,18,0.038638,0.021647
Model5,3pop,10,901,1000,15,0.0694538,0.0319076
Model5,3pop,13,1,100,13,0.123105,0.106684
Model5,3pop,13,101,200,18,0.127941,0.100719
Model5,3pop,13,201,300,9,0.132229,0.100337
Model5,3pop,13,301,400,12,0.109455,0.0908738
Model5,3pop,13,401,500,21,0.161465,0.124355
Model5,3pop,13,501,600,19,0.135197,0.118278
Model5,3pop,13,601,700,24,0.130353,0.111272
Model5,3pop,13,701,800,16,0.137637,0.124765
Model5,3pop,13,801,900,14,0.121323,0.0964201
Model5,3pop,13,901,1000,19,0.138302,0.111326
Model5,3pop,9,1,100,14,0.00653595,0.0117695
Model5,3pop,9,101,200,11,0.000206143,0.0207295
Model5,3pop,9,201,300,15,-0.0128726,0.0120266
Model5,3pop,9,301,400,20,-0.00327538,0.0185404
Model5,3pop,9,401,500,16,0.00461645,0.0204091
Model5,3pop,9,501,600,16,0.0549329,0.0367689
Model5,3pop,9,601,700,18,-0.00411946,0.00424087
Model5,3pop,9,701,800,20,-0.00478469,0.00885403
Model5,3pop,9,801,900,13,0.00168815,0.0202738
Model5,3pop,9,901,1000,16,-0.0129544,0.010049
Model5,3pop,12,1,100,12,0.037037,0.0349206
Model5,3pop,12,101,200,13,0.0139035,0.0237598
Model5,3pop,12,201,300,10,0.0696649,0.0519053
Model5,3pop,12,301,400,7,0.0215012,0.0330142
Model5,3pop,12,401,500,10,0.03516,0.0435379
Model5,3pop,12,501,600,12,0.0472078,0.0437368
Model5,3pop,12,601,700,12,0.039886,0.0508608
Model5,3pop,12,701,800,8,0.0722478,0.0598411
Model5,3pop,12,801,900,9,0.0390987,0.0389873
Model5,3pop,12,901,1000,8,0.0737428,0.0670184
Model5,3pop,1,1,100,14,0.216059,0.138508
Model5,3pop,1,101,200,10,0.165428,0.0733253
Model5,3pop,1,201,300,11,0.19164,0.062283
Model5,3pop,1,301,400,13,0.220612,0.107867
Model5,3pop,1,401,500,12,0.22337,0.130531
Model5,3pop,1,501,600,11,0.179972,0.115495
Model5,3pop,1,601,700,17,0.205197,0.109382
Model5,3pop,1,701,800,13,0.202057,0.106831
Model5,3pop,1,801,900,13,0.248495,0.115166
Model5,3pop,1,901,1000,8,0.287052,0.22818
Model5,3pop,4,1,100,9,-0.0293862,-0.0223529
Model5,3pop,4,101,200,13,-0.0153338,-0.00102835
Model5,3pop,4,201,300,9,-0.0191993,-0.00460561
Model5,3pop,4,301,400,11,-0.0269151,-0.00967715
Model5,3pop,4,401,500,7,-0.0252544,-0.0180246
Model5,3pop,4,501,600,17,0.00505051,0.0191823
Model5,3pop,4,601,700,17,-0.0195496,-0.00384954
Model5,3pop,4,701,800,9,-0.01786,-0.00373733
Model5,3pop,4,801,900,7,-0.0107705,-0.000899923
Model5,3pop,4,901,1000,11,-0.0273693,-0.00782253
Model5,3pop,18,1,100,11,0.0828924,0.0610142
Model5,3pop,18,101,200,14,0.0905855,0.0605703
Model5,3pop,18,201,300,12,0.0753691,0.0550152
Model5,3pop,18,301,400,10,0.083561,0.039411
Model5,3pop,18,401,500,14,0.0911295,0.0603393
Model5,3pop,18,501,600,14,0.0876949,0.0624113
Model5,3pop,18,601,700,16,0.0974897,0.0818514
Model5,3pop,18,701,800,14,0.104451,0.0712147
Model5,3pop,18,801,900,14,0.0800909,0.0542378
Model5,3pop,18,901,1000,19,0.097208,0.0674092
Model5,3pop,16,1,100,14,0.221415,0.115187
Model5,3pop,16,101,200,19,0.210023,0.10634
Model5,3pop,16,201,300,11,0.226347,0.0987749
Model5,3pop,16,301,400,17,0.244247,0.121112
Model5,3pop,16,401,500,13,0.239477,0.127867
Model5,3pop,16,501,600,16,0.232829,0.17442
Model5,3pop,16,601,700,13,0.174061,0.0985449
Model5,3pop,16,701,800,14,0.259259,0.131209
Model5,3pop,16,801,900,11,0.261811,0.149734
Model5,3pop,16,901,1000,8,0.176857,0.0662836
Model5,3pop,15,1,100,18,0.105158,0.0704849
Model5,3pop,15,101,200,20,0.0639287,0.0326406
Model5,3pop,15,201,300,10,0.0315315,0.010142
Model5,3pop,15,301,400,19,0.0703364,0.0580894
Model5,3pop,15,401,500,20,0.0424717,0.0273567
Model5,3pop,15,501,600,17,0.0613444,0.0639807
Model5,3pop,15,601,700,16,0.0460157,0.0415374
Model5,3pop,15,701,800,10,0.0522624,0.0465194
Model5,3pop,15,801,900,14,0.0911741,0.0511452
Model5,3pop,15,901,1000,17,0.0113416,0.0203615
Model5,3pop,0,1,100,14,0.179146,0.129199
Model5,3pop,0,101,200,12,0.11623,0.10401
Model5,3pop,0,201,300,20,0.191219,0.108601
Model5,3pop,0,301,400,12,0.153882,0.134085
Model5,3pop,0,401,500,8,0.138546,0.0897829
Model5,3pop,0,501,600,9,0.128504,0.106616
Model5,3pop,0,601,700,11,0.160652,0.114702
Model5,3pop,0,701,800,14,0.187597,0.151858
Model5,3pop,0,801,900,17,0.0993339,0.0980091
Model5,3pop,0,901,1000,15,0.100884,0.0826365
Model5,3pop,2,1,100,17,0.00197779,0.00778512
Model5,3pop,2,101,200,11,-0.000340832,0.0247484
Model5,3pop,2,201,300,16,-0.00945927,-0.00188463
Model5,3pop,2,301,400,14,0.0117182,0.0161676
Model5,3pop,2,401,500,18,-0.00856914,-0.0108842
Model5,3pop,2,501,600,14,-0.0187416,-0.00645838
Model5,3pop,2,601,700,13,0.0245971,0.0291452
Model5,3pop,2,701,800,12,-0.0122894,-0.000790242
Model5,3pop,2,801,900,13,0.0233415,0.036683
Model5,3pop,2,901,1000,9,-0.000767097,0.010171
Model5,3pop,4,1,100,15,0.0302467,0.0169682
Model5,3pop,4,101,200,15,0.0337012,0.0121713
Model5,3pop,4,201,300,16,0.0431437,0.037875
Model5,3pop,4,301,400,13,0.0350877,0.022892
Model5,3pop,4,401,500,17,0.0393947,0.0300554
Model5,3pop,4,501,600,10,0.0373318,0.0203156
Model5,3pop,4,601,700,15,0.0349336,0.0193694
Model5,3pop,4,701,800,14,0.0356753,0.025802
Model5,3pop,4,801,900,15,0.0299765,0.0205034
Model5,3pop,4,901,1000,23,0.0338164,0.0229271
Model5,3pop,12,1,100,14,-0.0307958,-0.0274727
Model5,3pop,12,101,200,20,-0.0377299,-0.0255236
Model5,3pop,12,201,300,14,-0.0168196,-0.0111418
Model5,3pop,12,301,400,18,-0.0356599,-0.0238081
Model5,3pop,12,401,500,20,-0.0256979,-0.0179678
Model5,3pop,12,501,600,15,-0.0288648,-0.0121227
Model5,3pop,12,601,700,12,-0.0298826,-0.0232286
Model5,3pop,12,701,800,13,-0.0181156,-0.00828922
Model5,3pop,12,801,900,16,-0.0254063,-0.00896409
Model5,3pop,12,901,1000,15,-0.0352375,-0.0303008
Model5,3pop,9,1,100,18,0.0601093,0.0332131
Model5,3pop,9,101,200,13,0.0807018,0.059866
Model5,3pop,9,201,300,13,0.0718201,0.0497835
Model5,3pop,9,301,400,10,0.0603712,0.0458486
Model5,3pop,9,401,500,13,0.0669698,0.0399141
Model5,3pop,9,501,600,15,0.0470723,0.0328249
Model5,3pop,9,601,700,11,0.0800582,0.0724479
Model5,3pop,9,701,800,8,0.0784095,0.0520963
Model5,3pop,9,801,900,15,0.0881913,0.0576622
Model5,3pop,9,901,1000,9,0.0613487,0.0371854
Model5,3pop,7,1,100,14,0.0752243,0.0490206
Model5,3pop,7,101,200,18,0.0604873,0.0521398
Model5,3pop,7,201,300,10,0.15144,0.0871797
Model5,3pop,7,301,400,7,0.102525,0.0988692
Model5,3pop,7,401,500,7,0.192661,0.13399
Model5,3pop,7,501,600,17,0.215636,0.136187
Model5,3pop,7,601,700,13,0.0360286,0.0239446
Model5,3pop,7,701,800,13,0.156269,0.0769637
Model5,3pop,7,801,900,15,0.180168,0.07348
Model5,3pop,7,901,1000,5,0.0842139,0.064533
Model5,3pop,9,1,100,15,0.00491971,0.00509782
Model5,3pop,9,101,200,19,0.00798838,0.00573167
Model5,3pop,9,201,300,23,0.00895001,0.00638331
Model5,3pop,9,301,400,22,0.00327209,0.00719396
Model5,3pop,9,401,500,23,0.021417,0.018588
Model5,3pop,9,501,600,16,-0.00612423,-0.00547003
Model5,3pop,9,601,700,15,0.0119834,0.0137037
Model5,3pop,9,701,800,19,0.00835976,0.000536178
Model5,3pop,9,801,900,17,0.00112233,0.00396707
Model5,3pop,9,901,1000,20,0.0246581,0.0078634
Model5,3pop,13,1,100,16,-0.0222893,-0.0074617
Model5,3pop,13,101,200,17,-0.00250627,0.00967157
Model5,3pop,13,201,300,17,0.00277677,0.00810748
Model5,3pop,13,301,400,14,-0.0122688,-0.00475815
Model5,3pop,13,401,500,20,-0.00179152,-0.000909936
Model5,3pop,13,501,600,20,0.000792519,0.00663988
Model5,3pop,13,601,700,17,-0.0254432,-0.0206571
Model5,3pop,13,701,800,22,-0.018709,-0.00924722
Model5,3pop,13,801,900,14,-0.00663781,0.00531539
Model5,3pop,13,901,1000,13,0.00756564,0.011889
Model5,3pop,12,1,100,15,-0.00981892,-0.000683457
Model5,3pop,12,101,200,9,0.0030581,0.0153901
Model5,3pop,12,201,300,6,-0.00190674,0.00975509
Model5,3pop,12,301,400,12,-0.0243386,-0.0107661
Model5,3pop,12,401,500,15,-0.0284476,-0.0149456
Model5,3pop,12,501,600,14,0.0114257,0.0237485
Model5,3pop,12,601,700,13,-0.00752495,0.00447302
Model5,3pop,12,701,800,15,-0.00948509,-0.00840709
Model5,3pop,12,801,900,12,-0.00516674,0.000728678
Model5,3pop,12,901,1000,18,-0.0202861,-0.0115845
Model5,3pop,3,1,100,18,0.290511,0.227056
Model5,3pop,3,101,200,17,0.37396,0.283513
Model5,3pop,3,201,300,14,0.421123,0.315999
Model5,3pop,3,301,400,18,0.338644,0.271355
Model5,3pop,3,401,500,15,0.509779,0.412154
Model5,3pop,3,501,600,16,0.457337,0.330829
Model5,3pop,3,601,700,20,0.39425,0.256074
Model5,3pop,3,701,800,18,0.439795,0.275317
Model5,3pop,3,801,900,6,0.539007,0.387398
Model5,3pop,3,901,1000,18,0.440001,0.30173
Model5,3pop,1,1,100,26,0.0117172,0.0132905
Model5,3pop,1,101,200,14,0.0110023,0.0148103
Model5,3pop,1,201,300,18,-0.0015517,0.00423592
Model5,3pop,1,301,400,21,0.00371118,0.00794932
Model5,3pop,1,401,500,22,-0.00791937,0.000560411
Model5,3pop,1,501,600,21,0.0124081,0.0147046
Model5,3pop,1,601,700,17,-0.00297224,-0.00165154
Model5,3pop,1,701,800,12,0.0169477,0.0325147
Model5,3pop,1,801,900,16,0.00121212,0.00395937
Model5,3pop,1,901,1000,16,0.00657667,0.00631587
Model5,3pop,5,1,100,15,0.133735,0.0991651
Model5,3pop,5,101,200,14,0.177819,0.106987
Model5,3pop,5,201,300,12,0.160831,0.111749
Model5,3pop,5,301,400,15,0.169758,0.102809
Model5,3pop,5,401,500,12,0.146986,0.0863204
Model5,3pop,5,501,600,10,0.17603,0.112333
Model5,3pop,5,601,700,21,0.131502,0.0834792
Model5,3pop,5,701,800,17,0.103612,0.0621087
Model5,3pop,5,801,900,17,0.160869,0.106109
Model5,3pop,5,901,1000,15,0.177769,0.137091
Model5,3pop,9,1,100,8,0.126517,0.0831789
Model5,3pop,9,101,200,13,0.217197,0.181505
Model5,3pop,9,201,300,10,0.173442,0.124064
Model5,3pop,9,301,400,15,0.193761,0.123839
Model5,3pop,9,401,500,20,0.203111,0.141622
Model5,3pop,9,501,600,14,0.19737,0.135414
Model5,3pop,9,601,700,12,0.232868,0.199489
Model5,3pop,9,701,800,15,0.165102,0.126878
Model5,3pop,9,801,900,19,0.132256,0.0587358
Model5,3pop,9,901,1000,12,0.124399,0.0744078
Model5,3pop,11,1,100,16,0.0479603,0.0427284
Model5,3pop,11,101,200,24,0.0486955,0.0362638
Model5,3pop,11,201,300,21,0.0467913,0.0447441
Model5,3pop,11,301,400,21,0.0432856,0.0476669
Model5,3pop,11,401,500,21,0.0507268,0.0412019
Model5,3pop,11,501,600,19,0.0375191,0.0326573
Model5,3pop,11,601,700,20,0.0362346,0.0364854
Model5,3pop,11,701,800,15,0.0527218,0.0418135
Model5,3pop,11,801,900,16,0.0428593,0.0393683
Model5,3pop,11,901,1000,22,0.0328877,0.0279481
Model5,3pop,11,1,100,10,-0.00993965,0.000862834
Model5,3pop,11,101,200,10,0.00693017,0.0250595
Model5,3pop,11,201,300,9,-0.0167715,-0.00847936
Model5,3pop,11,301,400,4,-0.02477,0.0028696
Model5,3pop,11,401,500,10,-0.0236945,-0.00668201
Model5,3pop,11,501,600,6,0.00332226,0.00400263
Model5,3pop,11,601,700,6,-0.0189885,-0.0117263
Model5,3pop,11,701,800,7,0.0027939,0.00295791
Model5,3pop,11,801,900,18,-0.0212545,-0.00803139
Model5,3pop,11,901,1000,7,-0.00639195,0.00208288
Model5,3pop,17,1,100,7,0.0471167,0.0475035
Model5,3pop,17,101,200,10,0.0231323,0.0234011
Model5,3pop,17,201,300,13,0.0312978,0.0330447
Model5,3pop,17,301,400,11,0.00723208,0.0120635
Model5,3pop,17,401,500,13,0.0431706,0.0458048
Model5,3pop,17,501,600,11,0.0181959,0.0213143
Model5,3pop,17,601,700,8,0.0447461,0.0489369
Model5,3pop,17,701,800,11,0.000713776,0.00829479
Model5,3pop,17,801,900,12,0.0124991,0.0170741
Model5,3pop,17,901,1000,7,0.025641,0.0290205
Model5,3pop,19,1,100,16,0.439559,0.299306
Model5,3pop,19,101,200,19,0.362251,0.292639
Model5,3pop,19,201,300,21,0.526439,0.434911
Model5,3pop,19,301,400,15,0.459629,0.322927
Model5,3pop,19,401,500,18,0.409039,0.295007
Model5,3pop,19,501,600,18,0.467017,0.382079
Model5,3pop,19,601,700,9,0.530642,0.391729
Model5,3pop,19,701,800,13,0.461552,0.317165
Model5,3pop,19,801,900,12,0.485886,0.387934
Model5,3pop,19,901,1000,15,0.451659,0.376231
Model5,3pop,3,1,100,20,0.131561,0.0979486
Model5,3pop,3,101,200,13,0.125525,0.0647218
Model5,3pop,3,201,300,19,0.140574,0.111462
Model5,3pop,3,301,400,15,0.118806,0.0790017
Model5,3pop,3,401,500,19,0.135137,0.107015
Model5,3pop,3,501,600,17,0.131008,0.0954694
Model5,3pop,3,601,700,15,0.112544,0.0743799
Model5,3pop,3,701,800,16,0.14039,0.107294
Model5,3pop,3,801,900,16,0.108263,0.0781502
Model5,3pop,3,901,1000,18,0.14455,0.088526
Model5,3pop,18,1,100,10,-0.000246366,0.0153125
Model5,3pop,18,101,200,16,0.0334237,0.0191174
Model5,3pop,18,201,300,23,0.0152028,0.00805003
Model5,3pop,18,301,400,15,0.079003,0.0446332
Model5,3pop,18,401,500,15,0.0501913,0.0243177
Model5,3pop,18,501,600,7,0.0462833,0.0209021
Model5,3pop,18,601,700,13,0.0156695,0.016841
Model5,3pop,18,701,800,8,0.000819001,-0.000331565
Model5,3pop,18,801,900,11,0.040349,0.0204577
Model5,3pop,18,901,1000,15,0.0352628,0.0172898
Model5,3pop,18,1,100,27,0.0127077,0.012161
Model5,3pop,18,101,200,15,0.0297189,0.0274697
Model5,3pop,18,201,300,18,0.0125483,0.0245014
Model5,3pop,18,301,400,33,0.0187825,0.0204139
Model5,3pop,18,401,500,22,0.0105609,0.0184669
Model5,3pop,18,501,600,20,0.0155048,0.0223769
Model5,3pop,18,601,700,17,0.0242904,0.017938
Model5,3pop,18,701,800,20,0.0221618,0.0241674
Model5,3pop,18,801,900,20,0.0134921,0.0178218
Model5,3pop,18,901,1000,15,0.0232357,0.0162155
Model5,3pop,3,1,100,10,0.0603073,0.0543632
Model5,3pop,3,101,200,8,0.0651003,0.0399088
Model5,3pop,3,201,300,11,0.0522876,0.0484388
Model5,3pop,3,301,400,13,0.0468097,0.0386725
Model5,3pop,3,401,500,4,0.0996169,0.0771931
Model5,3pop,3,501,600,11,0.109974,0.0860946
Model5,3pop,3,601,700,6,0.0250896,0.0285537
Model5,3pop,3,701,800,3,0.0360223,0.0483304
Model5,3pop,3,801,900,6,0.0279465,0.027115
Model5,3pop,3,901,1000,9,0.0217657,0.0199143
Model5,3pop,18,1,100,22,0.039687,0.018295
Model5,3pop,18,101,200,11,0.00529101,0.0130936
Model5,3pop,18,201,300,15,0.073488,0.0301261
Model5,3pop,18,301,400,17,0.0730004,0.0333187
Model5,3pop,18,401,500,17,0.0646243,0.0358567
Model5,3pop,18,501,600,21,0.0278055,0.0133709
Model5,3pop,18,601,700,15,0.0397405,0.01522
Model5,3pop,18,701,800,20,0.0202952,0.0130738
Model5,3pop,18,801,900,17,0.053582,0.0158163
Model5,3pop,18,901,1000,18,0.0600666,0.0282405
Model5,3pop,6,1,100,16,-0.0197969,-0.0114199
Model5,3pop,6,101,200,11,-0.00576701,-0.00099652
Model5,3pop,6,201,300,11,0.00951471,0.0326928
Model5,3pop,6,301,400,14,0.00808535,0.0126798
Model5,3pop,6,401,500,10,0.0120311,0.00136799
Model5,3pop,6,501,600,19,0.00182932,0.00895017
Model5,3pop,6,601,700,14,-0.00588334,-0.00316681
Model5,3pop,6,701,800,11,-0.0341689,-0.0281169
Model5,3pop,6,801,900,12,-0.0165056,0.00148399
Model5,3pop,6,901,1000,9,-0.0220347,-0.00805438
Model5,3pop,12,1,100,13,0.121247,0.0921227
Model5,3pop,12,101,200,14,0.13906,0.0765973
Model5,3pop,12,201,300,11,0.181406,0.0795531
Model5,3pop,12,301,400,8,0.203318,0.0763964
Model5,3pop,12,401,500,8,0.0433066,0.0342491
Model5,3pop,12,501,600,8,0.189873,0.0844386
Model5,3pop,12,601,700,13,0.1898,0.0823799
Model5,3pop,12,701,800,10,0.186069,0.0472218
Model5,3pop,12,801,900,14,0.113466,0.0562112
Model5,3pop,12,901,1000,11,0.307438,0.11752
Model5,3pop,10,1,100,13,0.0771299,0.045071
Model5,3pop,10,101,200,20,0.0769022,0.06254
Model5,3pop,10,201,300,12,0.0471456,0.0322067
Model5,3pop,10,301,400,6,0.0632557,0.0506039
Model5,3pop,10,401,500,16,0.0965005,0.0755334
Model5,3pop,10,501,600,13,0.0504558,0.0269978
Model5,3pop,10,601,700,13,0.045584,0.0274205
Model5,3pop,10,701,800,16,0.0347222,0.0168203
Model5,3pop,10,801,900,12,0.0213212,0.0089677
Model5,3pop,10,901,1000,16,0.0697293,0.0581792
Model5,3pop,2,1,100,15,0.125701,0.0860715
Model5,3pop,2,101,200,4,0.109015,0.0696543
Model5,3pop,2,201,300,9,0.0509804,0.0627525
Model5,3pop,2,301,400,10,-0.00156495,0.000845156
Model5,3pop,2,401,500,10,0.161476,0.113607
Model5,3pop,2,501,600,7,0.121507,0.0598347
Model5,3pop,2,601,700,11,0.165593,0.105912
Model5,3pop,2,701,800,9,0.113169,0.060694
Model5,3pop,2,801,900,14,0.13312,0.0994463
Model5,3pop,2,901,1000,11,0.163865,0.0863292
Model5,3pop,10,1,100,13,0.0472356,0.0301945
Model5,3pop,10,101,200,9,-0.0247842,-0.0115479
Model5,3pop,10,201,300,11,0.0145903,0.0139364
Model5,3pop,10,301,400,7,0.0598291,0.0456607
Model5,3pop,10,401,500,14,0.026519,0.0141878
Model5,3pop,10,501,600,13,-0.00973602,0.00255272
Model5,3pop,10,601,700,19,-0.00360538,0.0118296
Model5,3pop,10,701,800,11,0.00608704,0.00601586
Model5,3pop,10,801,900,17,-0.00324197,0.0125607
Model5,3pop,10,901,1000,17,-0.0119641,0.000428947
Model5,3pop,0,1,100,30,-0.0302669,-0.0265482
Model5,3pop,0,101,200,16,-0.0278763,-0.017858
Model5,3pop,0,201,300,21,-0.028749,-0.0199445
Model5,3pop,0,301,400,22,-0.0304515,-0.019176
Model5,3pop,0,401,500,10,-0.0379445,-0.0366133
Model5,3pop,0,501,600,18,-0.0274372,-0.0204965
Model5,3pop,0,601,700,24,-0.0248605,-0.0151802
Model5,3pop,0,701,800,16,-0.0142404,-0.0156226
Model5,3pop,0,801,900,21,-0.0230288,-0.0244295
Model5,3pop,0,901,1000,15,-0.0281202,-0.0150008
Model5,3pop,18,1,100,15,0.0647238,0.0451961
Model5,3pop,18,101,200,6,0.0212528,0.0213296
Model5,3pop,18,201,300,7,0.0291262,0.0167038
Model5,3pop,18,301,400,11,0.0247161,0.0219264
Model5,3pop,18,401,500,10,0.0873574,0.0352304
Model5,3pop,18,501,600,11,0.0609019,0.0379203
Model5,3pop,18,601,700,5,0.0551984,0.0407137
Model5,3pop,18,701,800,7,0.047619,0.0320221
Model5,3pop,18,801,900,14,0.0752019,0.0560493
Model5,3pop,18,901,1000,14,0.0640369,0.0548041
Model5,3pop,13,1,100,10,0.0308163,0.0284433
Model5,3pop,13,101,200,9,0.0770003,0.050709
Model5,3pop,13,201,300,17,0.0558464,0.0430698
Model5,3pop,13,301,400,9,0.00964864,0.0206134
Model5,3pop,13,401,500,11,0.0216257,0.017359
Model5,3pop,13,501,600,8,0.0452444,0.0454671
Model5,3pop,13,601,700,16,0.0454937,0.0350163
Model5,3pop,13,701,800,14,0.0453172,0.0430286
Model5,3pop,13,801,900,11,0.049543,0.0343989
Model5,3pop,13,901,1000,21,0.0818005,0.0554879
Model5,3pop,2,1,100,12,0.177264,0.155278
Model5,3pop,2,101,200,15,0.129305,0.107965
Model5,3pop,2,201,300,22,0.16756,0.134144
Model5,3pop,2,301,400,15,0.0965868,0.0668113
Model5,3pop,2,401,500,10,0.129353,0.0924715
Model5,3pop,2,501,600,10,0.183051,0.147121
Model5,3pop,2,601,700,19,0.174806,0.160112
Model5,3pop,2,701,800,20,0.158199,0.142167
Model5,3pop,2,801,900,13,0.160731,0.14439
Model5,3pop,2,901,1000,13,0.161376,0.133064
Model5,3pop,4,1,100,8,0.0136661,0.00319949
Model5,3pop,4,101,200,10,0.0222512,0.0493567
Model5,3pop,4,201,300,8,-0.000331675,0.0173672
Model5,3pop,4,301,400,11,0.0603034,0.0358853
Model5,3pop,4,401,500,8,-2.68549e-17,-0.00128448
Model5,3pop,4,501,600,15,0.00504356,0.00527517
Model5,3pop,4,601,700,15,0.0410959,0.0183284
Model5,3pop,4,701,800,15,-0.000777001,0.0053767
Model5,3pop,4,801,900,10,0.0060221,0.0111031
Model5,3pop,4,901,1000,12,0.010101,0.00467504
Model5,3pop,7,1,100,5,0.0117109,0.0186865
Model5,3pop,7,101,200,13,0.019975,0.0214758
Model5,3pop,7,201,300,15,0.0444567,0.0297638
Model5,3pop,7,301,400,13,0.0200727,0.0257698
Model5,3pop,7,401,500,11,0.00626781,0.0156547
Model5,3pop,7,501,600,11,0.0490837,0.0369967
Model5,3pop,7,601,700,7,0.052032,0.0535156
Model5,3pop,7,701,800,10,0.0550018,0.0418071
Model5,3pop,7,801,900,13,0.0793152,0.05269
Model5,3pop,7,901,1000,10,-0.00448153,0.00470555
Model5,3pop,1,1,100,15,0.0827803,0.0564308
Model5,3pop,1,101,200,12,0.0866079,0.0706939
Model5,3pop,1,201,300,19,0.0774289,0.0570913
Model5,3pop,1,301,400,17,0.0815308,0.0590247
Model5,3pop,1,401,500,18,0.112937,0.0918117
Model5,3pop,1,501,600,16,0.128017,0.100734
Model5,3pop,1,601,700,16,0.126374,0.107779
Model5,3pop,1,701,800,14,0.0809562,0.0569588
Model5,3pop,1,801,900,18,0.136857,0.119533
Model5,3pop,1,901,1000,20,0.0756623,0.0563098
Model5,3pop,9,1,100,13,0.042334,0.0388061
Model5,3pop,9,101,200,16,0.0617284,0.0327244
Model5,3pop,9,201,300,16,0.0228819,0.0107815
Model5,3pop,9,301,400,12,0.0329731,0.0205258
Model5,3pop,9,401,500,14,0.0345961,0.0225544
Model5,3pop,9,501,600,14,0.0328692,0.0319362
Model5,3pop,9,601,700,16,0.0370732,0.0297224
Model5,3pop,9,701,800,17,0.0185147,0.0116613
Model5,3pop,9,801,900,13,0.0359477,0.0249849
Model5,3pop,9,901,1000,18,0.0213977,0.0165402
Model5,3pop,7,1,100,14,0.0775341,0.0531679
Model5,3pop,7,101,200,9,0.0942601,0.0481188
Model5,3pop,7,201,300,14,0.0137486,0.0192146
Model5,3pop,7,301,400,13,0.0626991,0.0643298
Model5,3pop,7,401,500,10,0.0469417,0.0371299
Model5,3pop,7,501,600,16,0.0531072,0.0382674
Model5,3pop,7,601,700,14,0.0444062,0.0397666
Model5,3pop,7,701,800,9,0.109375,0.0758939
Model5,3pop,7,801,900,14,0.0450669,0.0432865
Model5,3pop,7,901,1000,9,0.0432703,0.0378961
Model5,3pop,2,1,100,8,-0.0083211,0.0107848
Model5,3pop,2,101,200,5,0.0234525,0.0266348
Model5,3pop,2,201,300,6,0.024313,0.0123215
Model5,3pop,2,301,400,5,-0.0252842,-0.0132589
Model5,3pop,2,401,500,5,0.0367322,0.0385667
Model5,3pop,2,501,600,12,0.040724,0.032962
Model5,3pop,2,601,700,7,0.0799717,0.0537217
Model5,3pop,2,701,800,13,0.0536037,0.0492326
Model5,3pop,2,801,900,9,0.0412534,0.042345
Model5,3pop,2,901,1000,9,0.061144,0.0567199
Model5,3pop,3,1,100,8,0.0677321,0.0321295
Model5,3pop,3,101,200,5,0.0977147,0.0613742
Model5,3pop,3,201,300,10,0.113608,0.0608357
Model5,3pop,3,301,400,9,0.0589294,0.025794
Model5,3pop,3,401,500,9,0.0541491,0.0501718
Model5,3pop,3,501,600,12,0.0796975,0.057274
Model5,3pop,3,601,700,8,0.0691633,0.0512224
Model5,3pop,3,701,800,10,0.0780362,0.0651432
Model5,3pop,3,801,900,11,0.0656364,0.0245507
Model5,3pop,3,901,1000,7,0.015873,0.0123994
Model5,3pop,0,1,100,20,0.00191601,-0.00110113
Model5,3pop,0,101,200,16,0.0297833,0.0154472
Model5,3pop,0,201,300,18,0.0271677,0.0133479
Model5,3pop,0,301,400,27,0.00824378,-0.00184282
Model5,3pop,0,401,500,17,-0.0170039,-0.0108576
Model5,3pop,0,501,600,20,-0.00890468,-0.0168043
Model5,3pop,0,601,700,22,-0.0141639,-0.0100289
Model5,3pop,0,701,800,21,0.001443,-0.00529347
Model5,3pop,0,801,900,15,0.0139335,-0.000184279
Model5,3pop,0,901,1000,17,-0.0179515,-0.0221692
Model5,3pop,10,1,100,15,-0.0124587,0.00876435
Model5,3pop,10,101,200,20,-0.00193652,0.0138378
Model5,3pop,10,201,300,11,-0.00526919,0.00581925
Model5,3pop,10,301,400,20,-0.0200833,-0.016075
Model5,3pop,10,401,500,19,0.000917701,0.0192495
Model5,3pop,10,501,600,17,-0.0168027,-0.0102508
Model5,3pop,10,601,700,12,-0.017501,-0.00762261
Model5,3pop,10,701,800,15,-0.0135672,0.00587066
Model5,3pop,10,801,900,19,0.00561731,0.0302828
Model5,3pop,10,901,1000,14,-0.00236407,-0.00452501
Model5,3pop,5,1,100,14,0.0995706,0.0885172
Model5,3pop,5,101,200,27,0.101907,0.0810882
Model5,3pop,5,201,300,19,0.070443,0.0729364
Model5,3pop,5,301,400,15,0.0923953,0.0807526
Model5,3pop,5,401,500,20,0.107757,0.0961457
Model5,3pop,5,501,600,19,0.0917874,0.0719921
Model5,3pop,5,601,700,14,0.0994916,0.0989954
Model5,3pop,5,701,800,16,0.0887617,0.0909899
Model5,3pop,5,801,900,15,0.0919073,0.100346
Model5,3pop,5,901,1000,18,0.0648426,0.0669918
Model5,3pop,14,1,100,19,-0.0460705,-0.0310669
Model5,3pop,14,101,200,27,-0.0352738,-0.0233169
Model5,3pop,14,201,300,21,-0.044848,-0.0334168
Model5,3pop,14,301,400,17,-0.0188395,-0.0102394
Model5,3pop,14,401,500,20,-0.0375817,-0.0278223
Model5,3pop,14,501,600,14,-0.042376,-0.0316261
Model5,3pop,14,601,700,23,-0.0456246,-0.0354787
Model5,3pop,14,701,800,34,-0.0466964,-0.0371859
Model5,3pop,14,801,900,28,-0.0446605,-0.035497
Model5,3pop,14,901,1000,22,-0.0361731,-0.0254449
Model5,3pop,17,1,100,12,0.011862,0.00618861
Model5,3pop,17,101,200,14,0.0129487,0.00996282
Model5,3pop,17,201,300,15,0.0300752,0.0111535
Model5,3pop,17,301,400,15,0.103142,0.0371036
Model5,3pop,17,401,500,17,0.0807843,0.0557213
Model5,3pop,17,501,600,9,0.0463338,0.013376
Model5,3pop,17,601,700,13,0.0353286,0.00296098
Model5,3pop,17,701,800,9,0.0424571,0.0215854
Model5,3pop,17,801,900,17,0.0741615,0.0479319
Model5,3pop,17,901,1000,15,0.0790255,0.0399524
Model5,3pop,17,1,100,8,0.157993,0.121058
Model5,3pop,17,101,200,12,0.131741,0.0607637
Model5,3pop,17,201,300,11,0.210966,0.113676
Model5,3pop,17,301,400,7,0.181606,0.12735
Model5,3pop,17,401,500,10,0.204828,0.142097
Model5,3pop,17,501,600,11,0.184766,0.139765
Model5,3pop,17,601,700,13,0.17655,0.149773
Model5,3pop,17,701,800,7,0.158946,0.0952534
Model5,3pop,17,801,900,18,0.192166,0.125182
Model5,3pop,17,901,1000,10,0.270315,0.19779
Model5,3pop,13,1,100,12,0.00837194,0.00153464
Model5,3pop,13,101,200,7,-0.001221,-0.00784929
Model5,3pop,13,201,300,13,0.0136661,0.00771292
Model5,3pop,13,301,400,14,0.0293965,0.020531
Model5,3pop,13,401,500,14,0.1025,0.0749384
Model5,3pop,13,501,600,10,0.00844124,0.00162893
Model5,3pop,13,601,700,6,0.0665155,0.0675498
Model5,3pop,13,701,800,6,0.101324,0.0513996
Model5,3pop,13,801,900,12,0.101789,0.0443058
Model5,3pop,13,901,1000,9,0.00472616,-0.00523777
Model5,3pop,4,1,100,17,0.126857,0.0924046
Model5,3pop,4,101,200,20,0.0961612,0.0820645
Model5,3pop,4,201,300,11,0.0813969,0.0934071
Model5,3pop,4,301,400,9,0.0821772,0.0493689
Model5,3pop,4,401,500,11,0.103299,0.0506508
Model5,3pop,4,501,600,11,0.0771099,0.0611557
Model5,3pop,4,601,700,12,0.0798485,0.0537446
Model5,3pop,4,701,800,13,0.101518,0.0878984
Model5,3pop,4,801,900,15,0.0601607,0.0518699
Model5,3pop,4,901,1000,10,0.124369,0.0658653
Model5,3pop,6,1,100,27,0.0190553,0.0125192
Model5,3pop,6,101,200,25,0.00839793,0.00632217
Model5,3pop,6,201,300,27,0.0249967,0.0124182
Model5,3pop,6,301,400,22,0.0213428,0.00993074
Model5,3pop,6,401,500,21,0.0319865,0.0125625
Model5,3pop,6,501,600,27,0.0226511,0.00798172
Model5,3pop,6,601,700,29,0.0101237,0.00652155
Model5,3pop,6,701,800,25,0.00542784,0.00571064
Model5,3pop,6,801,900,37,0.0264173,0.0126785
Model5,3pop,6,901,1000,31,0.0163648,0.012282
Model5,3pop,14,1,100,12,0.047619,0.0417229
Model5,3pop,14,101,200,14,0.0124895,0.015369
Model5,3pop,14,201,300,16,0.0259605,0.0180804
Model5,3pop,14,301,400,11,0.0518422,0.0283869
Model5,3pop,14,401,500,14,0.0509461,0.0239897
Model5,3pop,14,501,600,16,0.013949,0.0112777
Model5,3pop,14,601,700,19,0.00872203,0.0109184
Model5,3pop,14,701,800,10,0.0752805,0.0547765
Model5,3pop,14,801,900,11,0.0312071,0.0108807
Model5,3pop,14,901,1000,18,0.0185874,0.0216443
Model5,3pop,5,1,100,15,0.209079,0.116684
Model5,3pop,5,101,200,19,0.165373,0.100518
Model5,3pop,5,201,300,16,0.187599,0.0947048
Model5,3pop,5,301,400,15,0.206281,0.143329
Model5,3pop,5,401,500,15,0.180668,0.160079
Model5,3pop,5,501,600,14,0.228423,0.175127
Model5,3pop,5,601,700,11,0.206757,0.114646
Model5,3pop,5,701,800,11,0.174194,0.106915
Model5,3pop,5,801,900,14,0.241761,0.13342
Model5,3pop,5,901,1000,16,0.15873,0.0777655
Model5,3pop,17,1,100,10,0.0188389,0.0176906
Model5,3pop,17,101,200,15,0.022798,0.0239849
Model5,3pop,17,201,300,7,0.0935311,0.0487516
Model5,3pop,17,301,400,3,0.0269292,0.0383398
Model5,3pop,17,401,500,11,0.00919167,0.00253493
Model5,3pop,17,501,600,11,0.00337699,0.00882525
Model5,3pop,17,601,700,7,0.0562613,0.0426539
Model5,3pop,17,701,800,16,0.0284884,0.0266896
Model5,3pop,17,801,900,7,0.00790548,0.0139001
Model5,3pop,17,901,1000,13,0.0136661,0.00682123
Model5,3pop,18,1,100,15,-0.0106338,-0.000626299
Model5,3pop,18,101,200,19,0.0143114,0.0106202
Model5,3pop,18,201,300,23,0.00512397,0.0172966
Model5,3pop,18,301,400,11,-0.00111967,0.0113191
Model5,3pop,18,401,500,17,0.0128172,0.0155867
Model5,3pop,18,501,600,20,-0.0106727,-0.00868368
Model5,3pop,18,601,700,23,-0.00020484,0.00234478
Model5,3pop,18,701,800,19,-0.0089594,-0.0069517
Model5,3pop,18,801,900,18,0.00159455,0.0100772
Model5,3pop,18,901,1000,8,-0.00567721,0.00435427
Model5,3pop,12,1,100,11,0.0128735,0.0167751
Model5,3pop,12,101,200,9,0.172414,0.0942888
Model5,3pop,12,201,300,5,0.190713,0.12775
Model5,3pop,12,301,400,11,0.108669,0.055411
Model5,3pop,12,401,500,20,0.163598,0.0920874
Model5,3pop,12,501,600,10,0.165662,0.126052
Model5,3pop,12,601,700,7,0.116773,0.0623648
Model5,3pop,12,701,800,8,0.151042,0.105286
Model5,3pop,12,801,900,13,0.132389,0.0877784
Model5,3pop,12,901,1000,8,0.0678598,0.0358769
Model5,3pop,5,1,100,2,-1.07336e-16,-1.07336e-16
Model5,3pop,5,101,200,12,0.025,0.0145706
Model5,3pop,5,201,300,10,0.0197227,0.0297893
Model5,3pop,5,301,400,12,0.0659661,0.0448336
Model5,3pop,5,401,500,7,0.0414878,0.0409377
Model5,3pop,5,501,600,11,-0.00172712,-0.00527066
Model5,3pop,5,601,700,9,0.0194076,0.01982
Model5,3pop,5,701,800,11,0.017094,0.0145191
Model5,3pop,5,801,900,11,-0.0020202,-0.012089
Model5,3pop,5,901,1000,10,0.00580237,0.0155029
Model5,3pop,19,1,100,12,0.00021004,0.00281216
Model5,3pop,19,101,200,12,0.00999092,0.0038325
Model5,3pop,19,201,300,13,0.00369004,-0.00205012
Model5,3pop,19,301,400,8,-0.015625,-0.00260821
Model5,3pop,19,401,500,15,-0.00684571,-0.00283929
Model5,3pop,19,501,600,14,0.0120347,0.00952584
Model5,3pop,19,601,700,11,0.00981647,0.00560865
Model5,3pop,19,701,800,16,0.0481208,0.0264264
Model5,3pop,19,801,900,14,0.00949448,0.00398028
Model5,3pop,19,901,1000,13,0.0125392,0.00218295
Model5,3pop,7,1,100,10,0.093975,0.0998125
Model5,3pop,7,101,200,13,0.0821798,0.0517614
Model5,3pop,7,201,300,6,0.0735931,0.063653
Model5,3pop,7,301,400,9,0.0455656,0.0367928
Model5,3pop,7,401,500,7,0.0712348,0.0507628
Model5,3pop,7,501,600,4,0.0634921,0.037037
Model5,3pop,7,601,700,8,0.0600145,0.0438794
Model5,3pop,7,701,800,12,0.10397,0.0733745
Model5,3pop,7,801,900,7,0.0753314,0.0648557
Model5,3pop,7,901,1000,5,0.0357318,0.0358345
Model5,3pop,16,1,100,12,0.0931331,0.0545121
Model5,3pop,16,101,200,13,0.0464877,0.0208764
Model5,3pop,16,201,300,13,0.094415,0.0773837
Model5,3pop,16,301,400,17,0.060915,0.0324775
Model5,3pop,16,401,500,7,0.0315789,0.00771862
Model5,3pop,16,501,600,10,0.0650231,0.063268
Model5,3pop,16,601,700,11,0.021998,0.0188606
Model5,3pop,16,701,800,14,0.0708288,0.0610268
Model5,3pop,16,801,900,14,0.0949538,0.0703976
Model5,3pop,16,901,1000,13,0.0576042,0.0587279
Model5,3pop,10,1,100,7,0.00725468,0.00803498
Model5,3pop,10,101,200,14,0.0835651,0.0656646
Model5,3pop,10,201,300,14,0.0143232,0.0188385
Model5,3pop,10,301,400,8,-0.0135708,0.00246072
Model5,3pop,10,401,500,11,0.0404479,0.0380815
Model5,3pop,10,501,600,9,0.0070922,0.0110158
Model5,3pop,10,601,700,12,0.0420943,0.0370421
Model5,3pop,10,701,800,12,0.0364348,0.0349589
Model5,3pop,10,801,900,11,0.0328442,0.0300729
Model5,3pop,10,901,1000,7,0.031339,0.0180061
Model5,3pop,5,1,100,10,0.0480856,0.0363129
Model5,3pop,5,101,200,18,0.0226935,0.0113703
Model5,3pop,5,201,300,20,0.0354938,0.0258183
Model5,3pop,5,301,400,17,0.0165268,0.0194751
Model5,3pop,5,401,500,16,0.0214067,0.0175173
Model5,3pop,5,501,600,13,0.0462144,0.031117
Model5,3pop,5,601,700,16,0.0217626,0.0170503
Model5,3pop,5,701,800,17,0.0340352,0.0342452
Model5,3pop,5,801,900,16,0.0183276,0.0201793
Model5,3pop,5,901,1000,16,0.0527548,0.0406059
Model5,3pop,5,1,100,25,0.0762811,0.065384
Model5,3pop,5,101,200,20,0.0483785,0.0512439
Model5,3pop,5,201,300,23,0.0394866,0.0297123
Model5,3pop,5,301,400,9,0.0417047,0.0348295
Model5,3pop,5,401,500,18,0.0411498,0.0385078
Model5,3pop,5,501,600,17,0.019277,0.0148615
Model5,3pop,5,601,700,12,0.0487369,0.0507123
Model5,3pop,5,701,800,19,0.0265445,0.0215486
Model5,3pop,5,801,900,11,0.047343,0.0294754
Model5,3pop,5,901,1000,19,0.0544901,0.042429
Model5,3pop,14,1,100,15,0.101852,0.0517604
Model5,3pop,14,101,200,18,0.0889953,0.0712755
Model5,3pop,14,201,300,10,0.0524386,0.0626487
Model5,3pop,14,301,400,15,0.0737074,0.0459311
Model5,3pop,14,401,500,15,0.0713427,0.058354
Model5,3pop,14,501,600,18,0.104583,0.0720639
Model5,3pop,14,601,700,12,0.0701999,0.0664683
Model5,3pop,14,701,800,20,0.0654141,0.0512936
Model5,3pop,14,801,900,17,0.0792584,0.0592983
Model5,3pop,14,901,1000,16,0.0702853,0.0670406
Model5,3pop,1,1,100,16,-0.0101447,0.0205745
Model5,3pop,1,101,200,9,-0.00617999,0.0141923
Model5,3pop,1,201,300,17,-0.00544047,0.0139468
Model5,3pop,1,301,400,17,0.000374742,0.0265686
Model5,3pop,1,401,500,12,0.00476244,0.0283509
Model5,3pop,1,501,600,14,-0.000214293,0.0212813
Model5,3pop,1,601,700,12,-0.00271003,0.0208742
Model5,3pop,1,701,800,13,-0.0172956,-0.00719706
Model5,3pop,1,801,900,16,-0.00353125,0.0167771
Model5,3pop,1,901,1000,9,-0.0116598,0.00809424
Model5,3pop,6,1,100,5,0.0327381,0.0131201
Model5,3pop,6,101,200,9,0.0442774,0.0463651
Model5,3pop,6,201,300,14,0.0706473,0.0573889
Model5,3pop,6,301,400,13,0.16986,0.105726
Model5,3pop,6,401,500,11,0.100853,0.0660041
Model5,3pop,6,501,600,7,0.0512495,0.0462762
Model5,3pop,6,601,700,6,0.0416667,0.0185185
Model5,3pop,6,701,800,8,0.0414647,0.0315631
Model5,3pop,6,801,900,6,0.177368,0.0847995
Model5,3pop,6,901,1000,11,0.0305596,0.0311851
Model5,3pop,19,1,100,14,0.0446454,0.0346016
Model5,3pop,19,101,200,25,0.0320324,0.0246873
Model5,3pop,19,201,300,19,0.033056,0.0275175
Model5,3pop,19,301,400,22,0.046394,0.033279
Model5,3pop,19,401,500,22,0.0400851,0.0340764
Model5,3pop,19,501,600,19,0.0260844,0.0198635
Model5,3pop,19,601,700,28,0.0365095,0.0263956
Model5,3pop,19,701,800,24,0.0467172,0.0318654
Model5,3pop,19,801,900,23,0.0454921,0.0322599
Model5,3pop,19,901,1000,26,0.041145,0.0353892
Model5,3pop,16,1,100,19,0.11786,0.0755562
Model5,3pop,16,101,200,14,0.102716,0.0672012
Model5,3pop,16,201,300,8,0.111772,0.116761
Model5,3pop,16,301,400,17,0.0800616,0.050134
Model5,3pop,16,401,500,20,0.0870871,0.08185
Model5,3pop,16,501,600,18,0.0827284,0.0518616
Model5,3pop,16,601,700,23,0.0966799,0.0587099
Model5,3pop,16,701,800,17,0.105303,0.0619893
Model5,3pop,16,801,900,13,0.0960676,0.0663615
Model5,3pop,16,901,1000,14,0.106094,0.0688222
Model5,3pop,3,1,100,8,0.0282486,0.0273496
Model5,3pop,3,101,200,13,0.0230891,0.0335377
Model5,3pop,3,201,300,8,0.0490053,0.054932
Model5,3pop,3,301,400,15,0.031202,0.0278111
Model5,3pop,3,401,500,9,0.0367741,0.034777
Model5,3pop,3,501,600,3,0.0793651,0.0740741
Model5,3pop,3,601,700,9,0.0155847,0.0274508
Model5,3pop,3,701,800,12,0.0600799,0.0362323
Model5,3pop,3,801,900,6,0.0148148,0.00245157
Model5,3pop,3,901,1000,11,0.00409626,0.0167441
Model5,3pop,19,1,100,11,0.0782534,0.0550127
Model5,3pop,19,101,200,8,0.0810185,0.0866031
Model5,3pop,19,201,300,18,0.0074983,0.0202474
Model5,3pop,19,301,400,12,0.00719255,0.0373936
Model5,3pop,19,401,500,12,-0.01341,-0.0106594
Model5,3pop,19,501,600,6,-0.00437445,0.00499345
Model5,3pop,19,601,700,6,0.0545922,0.0715869
Model5,3pop,19,701,800,12,0.00710979,0.0184488
Model5,3pop,19,801,900,9,0.0951864,0.0807845
Model5,3pop,19,901,1000,7,0.0506108,0.0417068
Model5,3pop,19,1,100,9,0.094952,0.065678
Model5,3pop,19,101,200,14,0.0927275,0.0876952
Model5,3pop,19,201,300,16,0.0987138,0.081944
Model5,3pop,19,301,400,16,0.110779,0.0815526
Model5,3pop,19,401,500,12,0.0887864,0.065971
Model5,3pop,19,501,600,7,0.113235,0.076644
Model5,3pop,19,601,700,11,0.0683983,0.0500982
Model5,3pop,19,701,800,13,0.0934539,0.0651788
Model5,3pop,19,801,900,14,0.0871369,0.0567415
Model5,3pop,19,901,1000,15,0.113208,0.0812266
Model5,3pop,11,1,100,18,0.0727009,0.0570841
Model5,3pop,11,101,200,28,0.06441,0.0702935
Model5,3pop,11,201,300,22,0.0748953,0.0648454
Model5,3pop,11,301,400,21,0.0709505,0.0572935
Model5,3pop,11,401,500,13,0.0812116,0.0726349
Model5,3pop,11,501,600,16,0.0834819,0.070769
Model5,3pop,11,601,700,18,0.101925,0.086333
Model5,3pop,11,701,800,16,0.0664095,0.0659043
Model5,3pop,11,801,900,19,0.084651,0.069124
Model5,3pop,11,901,1000,20,0.0835303,0.0793124
Model5,3pop,13,1,100,13,0.0627478,0.0414685
Model5,3pop,13,101,200,10,0.0775007,0.0461491
Model5,3pop,13,201,300,12,0.0661619,0.0462168
Model5,3pop,13,301,400,12,0.0703555,0.0541802
Model5,3pop,13,401,500,6,0.0689121,0.0619414
Model5,3pop,13,501,600,11,0.0876591,0.062221
Model5,3pop,13,601,700,8,0.0729267,0.0577171
Model5,3pop,13,701,800,10,0.069844,0.0597804
Model5,3pop,13,801,900,17,0.0515535,0.0321972
Model5,3pop,13,901,1000,14,0.0878771,0.0779946
Model5,3pop,0,1,100,9,0.0352968,0.030082
Model5,3pop,0,101,200,10,0.0133831,0.0237301
Model5,3pop,0,201,300,9,0.0880073,0.0504729
Model5,3pop,0,301,400,13,0.0566836,0.0479624
Model5,3pop,0,401,500,8,0.0205503,0.037111
Model5,3pop,0,501,600,11,0.047619,0.0361041
Model5,3pop,0,601,700,12,0.0785908,0.0524679
Model5,3pop,0,701,800,13,0.0696858,0.0506608
Model5,3pop,0,801,900,13,0.100618,0.067278
Model5,3pop,0,901,1000,11,0.0198238,0.0154706
Model5,3pop,7,1,100,12,0.155507,0.116379
Model5,3pop,7,101,200,29,0.154675,0.124756
Model5,3pop,7,201,300,17,0.274286,0.201955
Model5,3pop,7,301,400,25,0.243517,0.196184
Model5,3pop,7,401,500,17,0.209277,0.150161
Model5,3pop,7,501,600,26,0.204356,0.139241
Model5,3pop,7,601,700,10,0.179765,0.123925
Model5,3pop,7,701,800,21,0.171082,0.168629
Model5,3pop,7,801,900,18,0.188164,0.176779
Model5,3pop,7,901,1000,17,0.233579,0.200139
Model5,3pop,15,1,100,16,0.0135841,0.0104367
Model5,3pop,15,101,200,13,-0.00519931,-0.00630619
Model5,3pop,15,201,300,14,-0.00140056,0.000497515
Model5,3pop,15,301,400,16,0.0179472,0.0274819
Model5,3pop,15,401,500,20,-0.00416613,-0.00466169
Model5,3pop,15,501,600,12,-0.00268276,-0.00620827
Model5,3pop,15,601,700,10,-0.001325,-0.00204943
Model5,3pop,15,701,800,15,-0.0031396,0.00253116
Model5,3pop,15,801,900,13,0.011467,0.00220738
Model5,3pop,15,901,1000,11,0.040349,0.0436291
Model5,3pop,2,1,100,9,0.00644672,0.0247678
Model5,3pop,2,101,200,10,-0.00573119,0.0166501
Model5,3pop,2,201,300,11,-0.022864,-0.0183776
Model5,3pop,2,301,400,9,0.0148912,0.014295
Model5,3pop,2,401,500,15,-6.89703e-05,0.0180901
Model5,3pop,2,501,600,14,-0.0199084,-0.00618606
Model5,3pop,2,601,700,15,-0.0108798,-0.00625151
Model5,3pop,2,701,800,8,-0.00537355,0.00338128
Model5,3pop,2,801,900,14,0.00584795,0.0203144
Model5,3pop,2,901,1000,15,-0.000594177,7.92524e-05
Model5,3pop,6,1,100,10,0.1939,0.0892122
Model5,3pop,6,101,200,9,0.161915,0.115468
Model5,3pop,6,201,300,9,0.290485,0.14397
Model5,3pop,6,301,400,7,0.238095,0.114556
Model5,3pop,6,401,500,10,0.312394,0.18961
Model5,3pop,6,501,600,18,0.237765,0.123658
Model5,3pop,6,601,700,7,0.316035,0.139912
Model5,3pop,6,701,800,6,0.0577778,0.0249288
Model5,3pop,6,801,900,11,0.0731435,0.0570664
Model5,3pop,6,901,1000,13,0.219858,0.095882
Model5,3pop,9,1,100,12,0.133303,0.045036
Model5,3pop,9,101,200,16,0.0860908,0.0361786
Model5,3pop,9,201,300,12,0.049839,0.0271534
Model5,3pop,9,301,400,9,0.0387334,0.0162958
Model5,3pop,9,401,500,12,0.119109,0.0548468
Model5,3pop,9,501,600,11,0.143973,0.104984
Model5,3pop,9,601,700,10,0.105721,0.0595227
Model5,3pop,9,701,800,9,0.138793,0.0405091
Model5,3pop,9,801,900,9,0.15528,0.0867372
Model5,3pop,9,901,1000,9,0.151289,0.100069
Model5,3pop,19,1,100,13,0.0230321,0.0267656
Model5,3pop,19,101,200,13,0.0529899,0.0444939
Model5,3pop,19,201,300,13,0.0353186,0.0307382
Model5,3pop,19,301,400,11,0.0381296,0.0351161
Model5,3pop,19,401,500,14,0.0590423,0.0503891
Model5,3pop,19,501,600,16,0.0282386,0.0212732
Model5,3pop,19,601,700,13,0.0309267,0.0251124
Model5,3pop,19,701,800,21,0.0327136,0.0338637
Model5,3pop,19,801,900,17,0.0430768,0.0401594
Model5,3pop,19,901,1000,10,0.0056559,-0.00328566
Model5,3pop,11,1,100,13,0.000882373,0.0118673
Model5,3pop,11,101,200,9,0.0339506,0.0328985
Model5,3pop,11,201,300,15,0.0260317,0.0266863
Model5,3pop,11,301,400,10,0.00287738,0.0104359
Model5,3pop,11,401,500,4,-0.0430839,-0.0350103
Model5,3pop,11,501,600,5,0.0457893,0.0293899
Model5,3pop,11,601,700,7,0.00730663,0.00204614
Model5,3pop,11,701,800,12,0.0951771,0.0440735
Model5,3pop,11,801,900,5,-0.025547,-0.0215594
Model5,3pop,11,901,1000,5,-0.0058855,-0.000128458
Model5,3pop,14,1,100,10,0.0995747,0.0651518
Model5,3pop,14,101,200,6,0.0425844,0.0354398
Model5,3pop,14,201,300,15,0.0889163,0.0508632
Model5,3pop,14,301,400,8,0.153106,0.154924
Model5,3pop,14,401,500,11,0.128766,0.0504674
Model5,3pop,14,501,600,8,0.0910897,0.073033
Model5,3pop,14,601,700,14,0.0246552,0.0149977
Model5,3pop,14,701,800,14,0.196856,0.0908783
Model5,3pop,14,801,900,17,0.0780142,0.0661725
Model5,3pop,14,901,1000,13,0.122942,0.0932683
Model5,3pop,11,1,100,13,0.000996512,0.00205551
Model5,3pop,11,101,200,11,0.00619094,0.0136917
Model5,3pop,11,201,300,19,-0.000747841,0.0114711
Model5,3pop,11,301,400,8,-0.0365399,-0.00684726
Model5,3pop,11,401,500,13,-0.0277628,-0.0155375
Model5,3pop,11,501,600,11,-0.0127035,-0.0033108
Model5,3pop,11,601,700,14,-0.0205434,-0.00791428
Model5,3pop,11,701,800,11,0.00721021,0.0171437
Model5,3pop,11,801,900,12,0.0177274,0.0148107
Model5,3pop,11,901,1000,18,-0.0284006,-0.00111656
Model5,3pop,8,1,100,13,0.113356,0.0847917
Model5,3pop,8,101,200,14,0.0849673,0.0392949
Model5,3pop,8,201,300,15,0.0677966,0.0413356
Model5,3pop,8,301,400,17,0.103532,0.0823428
Model5,3pop,8,401,500,18,0.0913893,0.0666486
Model5,3pop,8,501,600,15,0.107312,0.0911459
Model5,3pop,8,601,700,18,0.0655031,0.0559036
Model5,3pop,8,701,800,14,0.0478646,0.0291334
Model5,3pop,8,801,900,21,0.0874746,0.0574056
Model5,3pop,8,901,1000,18,0.0653561,0.0573204
Model5,3pop,6,1,100,15,-0.00981892,-0.000683457
Model5,3pop,6,101,200,9,0.0030581,0.0153901
Model5,3pop,6,201,300,6,-0.00190674,0.00975509
Model5,3pop,6,301,400,12,-0.0243386,-0.0107661
Model5,3pop,6,401,500,15,-0.0284476,-0.0149456
Model5,3pop,6,501,600,14,0.0114257,0.0237485
Model5,3pop,6,601,700,13,-0.00752495,0.00447302
Model5,3pop,6,701,800,15,-0.00948509,-0.00840709
Model5,3pop,6,801,900,12,-0.00516674,0.000728678
Model5,3pop,6,901,1000,18,-0.0202861,-0.0115845
Model5,3pop,2,1,100,13,0.0454221,0.0423786
Model5,3pop,2,101,200,11,0.0444444,0.0432346
Model5,3pop,2,201,300,19,0.0274998,0.0197805
Model5,3pop,2,301,400,14,0.0534156,0.0520283
Model5,3pop,2,401,500,13,0.0304691,0.0279685
Model5,3pop,2,501,600,13,0.0492554,0.0329202
Model5,3pop,2,601,700,7,0.0569233,0.0369072
Model5,3pop,2,701,800,10,0.03125,0.025403
Model5,3pop,2,801,900,14,0.0638207,0.0575008
Model5,3pop,2,901,1000,17,0.0303944,0.0239672
Model5,3pop,6,1,100,16,0.00676507,0.0042161
Model5,3pop,6,101,200,12,0.0796246,0.0391597
Model5,3pop,6,201,300,16,0.0194393,0.015747
Model5,3pop,6,301,400,15,0.0183016,0.0179706
Model5,3pop,6,401,500,11,0.0736706,0.0637369
Model5,3pop,6,501,600,10,0.00889717,0.010744
Model5,3pop,6,601,700,12,0.017327,0.0174744
Model5,3pop,6,701,800,13,0.0277778,0.0235289
Model5,3pop,6,801,900,14,0.0322368,0.020108
Model5,3pop,6,901,1000,19,0.0403267,0.0238837
Model5,3pop,15,1,100,8,0.0405294,0.00678229
Model5,3pop,15,101,200,17,0.0980618,0.037404
Model5,3pop,15,201,300,11,0.112903,0.0540905
Model5,3pop,15,301,400,11,0.0884194,0.0580803
Model5,3pop,15,401,500,8,0.0735524,0.0429179
Model5,3pop,15,501,600,15,0.142841,0.103896
Model5,3pop,15,601,700,16,0.121447,0.0610042
Model5,3pop,15,701,800,12,0.164376,0.0789433
Model5,3pop,15,801,900,11,0.0598291,0.0256539
Model5,3pop,15,901,1000,16,0.131699,0.0875017
Model5,3pop,10,1,100,10,0.0658492,0.0483794
Model5,3pop,10,101,200,10,0.143983,0.0952967
Model5,3pop,10,201,300,20,0.261797,0.15628
Model5,3pop,10,301,400,17,0.208197,0.0807622
Model5,3pop,10,401,500,11,0.118891,0.0564188
Model5,3pop,10,501,600,12,0.0797028,0.0532465
Model5,3pop,10,601,700,11,0.218497,0.114083
Model5,3pop,10,701,800,13,0.302628,0.150211
Model5,3pop,10,801,900,12,0.228498,0.116837
Model5,3pop,10,901,1000,11,0.263536,0.13646
