CHROM,BIN_START,BIN_END,N_VARIANTS,PI
4,1,100,90,0.473605
4,101,200,88,0.459362
4,201,300,93,0.483554
4,301,400,92,0.470243
4,401,500,86,0.436537
4,501,600,82,0.413056
4,601,700,83,0.462158
4,701,800,89,0.456153
4,801,900,88,0.451994
4,901,1000,91,0.490068
7,1,100,87,0.448429
7,101,200,90,0.454141
7,201,300,91,0.478186
7,301,400,87,0.446249
7,401,500,93,0.504684
7,501,600,96,0.467311
7,601,700,89,0.467859
7,701,800,88,0.456983
7,801,900,90,0.465808
7,901,1000,87,0.441667
17,1,100,91,0.464328
17,101,200,87,0.447147
17,201,300,94,0.488554
17,301,400,97,0.512802
17,401,500,90,0.472605
17,501,600,84,0.441576
17,601,700,88,0.481661
17,701,800,88,0.46996
17,801,900,92,0.473921
17,901,1000,94,0.47952
1,1,100,92,0.472847
1,101,200,94,0.486311
1,201,300,90,0.463006
1,301,400,87,0.452785
1,401,500,90,0.472876
1,501,600,92,0.482644
1,601,700,90,0.448734
1,701,800,90,0.474932
1,801,900,92,0.473627
1,901,1000,89,0.463486
2,1,100,92,0.49413
2,101,200,90,0.46335
2,201,300,91,0.46335
2,301,400,89,0.443424
2,401,500,86,0.439271
2,501,600,93,0.472079
2,601,700,92,0.481395
2,701,800,87,0.455107
2,801,900,88,0.447339
2,901,1000,85,0.432294
19,1,100,90,0.458718
19,101,200,91,0.461028
19,201,300,87,0.461232
19,301,400,90,0.490825
19,401,500,93,0.491554
19,501,600,88,0.471678
19,601,700,93,0.474983
19,701,800,94,0.46826
19,801,900,97,0.515232
19,901,1000,89,0.441605
16,1,100,86,0.457876
16,101,200,87,0.451966
16,201,300,85,0.448486
16,301,400,92,0.473989
16,401,500,88,0.474876
16,501,600,88,0.450559
16,601,700,86,0.449695
16,701,800,89,0.47204
16,801,900,90,0.446706
16,901,1000,88,0.455881
3,1,100,97,0.481593
3,101,200,93,0.479153
3,201,300,85,0.461842
3,301,400,91,0.462034
3,401,500,81,0.422068
3,501,600,87,0.45096
3,601,700,91,0.466079
3,701,800,86,0.460407
3,801,900,88,0.447706
3,901,1000,91,0.468266
3,1,100,90,0.45513
3,101,200,92,0.481701
3,201,300,89,0.457266
3,301,400,88,0.457932
3,401,500,93,0.486113
3,501,600,89,0.46487
3,601,700,89,0.477492
3,701,800,91,0.477542
3,801,900,90,0.463418
3,901,1000,89,0.453395
8,1,100,94,0.483475
8,101,200,90,0.456345
8,201,300,89,0.455339
8,301,400,87,0.469345
8,401,500,95,0.502333
8,501,600,89,0.443751
8,601,700,86,0.458655
8,701,800,89,0.453424
8,801,900,84,0.458147
8,901,1000,82,0.434062
0,1,100,66,0.290661
8,1,100,90,0.48696
8,101,200,91,0.473774
8,201,300,89,0.456356
8,301,400,91,0.486497
8,401,500,91,0.442972
8,501,600,86,0.442311
8,601,700,91,0.459441
8,701,800,85,0.415718
8,801,900,87,0.458836
8,901,1000,90,0.462921
7,1,100,87,0.449418
7,101,200,87,0.429791
7,201,300,90,0.460198
7,301,400,96,0.498944
7,401,500,95,0.493198
7,501,600,90,0.463904
7,601,700,94,0.48296
7,701,800,92,0.48161
7,801,900,90,0.471051
7,901,1000,87,0.463729
10,1,100,87,0.461701
10,101,200,93,0.479051
10,201,300,90,0.46191
10,301,400,90,0.461288
10,401,500,87,0.460684
10,501,600,95,0.484938
10,601,700,94,0.48735
10,701,800,85,0.435525
10,801,900,87,0.450096
10,901,1000,91,0.478124
17,1,100,93,0.47896
17,101,200,90,0.461582
17,201,300,89,0.479989
17,301,400,90,0.46648
17,401,500,90,0.479379
17,501,600,87,0.442808
17,601,700,92,0.474994
17,701,800,88,0.45548
17,801,900,91,0.466689
17,901,1000,86,0.452299
13,1,100,90,0.472458
13,101,200,86,0.444107
13,201,300,92,0.48287
13,301,400,89,0.47335
13,401,500,87,0.440119
13,501,600,90,0.457062
13,601,700,89,0.450424
13,701,800,87,0.431893
13,801,900,93,0.516825
13,901,1000,90,0.462282
16,1,100,89,0.45887
16,101,200,94,0.494356
16,201,300,88,0.464508
16,301,400,90,0.473819
16,401,500,93,0.493356
16,501,600,82,0.416085
16,601,700,86,0.449836
16,701,800,90,0.470785
16,801,900,94,0.490339
16,901,1000,91,0.483034
14,1,100,87,0.469718
14,101,200,92,0.470593
14,201,300,84,0.423802
14,301,400,91,0.474362
14,401,500,91,0.479768
14,501,600,94,0.489605
14,601,700,94,0.49974
14,701,800,93,0.480944
14,801,900,89,0.462305
14,901,1000,89,0.478395
13,1,100,91,0.476718
13,101,200,93,0.484497
13,201,300,83,0.420876
13,301,400,91,0.468819
13,401,500,84,0.449322
13,501,600,87,0.449113
13,601,700,87,0.448831
13,701,800,90,0.472571
13,801,900,92,0.475379
13,901,1000,87,0.440599
13,1,100,93,0.486548
13,101,200,90,0.459531
13,201,300,89,0.480593
13,301,400,89,0.479254
13,401,500,85,0.435147
13,501,600,87,0.443734
13,601,700,87,0.444311
13,701,800,88,0.451746
13,801,900,89,0.461768
13,901,1000,84,0.426271
10,1,100,93,0.486153
10,101,200,92,0.472034
10,201,300,93,0.46065
10,301,400,90,0.483582
10,401,500,87,0.462254
10,501,600,88,0.459124
10,601,700,86,0.434819
10,701,800,86,0.431119
10,801,900,90,0.468017
10,901,1000,83,0.443514
4,1,100,97,0.500859
4,101,200,84,0.438203
4,201,300,95,0.482831
4,301,400,89,0.458695
4,401,500,92,0.496831
4,501,600,91,0.487282
4,601,700,94,0.48339
4,701,800,91,0.451288
4,801,900,89,0.475588
4,901,1000,92,0.465531
7,1,100,92,0.479938
7,101,200,89,0.463989
7,201,300,88,0.44413
7,301,400,93,0.499158
7,401,500,93,0.500316
7,501,600,90,0.46539
7,601,700,91,0.45874
7,701,800,91,0.471542
7,801,900,83,0.424311
7,901,1000,91,0.466932
19,1,100,95,0.488757
19,101,200,89,0.469203
19,201,300,90,0.448441
19,301,400,87,0.446006
19,401,500,91,0.458113
19,501,600,90,0.463729
19,601,700,86,0.454904
19,701,800,88,0.455836
19,801,900,87,0.456689
19,901,1000,89,0.465695
11,1,100,85,0.438254
11,101,200,89,0.459508
11,201,300,87,0.447627
11,301,400,93,0.492412
11,401,500,86,0.43535
11,501,600,93,0.462712
11,601,700,89,0.45113
11,701,800,92,0.477542
11,801,900,86,0.446333
11,901,1000,90,0.458226
17,1,100,85,0.452294
17,101,200,89,0.464266
17,201,300,87,0.450249
17,301,400,85,0.435045
17,401,500,87,0.45896
17,501,600,87,0.466435
17,601,700,90,0.48122
17,701,800,90,0.465282
17,801,900,84,0.428141
17,901,1000,88,0.440028
4,1,100,92,0.472271
4,101,200,86,0.452147
4,201,300,99,0.509757
4,301,400,90,0.47722
4,401,500,85,0.454412
4,501,600,84,0.430571
4,601,700,91,0.477576
4,701,800,92,0.468808
4,801,900,89,0.45778
4,901,1000,89,0.451192
1,1,100,95,0.489254
1,101,200,89,0.464915
1,201,300,89,0.481915
1,301,400,89,0.472124
1,401,500,91,0.468345
1,501,600,88,0.439463
1,601,700,83,0.413565
1,701,800,88,0.454559
1,801,900,93,0.48735
1,901,1000,94,0.470034
0,1,100,70,0.313237
5,1,100,93,0.478243
5,101,200,86,0.435226
5,201,300,87,0.442565
5,301,400,92,0.462181
5,401,500,83,0.421158
5,501,600,87,0.464525
5,601,700,90,0.485847
5,701,800,94,0.496424
5,801,900,87,0.439802
5,901,1000,89,0.444322
16,1,100,91,0.48626
16,101,200,86,0.424582
16,201,300,91,0.487068
16,301,400,91,0.491232
16,401,500,94,0.511768
16,501,600,94,0.485362
16,601,700,87,0.463102
16,701,800,90,0.46296
16,801,900,88,0.46735
16,901,1000,92,0.480531
13,1,100,90,0.476379
13,101,200,94,0.47652
13,201,300,91,0.462791
13,301,400,90,0.469079
13,401,500,90,0.457367
13,501,600,93,0.47639
13,601,700,88,0.456085
13,701,800,89,0.460864
13,801,900,92,0.478463
13,901,1000,89,0.466023
0,1,100,81,0.416339
0,101,200,88,0.44522
0,201,300,86,0.448633
0,301,400,90,0.459729
0,401,500,83,0.423249
0,501,600,99,0.532023
0,601,700,88,0.451418
0,701,800,86,0.455446
0,801,900,91,0.499588
0,901,1000,84,0.429096
0,1,100,86,0.461763
0,101,200,94,0.478825
0,201,300,91,0.462158
0,301,400,87,0.446881
0,401,500,92,0.49861
0,501,600,88,0.450994
0,601,700,93,0.471774
0,701,800,86,0.46565
0,801,900,89,0.475401
0,901,1000,84,0.431215
8,1,100,90,0.483944
8,101,200,90,0.45865
8,201,300,93,0.471028
8,301,400,89,0.469452
8,401,500,87,0.461192
8,501,600,88,0.47726
8,601,700,95,0.486068
8,701,800,91,0.469503
8,801,900,88,0.453203
8,901,1000,91,0.490831
5,1,100,84,0.443096
5,101,200,92,0.469062
5,201,300,87,0.472531
5,301,400,90,0.470232
5,401,500,91,0.462559
5,501,600,88,0.464554
5,601,700,82,0.416706
5,701,800,91,0.485842
5,801,900,93,0.466407
5,901,1000,88,0.46652
11,1,100,91,0.476497
11,101,200,89,0.487497
11,201,300,91,0.480062
11,301,400,94,0.481621
11,401,500,92,0.482514
11,501,600,90,0.471842
11,601,700,93,0.491345
11,701,800,93,0.486028
11,801,900,90,0.48139
11,901,1000,85,0.426814
1,1,100,92,0.481548
1,101,200,88,0.472944
1,201,300,83,0.440452
1,301,400,90,0.469774
1,401,500,89,0.487706
1,501,600,91,0.487701
1,601,700,90,0.46452
1,701,800,91,0.458113
1,801,900,94,0.49596
1,901,1000,87,0.451017
14,1,100,91,0.465672
14,101,200,84,0.44822
14,201,300,94,0.486124
14,301,400,92,0.491282
14,401,500,93,0.481277
14,501,600,91,0.475169
14,601,700,89,0.458763
14,701,800,90,0.471791
14,801,900,88,0.460362
14,901,1000,88,0.461401
5,1,100,88,0.47487
5,101,200,88,0.464853
5,201,300,87,0.45035
5,301,400,93,0.489938
5,401,500,91,0.468927
5,501,600,89,0.473023
5,601,700,90,0.487825
5,701,800,85,0.439825
5,801,900,91,0.480508
5,901,1000,94,0.485362
7,1,100,91,0.478362
7,101,200,90,0.465706
7,201,300,91,0.471441
7,301,400,92,0.463791
7,401,500,90,0.466689
7,501,600,88,0.461977
7,601,700,88,0.471418
7,701,800,89,0.47726
7,801,900,91,0.467831
7,901,1000,90,0.445644
17,1,100,94,0.492333
17,101,200,93,0.477944
17,201,300,85,0.456079
17,301,400,89,0.460209
17,401,500,94,0.508751
17,501,600,90,0.460977
17,601,700,88,0.466842
17,701,800,90,0.454085
17,801,900,95,0.483678
17,901,1000,88,0.455446
6,1,100,82,0.447836
6,101,200,88,0.442678
6,201,300,94,0.492576
6,301,400,87,0.455915
6,401,500,91,0.465881
6,501,600,91,0.448407
6,601,700,87,0.456588
6,701,800,90,0.468814
6,801,900,87,0.449017
6,901,1000,92,0.487412
5,1,100,92,0.477763
5,101,200,96,0.488836
5,201,300,90,0.479938
5,301,400,86,0.434435
5,401,500,93,0.482593
5,501,600,87,0.451367
5,601,700,93,0.477062
5,701,800,87,0.463452
5,801,900,88,0.452915
5,901,1000,93,0.477424
10,1,100,89,0.443395
10,101,200,91,0.467424
10,201,300,89,0.479802
10,301,400,92,0.481644
10,401,500,94,0.502446
10,501,600,83,0.448294
10,601,700,92,0.460277
10,701,800,89,0.458062
10,801,900,96,0.486209
10,901,1000,92,0.475011
15,1,100,92,0.481011
15,101,200,93,0.47639
15,201,300,85,0.44322
15,301,400,93,0.473243
15,401,500,91,0.459644
15,501,600,91,0.475757
15,601,700,89,0.438333
15,701,800,96,0.501621
15,801,900,87,0.440492
15,901,1000,88,0.460554
17,1,100,91,0.49074
17,101,200,90,0.460966
17,201,300,81,0.423989
17,301,400,92,0.488847
17,401,500,91,0.487237
17,501,600,90,0.462209
17,601,700,89,0.466808
17,701,800,90,0.44804
17,801,900,90,0.464831
17,901,1000,89,0.485751
7,1,100,91,0.489621
7,101,200,88,0.461729
7,201,300,90,0.473627
7,301,400,90,0.445898
7,401,500,86,0.441497
7,501,600,82,0.418672
7,601,700,91,0.462508
7,701,800,89,0.469164
7,801,900,89,0.468706
7,901,1000,86,0.447294
9,1,100,87,0.442147
9,101,200,91,0.470169
9,201,300,90,0.473424
9,301,400,92,0.494113
9,401,500,86,0.440791
9,501,600,92,0.496429
9,601,700,94,0.488616
9,701,800,91,0.465373
9,801,900,86,0.458237
9,901,1000,92,0.472734
12,1,100,87,0.449565
12,101,200,96,0.492554
12,201,300,88,0.461175
12,301,400,89,0.475271
12,401,500,94,0.507266
12,501,600,88,0.455712
12,601,700,92,0.497203
12,701,800,87,0.448395
12,801,900,87,0.462169
12,901,1000,91,0.493695
7,1,100,92,0.464537
7,101,200,92,0.474492
7,201,300,94,0.485661
7,301,400,91,0.479571
7,401,500,88,0.442864
7,501,600,92,0.472254
7,601,700,96,0.502836
7,701,800,85,0.421678
7,801,900,89,0.481186
7,901,1000,91,0.444119
4,1,100,92,0.473486
4,101,200,91,0.46665
4,201,300,93,0.499181
4,301,400,89,0.477356
4,401,500,88,0.436672
4,501,600,88,0.477808
4,601,700,93,0.480977
4,701,800,83,0.440401
4,801,900,88,0.434797
4,901,1000,87,0.448316
13,1,100,92,0.481565
13,101,200,93,0.495814
13,201,300,91,0.460508
13,301,400,92,0.487864
13,401,500,94,0.483181
13,501,600,94,0.503102
13,601,700,92,0.476243
13,701,800,90,0.468893
13,801,900,90,0.465249
13,901,1000,89,0.462
12,1,100,89,0.440282
12,101,200,94,0.50626
12,201,300,93,0.472684
12,301,400,92,0.484333
12,401,500,87,0.434983
12,501,600,94,0.489802
12,601,700,94,0.509096
12,701,800,87,0.441989
12,801,900,90,0.462311
12,901,1000,89,0.450475
5,1,100,94,0.492621
5,101,200,93,0.478401
5,201,300,90,0.476774
5,301,400,92,0.483576
5,401,500,89,0.449299
5,501,600,88,0.471814
5,601,700,88,0.458802
5,701,800,89,0.458836
5,801,900,90,0.461147
5,901,1000,90,0.465
4,1,100,90,0.462847
4,101,200,95,0.488593
4,201,300,89,0.457119
4,301,400,91,0.474288
4,401,500,91,0.477593
4,501,600,89,0.447927
4,601,700,92,0.467452
4,701,800,86,0.441746
4,801,900,86,0.464548
4,901,1000,86,0.442299
9,1,100,94,0.495277
9,101,200,92,0.490638
9,201,300,91,0.463667
9,301,400,89,0.458723
9,401,500,91,0.471023
9,501,600,82,0.407045
9,601,700,86,0.447294
9,701,800,88,0.457079
9,801,900,92,0.468904
9,901,1000,89,0.46296
14,1,100,84,0.430294
14,101,200,90,0.460977
14,201,300,88,0.445638
14,301,400,89,0.46491
14,401,500,94,0.482073
14,501,600,91,0.471695
14,601,700,93,0.475887
14,701,800,90,0.466017
14,801,900,88,0.463672
14,901,1000,93,0.480158
11,1,100,88,0.459859
11,101,200,87,0.455774
11,201,300,93,0.479113
11,301,400,92,0.490073
11,401,500,85,0.448644
11,501,600,95,0.493582
11,601,700,94,0.482333
11,701,800,93,0.471294
11,801,900,92,0.46809
11,901,1000,90,0.460045
9,1,100,92,0.476356
9,101,200,89,0.472124
9,201,300,88,0.448537
9,301,400,93,0.484186
9,401,500,87,0.460158
9,501,600,84,0.445525
9,601,700,88,0.461147
9,701,800,92,0.472746
9,801,900,94,0.498051
9,901,1000,90,0.462746
11,1,100,88,0.461932
11,101,200,92,0.462825
11,201,300,88,0.455215
11,301,400,90,0.451492
11,401,500,94,0.489791
11,501,600,89,0.466356
11,601,700,87,0.458294
11,701,800,86,0.435345
11,801,900,86,0.437006
11,901,1000,93,0.490503
1,1,100,89,0.464373
1,101,200,91,0.457339
1,201,300,88,0.457215
1,301,400,91,0.472068
1,401,500,94,0.482605
1,501,600,86,0.462836
1,601,700,87,0.457938
1,701,800,90,0.44752
1,801,900,87,0.451819
1,901,1000,86,0.463023
1,1,100,88,0.442638
1,101,200,91,0.483599
1,201,300,89,0.435554
1,301,400,88,0.440203
1,401,500,88,0.478446
1,501,600,89,0.46704
1,601,700,88,0.434548
1,701,800,90,0.477136
1,801,900,92,0.474452
1,901,1000,84,0.431249
0,1,100,72,0.318079
13,1,100,89,0.467554
13,101,200,87,0.439712
13,201,300,95,0.493915
13,301,400,88,0.468966
13,401,500,90,0.456927
13,501,600,87,0.451898
13,601,700,89,0.464921
13,701,800,90,0.488966
13,801,900,87,0.463734
13,901,1000,93,0.47209
6,1,100,84,0.441475
6,101,200,88,0.473955
6,201,300,87,0.459486
6,301,400,92,0.483339
6,401,500,95,0.479458
6,501,600,84,0.444424
6,601,700,86,0.452712
6,701,800,86,0.451006
6,801,900,95,0.514011
6,901,1000,86,0.456525
0,1,100,79,0.347429
16,1,100,87,0.458328
16,101,200,90,0.469322
16,201,300,89,0.438944
16,301,400,93,0.481977
16,401,500,94,0.484791
16,501,600,97,0.515525
16,601,700,89,0.453277
16,701,800,88,0.461802
16,801,900,90,0.491627
16,901,1000,87,0.443198
3,1,100,90,0.46587
3,101,200,91,0.476068
3,201,300,90,0.456299
3,301,400,92,0.482944
3,401,500,89,0.458763
3,501,600,90,0.453028
3,601,700,87,0.449373
3,701,800,87,0.443768
3,801,900,94,0.471373
3,901,1000,83,0.442311
1,1,100,86,0.459073
1,101,200,90,0.457621
1,201,300,86,0.452333
1,301,400,89,0.464412
1,401,500,92,0.489774
1,501,600,88,0.477876
1,601,700,88,0.465842
1,701,800,86,0.453237
1,801,900,88,0.454576
1,901,1000,92,0.474684
19,1,100,88,0.479237
19,101,200,88,0.44961
19,201,300,90,0.470989
19,301,400,92,0.455644
19,401,500,94,0.503164
19,501,600,92,0.470249
19,601,700,94,0.497141
19,701,800,90,0.473565
19,801,900,89,0.453226
19,901,1000,94,0.480085
11,1,100,84,0.441141
11,101,200,91,0.46191
11,201,300,89,0.472599
11,301,400,94,0.474757
11,401,500,91,0.464232
11,501,600,94,0.49248
11,601,700,94,0.481266
11,701,800,97,0.496774
11,801,900,89,0.469627
11,901,1000,90,0.468977
10,1,100,92,0.478627
10,101,200,95,0.495452
10,201,300,91,0.465107
10,301,400,89,0.46113
10,401,500,88,0.463384
10,501,600,91,0.476638
10,601,700,94,0.473458
10,701,800,87,0.451316
10,801,900,91,0.489311
10,901,1000,90,0.477938
11,1,100,93,0.491599
11,101,200,87,0.457102
11,201,300,88,0.464119
11,301,400,90,0.474062
11,401,500,89,0.470712
11,501,600,91,0.459243
11,601,700,89,0.463599
11,701,800,86,0.457412
11,801,900,90,0.476774
11,901,1000,86,0.445537
16,1,100,90,0.485734
16,101,200,86,0.446633
16,201,300,89,0.457458
16,301,400,90,0.458695
16,401,500,87,0.454243
16,501,600,90,0.473475
16,601,700,95,0.485763
16,701,800,93,0.463921
16,801,900,92,0.488441
16,901,1000,91,0.473621
3,1,100,87,0.457288
3,101,200,92,0.482836
3,201,300,89,0.454249
3,301,400,92,0.464859
3,401,500,91,0.487802
3,501,600,87,0.457508
3,601,700,87,0.445
3,701,800,89,0.469282
3,801,900,95,0.496554
3,901,1000,89,0.494062
0,1,100,90,0.467644
0,101,200,87,0.460062
0,201,300,87,0.471124
0,301,400,85,0.458441
0,401,500,93,0.476486
0,501,600,95,0.498994
0,601,700,90,0.461605
0,701,800,92,0.462994
0,801,900,90,0.464198
0,901,1000,84,0.451045
18,1,100,84,0.443915
18,101,200,90,0.477412
18,201,300,90,0.445938
18,301,400,91,0.472362
18,401,500,92,0.45948
18,501,600,92,0.490932
18,601,700,91,0.468853
18,701,800,87,0.435141
18,801,900,89,0.469277
18,901,1000,89,0.446763
2,1,100,90,0.46587
2,101,200,91,0.476068
2,201,300,90,0.456299
2,301,400,92,0.482944
2,401,500,89,0.458763
2,501,600,90,0.453028
2,601,700,87,0.449373
2,701,800,87,0.443768
2,801,900,94,0.471373
2,901,1000,83,0.442311
17,1,100,90,0.464542
17,101,200,93,0.478667
17,201,300,92,0.487938
17,301,400,87,0.45322
17,401,500,91,0.477299
17,501,600,85,0.464169
17,601,700,94,0.481079
17,701,800,91,0.477119
17,801,900,88,0.456407
17,901,1000,95,0.492073
15,1,100,87,0.459751
15,101,200,90,0.472271
15,201,300,96,0.504407
15,301,400,88,0.459141
15,401,500,90,0.467249
15,501,600,88,0.453944
15,601,700,82,0.442847
15,701,800,91,0.47887
15,801,900,90,0.461661
15,901,1000,93,0.476028
5,1,100,83,0.430853
5,101,200,85,0.443599
5,201,300,87,0.438203
5,301,400,92,0.47952
5,401,500,93,0.476876
5,501,600,91,0.482904
5,601,700,92,0.473921
5,701,800,96,0.484333
5,801,900,92,0.489045
5,901,1000,89,0.447565
4,1,100,88,0.439706
4,101,200,86,0.442655
4,201,300,93,0.465028
4,301,400,82,0.436831
4,401,500,88,0.443898
4,501,600,96,0.486023
4,601,700,89,0.463853
4,701,800,90,0.467294
4,801,900,94,0.490514
4,901,1000,90,0.461407
2,1,100,89,0.473435
2,101,200,95,0.499712
2,201,300,88,0.471701
2,301,400,89,0.475876
2,401,500,81,0.423831
2,501,600,89,0.464887
2,601,700,91,0.486243
2,701,800,91,0.479621
2,801,900,88,0.456395
2,901,1000,88,0.451842
16,1,100,80,0.417215
16,101,200,86,0.449797
16,201,300,92,0.48835
16,301,400,90,0.463751
16,401,500,93,0.475288
16,501,600,93,0.481023
16,601,700,89,0.457927
16,701,800,94,0.501085
16,801,900,90,0.454729
16,901,1000,85,0.440582
18,1,100,85,0.44391
18,101,200,86,0.458085
18,201,300,93,0.474802
18,301,400,91,0.490424
18,401,500,91,0.470808
18,501,600,87,0.460045
18,601,700,98,0.497226
18,701,800,89,0.465616
18,801,900,83,0.422294
18,901,1000,87,0.441819
1,1,100,91,0.474407
1,101,200,86,0.434028
1,201,300,90,0.471684
1,301,400,85,0.435249
1,401,500,90,0.467497
1,501,600,90,0.490904
1,601,700,88,0.454011
1,701,800,91,0.460514
1,801,900,94,0.490503
1,901,1000,90,0.462017
15,1,100,90,0.478757
15,101,200,91,0.469864
15,201,300,88,0.452181
15,301,400,87,0.441226
15,401,500,91,0.470198
15,501,600,91,0.478418
15,601,700,93,0.490446
15,701,800,96,0.505068
15,801,900,90,0.47239
15,901,1000,92,0.465288
6,1,100,91,0.476825
6,101,200,90,0.482056
6,201,300,86,0.457638
6,301,400,87,0.442836
6,401,500,91,0.462667
6,501,600,86,0.436294
6,601,700,91,0.466853
6,701,800,93,0.486571
6,801,900,93,0.477079
6,901,1000,87,0.471085
6,1,100,91,0.482576
6,101,200,89,0.454927
6,201,300,87,0.456356
6,301,400,93,0.470192
6,401,500,89,0.464689
6,501,600,83,0.425944
6,601,700,81,0.407599
6,701,800,87,0.454927
6,801,900,94,0.503712
6,901,1000,89,0.456525
18,1,100,90,0.454056
18,101,200,89,0.465113
18,201,300,87,0.466893
18,301,400,86,0.433599
18,401,500,91,0.473412
18,501,600,92,0.467192
18,601,700,87,0.445373
18,701,800,90,0.469237
18,801,900,85,0.442203
18,901,1000,92,0.490379
15,1,100,86,0.425864
15,101,200,94,0.491695
15,201,300,92,0.494508
15,301,400,90,0.45
15,401,500,88,0.454266
15,501,600,90,0.453435
15,601,700,84,0.451023
15,701,800,91,0.477028
15,801,900,89,0.472701
15,901,1000,91,0.473006
14,1,100,92,0.493571
14,101,200,88,0.463582
14,201,300,86,0.439944
14,301,400,93,0.471797
14,401,500,91,0.475847
14,501,600,97,0.513808
14,601,700,92,0.478898
14,701,800,83,0.427763
14,801,900,87,0.446893
14,901,1000,90,0.45665
13,1,100,89,0.463667
13,101,200,96,0.488271
13,201,300,84,0.432475
13,301,400,90,0.468853
13,401,500,91,0.473508
13,501,600,90,0.469904
13,601,700,93,0.483525
13,701,800,86,0.460627
13,801,900,87,0.442254
13,901,1000,91,0.463497
4,1,100,91,0.482034
4,101,200,89,0.453209
4,201,300,94,0.497328
4,301,400,93,0.468056
4,401,500,93,0.47539
4,501,600,89,0.458944
4,601,700,89,0.455096
4,701,800,85,0.453469
4,801,900,87,0.45052
4,901,1000,86,0.433401
1,1,100,94,0.486768
1,101,200,93,0.492316
1,201,300,88,0.459949
1,301,400,93,0.473153
1,401,500,88,0.448316
1,501,600,86,0.426215
1,601,700,88,0.477079
1,701,800,94,0.47565
1,801,900,90,0.467226
1,901,1000,90,0.460367
11,1,100,95,0.50439
11,101,200,98,0.512429
11,201,300,93,0.484644
11,301,400,88,0.457147
11,401,500,89,0.46778
11,501,600,84,0.450011
11,601,700,91,0.482932
11,701,800,94,0.492678
11,801,900,85,0.448915
11,901,1000,89,0.444339
2,1,100,91,0.48009
2,101,200,90,0.458842
2,201,300,86,0.449989
2,301,400,90,0.451791
2,401,500,91,0.474497
2,501,600,93,0.477525
2,601,700,94,0.484972
2,701,800,85,0.458537
2,801,900,93,0.481266
2,901,1000,95,0.513605
17,1,100,87,0.452672
17,101,200,91,0.465734
17,201,300,91,0.472277
17,301,400,93,0.481362
17,401,500,86,0.44404
17,501,600,87,0.455921
17,601,700,91,0.482011
17,701,800,88,0.453893
17,801,900,88,0.434192
17,901,1000,88,0.455085
10,1,100,92,0.475311
10,101,200,85,0.417774
10,201,300,91,0.465192
10,301,400,93,0.489006
10,401,500,86,0.445045
10,501,600,92,0.472418
10,601,700,94,0.492605
10,701,800,95,0.483774
10,801,900,92,0.477785
10,901,1000,89,0.474548
13,1,100,85,0.451169
13,101,200,88,0.456508
13,201,300,88,0.446661
13,301,400,88,0.468045
13,401,500,93,0.480181
13,501,600,88,0.454627
13,601,700,94,0.493328
13,701,800,90,0.44839
13,801,900,88,0.463921
13,901,1000,93,0.48922
7,1,100,94,0.489768
7,101,200,84,0.45939
7,201,300,88,0.454299
7,301,400,94,0.485814
7,401,500,91,0.476362
7,501,600,87,0.447559
7,601,700,89,0.477401
7,701,800,92,0.491718
7,801,900,89,0.467542
7,901,1000,92,0.488429
0,1,100,75,0.32852
3,1,100,95,0.496113
3,101,200,86,0.440367
3,201,300,91,0.466322
3,301,400,88,0.45809
3,401,500,88,0.444864
3,501,600,88,0.457011
3,601,700,90,0.463181
3,701,800,84,0.43996
3,801,900,91,0.462977
3,901,1000,88,0.455853
19,1,100,88,0.468395
19,101,200,90,0.477814
19,201,300,86,0.43996
19,301,400,92,0.490412
19,401,500,90,0.456966
19,501,600,85,0.424932
19,601,700,87,0.452655
19,701,800,93,0.500424
19,801,900,91,0.458294
19,901,1000,91,0.477299
2,1,100,88,0.468073
2,101,200,92,0.481836
2,201,300,90,0.466158
2,301,400,92,0.471198
2,401,500,87,0.464994
2,501,600,91,0.460757
2,601,700,89,0.465588
2,701,800,89,0.447418
2,801,900,93,0.479904
2,901,1000,93,0.477469
0,1,100,91,0.477977
0,101,200,90,0.495785
0,201,300,86,0.447915
0,301,400,86,0.44874
0,401,500,87,0.433056
0,501,600,85,0.445469
0,601,700,90,0.463836
0,701,800,94,0.499062
0,801,900,91,0.456808
0,901,1000,85,0.446412
6,1,100,91,0.475079
6,101,200,88,0.455147
6,201,300,91,0.477006
6,301,400,92,0.463927
6,401,500,92,0.471718
6,501,600,88,0.455107
6,601,700,93,0.499079
6,701,800,85,0.417627
6,801,900,88,0.458689
6,901,1000,85,0.447435
4,1,100,89,0.461695
4,101,200,92,0.473944
4,201,300,87,0.45035
4,301,400,96,0.52087
4,401,500,88,0.455695
4,501,600,87,0.452277
4,601,700,92,0.474169
4,701,800,91,0.457107
4,801,900,88,0.448655
4,901,1000,87,0.464672
7,1,100,90,0.479847
7,101,200,85,0.453429
7,201,300,92,0.48561
7,301,400,90,0.486006
7,401,500,92,0.461288
7,501,600,94,0.490881
7,601,700,87,0.465119
7,701,800,94,0.507876
7,801,900,91,0.485655
7,901,1000,82,0.428712
5,1,100,91,0.470723
5,101,200,96,0.508582
5,201,300,85,0.443729
5,301,400,90,0.457379
5,401,500,93,0.490599
5,501,600,89,0.457672
5,601,700,92,0.486944
5,701,800,95,0.481785
5,801,900,86,0.463847
5,901,1000,89,0.445672
16,1,100,94,0.500243
16,101,200,92,0.480164
16,201,300,82,0.436644
16,301,400,86,0.439791
16,401,500,89,0.468785
16,501,600,89,0.470045
16,601,700,94,0.478192
16,701,800,87,0.456944
16,801,900,88,0.456249
16,901,1000,92,0.480565
0,1,100,75,0.329898
19,1,100,88,0.462435
19,101,200,87,0.430056
19,201,300,90,0.468531
19,301,400,94,0.488215
19,401,500,91,0.478232
19,501,600,89,0.44791
19,601,700,94,0.488192
19,701,800,92,0.475418
19,801,900,81,0.434627
19,901,1000,80,0.420548
18,1,100,91,0.486932
18,101,200,89,0.472469
18,201,300,86,0.453944
18,301,400,82,0.430797
18,401,500,94,0.498322
18,501,600,90,0.453203
18,601,700,92,0.492
18,701,800,87,0.462424
18,801,900,89,0.465627
18,901,1000,91,0.463898
15,1,100,84,0.450079
15,101,200,91,0.474497
15,201,300,91,0.465424
15,301,400,92,0.479362
15,401,500,92,0.486593
15,501,600,90,0.459853
15,601,700,96,0.505085
15,701,800,89,0.456401
15,801,900,95,0.500486
15,901,1000,83,0.445068
4,1,100,95,0.494486
4,101,200,89,0.458853
4,201,300,97,0.504407
4,301,400,86,0.444333
4,401,500,88,0.444847
4,501,600,88,0.449644
4,601,700,88,0.455859
4,701,800,89,0.48539
4,801,900,81,0.431655
4,901,1000,88,0.434605
12,1,100,91,0.466017
12,101,200,90,0.464751
12,201,300,91,0.482141
12,301,400,91,0.478305
12,401,500,88,0.470294
12,501,600,89,0.457119
12,601,700,88,0.467147
12,701,800,92,0.485141
12,801,900,82,0.414638
12,901,1000,91,0.47835
17,1,100,89,0.453124
17,101,200,87,0.461339
17,201,300,94,0.474085
17,301,400,90,0.461593
17,401,500,91,0.485802
17,501,600,91,0.492525
17,601,700,87,0.477463
17,701,800,87,0.43335
17,801,900,87,0.468621
17,901,1000,87,0.448712
6,1,100,87,0.460028
6,101,200,90,0.464503
6,201,300,88,0.480475
6,301,400,91,0.484887
6,401,500,90,0.478452
6,501,600,85,0.453921
6,601,700,90,0.469006
6,701,800,85,0.447345
6,801,900,90,0.463463
6,901,1000,83,0.436836
18,1,100,88,0.464113
18,101,200,90,0.456582
18,201,300,94,0.485492
18,301,400,91,0.477955
18,401,500,90,0.476842
18,501,600,83,0.433316
18,601,700,92,0.467492
18,701,800,87,0.423712
18,801,900,91,0.475672
18,901,1000,87,0.441859
10,1,100,89,0.472582
10,101,200,83,0.451842
10,201,300,89,0.476831
10,301,400,89,0.478559
10,401,500,90,0.454062
10,501,600,88,0.468497
10,601,700,88,0.459616
10,701,800,92,0.492407
10,801,900,90,0.458277
10,901,1000,94,0.482271
9,1,100,94,0.484983
9,101,200,84,0.436983
9,201,300,92,0.478695
9,301,400,91,0.457113
9,401,500,92,0.475972
9,501,600,86,0.43987
9,601,700,90,0.468537
9,701,800,87,0.454921
9,801,900,87,0.451153
9,901,1000,83,0.435819
0,1,100,87,0.458249
0,101,200,93,0.48339
0,201,300,90,0.456695
0,301,400,88,0.484672
0,401,500,91,0.478294
0,501,600,94,0.478859
0,601,700,89,0.463712
0,701,800,87,0.461944
0,801,900,92,0.458469
0,901,1000,90,0.45826
10,1,100,89,0.470949
10,101,200,85,0.436051
10,201,300,89,0.454017
10,301,400,90,0.461384
10,401,500,91,0.467215
10,501,600,86,0.434508
10,601,700,90,0.477955
10,701,800,88,0.470667
10,801,900,84,0.433751
10,901,1000,91,0.476797
9,1,100,87,0.464237
9,101,200,87,0.459718
9,201,300,94,0.489627
9,301,400,89,0.459486
9,401,500,89,0.474079
9,501,600,92,0.476932
9,601,700,93,0.484525
9,701,800,95,0.497633
9,801,900,89,0.469266
9,901,1000,92,0.481667
0,1,100,74,0.331051
19,1,100,91,0.46578
19,101,200,91,0.467096
19,201,300,91,0.471559
19,301,400,90,0.46848
19,401,500,92,0.477842
19,501,600,91,0.450356
19,601,700,85,0.44278
19,701,800,90,0.472678
19,801,900,92,0.470966
19,901,1000,91,0.453356
12,1,100,90,0.473791
12,101,200,89,0.46704
12,201,300,92,0.484198
12,301,400,87,0.470864
12,401,500,88,0.466373
12,501,600,89,0.460395
12,601,700,87,0.45478
12,701,800,86,0.457904
12,801,900,87,0.456463
12,901,1000,86,0.44296
5,1,100,96,0.483893
5,101,200,91,0.473949
5,201,300,88,0.469192
5,301,400,94,0.465621
5,401,500,90,0.482554
5,501,600,90,0.44339
5,601,700,90,0.46035
5,701,800,85,0.441734
5,801,900,91,0.469452
5,901,1000,89,0.436243
15,1,100,90,0.459831
15,101,200,86,0.452565
15,201,300,92,0.477537
15,301,400,91,0.471734
15,401,500,92,0.484356
15,501,600,87,0.462768
15,601,700,92,0.463124
15,701,800,90,0.455638
15,801,900,93,0.490249
15,901,1000,87,0.464831
15,1,100,89,0.442644
15,101,200,93,0.487582
15,201,300,92,0.479045
15,301,400,95,0.494203
15,401,500,94,0.494339
15,501,600,86,0.448452
15,601,700,81,0.426678
15,701,800,93,0.488446
15,801,900,91,0.450198
15,901,1000,91,0.465294
17,1,100,96,0.494605
17,101,200,85,0.431627
17,201,300,94,0.49748
17,301,400,90,0.471859
17,401,500,91,0.491051
17,501,600,88,0.472701
17,601,700,92,0.474915
17,701,800,88,0.469085
17,801,900,88,0.464153
17,901,1000,92,0.499734
0,1,100,79,0.345311
8,1,100,91,0.461209
8,101,200,92,0.484695
8,201,300,90,0.476102
8,301,400,92,0.471718
8,401,500,91,0.463734
8,501,600,94,0.481463
8,601,700,90,0.473254
8,701,800,87,0.46804
8,801,900,90,0.444119
8,901,1000,82,0.435667
1,1,100,85,0.445684
1,101,200,96,0.487181
1,201,300,89,0.468672
1,301,400,85,0.44196
1,401,500,89,0.444209
1,501,600,85,0.453695
1,601,700,89,0.45635
1,701,800,92,0.459706
1,801,900,91,0.454463
1,901,1000,89,0.443299
8,1,100,92,0.480582
8,101,200,90,0.469751
8,201,300,90,0.48287
8,301,400,86,0.437921
8,401,500,86,0.454508
8,501,600,88,0.47778
8,601,700,92,0.467045
8,701,800,88,0.465678
8,801,900,84,0.434955
8,901,1000,86,0.436113
2,1,100,88,0.456695
2,101,200,89,0.453169
2,201,300,88,0.456836
2,301,400,88,0.458921
2,401,500,90,0.459006
2,501,600,94,0.49796
2,601,700,94,0.49952
2,701,800,94,0.49387
2,801,900,91,0.474316
2,901,1000,86,0.439056
12,1,100,88,0.463339
12,101,200,93,0.470424
12,201,300,88,0.450362
12,301,400,90,0.481565
12,401,500,90,0.463768
12,501,600,89,0.47774
12,601,700,92,0.494277
12,701,800,88,0.446825
12,801,900,88,0.439322
12,901,1000,88,0.462429
18,1,100,90,0.474458
18,101,200,90,0.455429
18,201,300,87,0.462254
18,301,400,88,0.446514
18,401,500,90,0.483661
18,501,600,86,0.420678
18,601,700,86,0.447621
18,701,800,91,0.478915
18,801,900,90,0.456446
18,901,1000,86,0.452678
7,1,100,92,0.474887
7,101,200,93,0.468379
7,201,300,84,0.455785
7,301,400,86,0.455311
7,401,500,94,0.500825
7,501,600,90,0.452333
7,601,700,85,0.443401
7,701,800,88,0.45578
7,801,900,85,0.421689
7,901,1000,86,0.437672
5,1,100,94,0.490785
5,101,200,86,0.448169
5,201,300,91,0.484429
5,301,400,90,0.460525
5,401,500,87,0.463395
5,501,600,91,0.467254
5,601,700,86,0.455977
5,701,800,94,0.486542
5,801,900,88,0.448299
5,901,1000,91,0.464254
11,1,100,91,0.483243
11,101,200,91,0.455107
11,201,300,90,0.462638
11,301,400,86,0.467932
11,401,500,91,0.473514
11,501,600,87,0.458379
11,601,700,92,0.473966
11,701,800,90,0.47735
11,801,900,87,0.468876
11,901,1000,84,0.431791
12,1,100,91,0.488689
12,101,200,88,0.458299
12,201,300,85,0.439605
12,301,400,90,0.476763
12,401,500,87,0.445588
12,501,600,88,0.465701
12,601,700,89,0.458136
12,701,800,91,0.480605
12,801,900,85,0.444418
12,901,1000,91,0.476158
9,1,100,87,0.444458
9,101,200,85,0.422401
9,201,300,90,0.459977
9,301,400,87,0.448994
9,401,500,87,0.449678
9,501,600,92,0.473045
9,601,700,87,0.458819
9,701,800,92,0.475096
9,801,900,90,0.470915
9,901,1000,89,0.435599
13,1,100,89,0.472119
13,101,200,88,0.457079
13,201,300,91,0.457102
13,301,400,87,0.450356
13,401,500,87,0.468977
13,501,600,92,0.481
13,601,700,91,0.482107
13,701,800,94,0.481819
13,801,900,89,0.462927
13,901,1000,87,0.446503
3,1,100,83,0.43774
3,101,200,91,0.474746
3,201,300,92,0.472785
3,301,400,93,0.481056
3,401,500,90,0.482712
3,501,600,89,0.463034
3,601,700,89,0.458237
3,701,800,86,0.425729
3,801,900,90,0.457831
3,901,1000,88,0.454695
18,1,100,92,0.492537
18,101,200,93,0.469638
18,201,300,94,0.481831
18,301,400,91,0.469367
18,401,500,93,0.473576
18,501,600,91,0.477305
18,601,700,84,0.452819
18,701,800,93,0.498791
18,801,900,92,0.488294
18,901,1000,94,0.488141
12,1,100,93,0.479588
12,101,200,92,0.463158
12,201,300,89,0.463362
12,301,400,87,0.462237
12,401,500,94,0.494305
12,501,600,87,0.45226
12,601,700,84,0.435475
12,701,800,88,0.474085
12,801,900,91,0.484729
12,901,1000,84,0.450559
19,1,100,83,0.442266
19,101,200,96,0.502678
19,201,300,90,0.45974
19,301,400,93,0.483972
19,401,500,88,0.453226
19,501,600,89,0.466774
19,601,700,90,0.469791
19,701,800,90,0.44704
19,801,900,95,0.492333
19,901,1000,94,0.481458
10,1,100,87,0.444034
10,101,200,90,0.47965
10,201,300,87,0.44361
10,301,400,90,0.467395
10,401,500,87,0.468881
10,501,600,89,0.459627
10,601,700,92,0.464932
10,701,800,88,0.461887
10,801,900,86,0.454441
10,901,1000,89,0.465661
0,1,100,95,0.487282
0,101,200,94,0.502226
0,201,300,88,0.444599
0,301,400,92,0.489746
0,401,500,93,0.476802
0,501,600,93,0.481881
0,601,700,90,0.461633
0,701,800,92,0.459158
0,801,900,87,0.459723
0,901,1000,91,0.465831
10,1,100,87,0.456062
10,101,200,96,0.495316
10,201,300,88,0.469192
10,301,400,89,0.485232
10,401,500,88,0.462232
10,501,600,84,0.442565
10,601,700,93,0.506554
10,701,800,90,0.459079
10,801,900,92,0.479977
10,901,1000,88,0.444955
6,1,100,90,0.458977
6,101,200,90,0.480209
6,201,300,90,0.469576
6,301,400,96,0.511328
6,401,500,92,0.485718
6,501,600,90,0.459085
6,601,700,90,0.457554
6,701,800,89,0.456062
6,801,900,87,0.446085
6,901,1000,95,0.48035
4,1,100,93,0.489944
4,101,200,89,0.460955
4,201,300,91,0.466469
4,301,400,92,0.482706
4,401,500,90,0.473633
4,501,600,85,0.448497
4,601,700,88,0.441458
4,701,800,84,0.424655
4,801,900,92,0.495062
4,901,1000,90,0.462333
12,1,100,92,0.490158
12,101,200,94,0.512164
12,201,300,92,0.473311
12,301,400,94,0.487362
12,401,500,86,0.46113
12,501,600,93,0.487119
12,601,700,91,0.44691
12,701,800,87,0.468147
12,801,900,88,0.436582
12,901,1000,89,0.452678
2,1,100,93,0.491198
2,101,200,87,0.433226
2,201,300,87,0.450458
2,301,400,88,0.462011
2,401,500,80,0.419271
2,501,600,90,0.470814
2,601,700,91,0.470701
2,701,800,90,0.459452
2,801,900,90,0.460475
2,901,1000,87,0.450672
16,1,100,94,0.484853
16,101,200,92,0.48261
16,201,300,83,0.429113
16,301,400,91,0.47639
16,401,500,93,0.463593
16,501,600,90,0.483186
16,601,700,86,0.444463
16,701,800,90,0.47622
16,801,900,90,0.463983
16,901,1000,87,0.462362
12,1,100,93,0.505712
12,101,200,88,0.473576
12,201,300,90,0.469463
12,301,400,85,0.427141
12,401,500,92,0.495096
12,501,600,88,0.453237
12,601,700,86,0.439277
12,701,800,88,0.456672
12,801,900,92,0.472198
12,901,1000,89,0.448062
12,1,100,92,0.483034
12,101,200,88,0.464051
12,201,300,94,0.482469
12,301,400,88,0.446164
12,401,500,86,0.44535
12,501,600,90,0.479068
12,601,700,91,0.460808
12,701,800,95,0.50204
12,801,900,89,0.474311
12,901,1000,90,0.474644
2,1,100,87,0.439904
2,101,200,88,0.465893
2,201,300,92,0.493723
2,301,400,93,0.496068
2,401,500,89,0.444412
2,501,600,92,0.48487
2,601,700,93,0.480819
2,701,800,90,0.475712
2,801,900,90,0.471299
2,901,1000,90,0.452282
0,1,100,97,0.502785
0,101,200,90,0.466079
0,201,300,87,0.457271
0,301,400,90,0.459141
0,401,500,91,0.485525
0,501,600,93,0.490497
0,601,700,91,0.47309
0,701,800,89,0.470339
0,801,900,88,0.460418
0,901,1000,91,0.468339
0,1,100,93,0.499559
0,101,200,88,0.465119
0,201,300,93,0.49822
0,301,400,81,0.429017
0,401,500,92,0.483621
0,501,600,89,0.448819
0,601,700,87,0.436147
0,701,800,93,0.499531
0,801,900,89,0.454475
0,901,1000,92,0.475367
3,1,100,95,0.493034
3,101,200,94,0.491169
3,201,300,90,0.469079
3,301,400,92,0.487006
3,401,500,91,0.460661
3,501,600,92,0.478701
3,601,700,85,0.441825
3,701,800,87,0.434864
3,801,900,91,0.463966
3,901,1000,86,0.438768
9,1,100,85,0.44574
9,101,200,86,0.448531
9,201,300,90,0.48791
9,301,400,91,0.472068
9,401,500,91,0.47726
9,501,600,93,0.491814
9,601,700,88,0.460192
9,701,800,94,0.47822
9,801,900,90,0.468158
9,901,1000,88,0.451333
15,1,100,88,0.475712
15,101,200,91,0.454667
15,201,300,86,0.439701
15,301,400,83,0.438401
15,401,500,85,0.454395
15,501,600,91,0.448158
15,601,700,89,0.467006
15,701,800,91,0.471119
15,801,900,85,0.42752
15,901,1000,86,0.460085
6,1,100,87,0.455763
6,101,200,89,0.474254
6,201,300,91,0.470876
6,301,400,89,0.461932
6,401,500,89,0.483085
6,501,600,85,0.469802
6,601,700,90,0.491667
6,701,800,91,0.480085
6,801,900,94,0.493136
6,901,1000,94,0.501785
0,1,100,91,0.466627
0,101,200,94,0.470102
0,201,300,90,0.480435
0,301,400,86,0.453136
0,401,500,91,0.468689
0,501,600,85,0.431237
0,601,700,91,0.477718
0,701,800,90,0.471593
0,801,900,85,0.437797
0,901,1000,86,0.435486
15,1,100,92,0.475023
15,101,200,86,0.445175
15,201,300,89,0.460198
15,301,400,92,0.473864
15,401,500,86,0.448633
15,501,600,81,0.426898
15,601,700,92,0.49004
15,701,800,84,0.432542
15,801,900,84,0.427819
15,901,1000,84,0.427282
5,1,100,89,0.452486
5,101,200,89,0.460593
5,201,300,90,0.467972
5,301,400,92,0.481209
5,401,500,92,0.484124
5,501,600,89,0.443819
5,601,700,90,0.456316
5,701,800,85,0.463412
5,801,900,90,0.45087
5,901,1000,86,0.443853
6,1,100,95,0.505203
6,101,200,96,0.494638
6,201,300,83,0.409119
6,301,400,89,0.482904
6,401,500,95,0.497599
6,501,600,87,0.439435
6,601,700,89,0.470582
6,701,800,90,0.45691
6,801,900,87,0.451367
6,901,1000,88,0.474678
0,1,100,63,0.280548
3,1,100,91,0.475864
3,101,200,94,0.478797
3,201,300,87,0.466638
3,301,400,90,0.477226
3,401,500,87,0.460158
3,501,600,85,0.434605
3,601,700,89,0.472271
3,701,800,94,0.499119
3,801,900,87,0.46504
3,901,1000,85,0.439379
19,1,100,88,0.459418
19,101,200,89,0.471514
19,201,300,91,0.474288
19,301,400,89,0.453859
19,401,500,92,0.488565
19,501,600,95,0.480802
19,601,700,90,0.480486
19,701,800,89,0.463243
19,801,900,86,0.437757
19,901,1000,87,0.441147
8,1,100,88,0.454429
8,101,200,90,0.467085
8,201,300,93,0.482271
8,301,400,90,0.450119
8,401,500,91,0.485073
8,501,600,94,0.495684
8,601,700,91,0.487446
8,701,800,90,0.47352
8,801,900,88,0.452158
8,901,1000,92,0.502808
13,1,100,96,0.499599
13,101,200,84,0.431266
13,201,300,82,0.435638
13,301,400,94,0.499356
13,401,500,91,0.498921
13,501,600,87,0.455463
13,601,700,96,0.501203
13,701,800,91,0.467797
13,801,900,84,0.432282
13,901,1000,93,0.48891
9,1,100,96,0.520977
9,101,200,91,0.488271
9,201,300,90,0.467497
9,301,400,87,0.446401
9,401,500,86,0.455441
9,501,600,92,0.472011
9,601,700,88,0.479718
9,701,800,88,0.466294
9,801,900,88,0.459542
9,901,1000,87,0.449379
8,1,100,93,0.502486
8,101,200,90,0.472446
8,201,300,85,0.456695
8,301,400,88,0.47087
8,401,500,88,0.456972
8,501,600,94,0.478525
8,601,700,92,0.511605
8,701,800,82,0.41778
8,801,900,94,0.468316
8,901,1000,80,0.428124
7,1,100,88,0.447836
7,101,200,94,0.486379
7,201,300,90,0.463785
7,301,400,87,0.438333
7,401,500,92,0.467441
7,501,600,86,0.445989
7,601,700,89,0.470904
7,701,800,92,0.471446
7,801,900,89,0.456706
7,901,1000,90,0.468446
17,1,100,90,0.484672
17,101,200,90,0.479051
17,201,300,86,0.463785
17,301,400,89,0.462085
17,401,500,85,0.426079
17,501,600,88,0.452158
17,601,700,95,0.487401
17,701,800,91,0.487588
17,801,900,92,0.476497
17,901,1000,85,0.442362
14,1,100,90,0.478847
14,101,200,91,0.449559
14,201,300,86,0.45087
14,301,400,89,0.465384
14,401,500,95,0.49822
14,501,600,96,0.500497
14,601,700,90,0.462927
14,701,800,88,0.451757
14,801,900,89,0.461429
14,901,1000,88,0.43596
14,1,100,86,0.445734
14,101,200,93,0.480593
14,201,300,90,0.454881
14,301,400,91,0.474085
14,401,500,88,0.44826
14,501,600,91,0.459486
14,601,700,86,0.469718
14,701,800,90,0.461718
14,801,900,92,0.481983
14,901,1000,89,0.468373
15,1,100,85,0.452266
15,101,200,90,0.456554
15,201,300,92,0.479831
15,301,400,90,0.473446
15,401,500,86,0.454045
15,501,600,87,0.463068
15,601,700,88,0.458571
15,701,800,86,0.454944
15,801,900,92,0.482367
15,901,1000,83,0.432322
14,1,100,87,0.455469
14,101,200,90,0.480994
14,201,300,92,0.473994
14,301,400,88,0.451266
14,401,500,87,0.457757
14,501,600,86,0.44513
14,601,700,82,0.430056
14,701,800,88,0.460966
14,801,900,90,0.474661
14,901,1000,89,0.478316
18,1,100,90,0.483198
18,101,200,86,0.449271
18,201,300,86,0.448559
18,301,400,90,0.459452
18,401,500,88,0.446876
18,501,600,87,0.463311
18,601,700,85,0.427797
18,701,800,90,0.457102
18,801,900,94,0.481898
18,901,1000,82,0.418706
19,1,100,90,0.470226
19,101,200,88,0.459802
19,201,300,91,0.482599
19,301,400,90,0.491514
19,401,500,90,0.465305
19,501,600,91,0.467497
19,601,700,94,0.492706
19,701,800,92,0.471373
19,801,900,89,0.47439
19,901,1000,87,0.425492
10,1,100,93,0.482734
10,101,200,88,0.466497
10,201,300,86,0.454175
10,301,400,92,0.487893
10,401,500,93,0.486136
10,501,600,92,0.495333
10,601,700,88,0.454305
10,701,800,86,0.442316
10,801,900,91,0.478588
10,901,1000,87,0.442876
18,1,100,90,0.453706
18,101,200,91,0.473508
18,201,300,86,0.453079
18,301,400,90,0.474311
18,401,500,88,0.468559
18,501,600,95,0.493305
18,601,700,93,0.47365
18,701,800,90,0.45104
18,801,900,94,0.485893
18,901,1000,90,0.456616
14,1,100,86,0.465322
14,101,200,91,0.480718
14,201,300,92,0.478616
14,301,400,93,0.478898
14,401,500,92,0.478215
14,501,600,89,0.459718
14,601,700,88,0.457571
14,701,800,89,0.480593
14,801,900,89,0.468169
14,901,1000,87,0.449559
8,1,100,90,0.470226
8,101,200,89,0.46791
8,201,300,88,0.439136
8,301,400,85,0.455537
8,401,500,91,0.466085
8,501,600,92,0.470514
8,601,700,93,0.497701
8,701,800,84,0.435887
8,801,900,87,0.437695
8,901,1000,89,0.438525
0,1,100,88,0.436734
0,101,200,94,0.479944
0,201,300,90,0.461881
0,301,400,88,0.458011
0,401,500,86,0.461814
0,501,600,87,0.449333
0,601,700,88,0.446859
0,701,800,90,0.470441
0,801,900,92,0.481927
0,901,1000,94,0.508345
2,1,100,91,0.470006
2,101,200,92,0.480282
2,201,300,93,0.477695
2,301,400,86,0.471797
2,401,500,87,0.458486
2,501,600,91,0.452842
2,601,700,85,0.438266
2,701,800,83,0.437582
2,801,900,94,0.481458
2,901,1000,90,0.472011
16,1,100,95,0.49513
16,101,200,89,0.456136
16,201,300,91,0.492898
16,301,400,87,0.450588
16,401,500,88,0.443475
16,501,600,89,0.461644
16,601,700,90,0.473198
16,701,800,87,0.471345
16,801,900,90,0.485525
16,901,1000,93,0.477107
18,1,100,90,0.470768
18,101,200,91,0.486175
18,201,300,91,0.485802
18,301,400,92,0.480949
18,401,500,90,0.459797
18,501,600,90,0.473684
18,601,700,88,0.471582
18,701,800,90,0.471062
18,801,900,93,0.492051
18,901,1000,88,0.476254
2,1,100,89,0.46287
2,101,200,86,0.44348
2,201,300,91,0.459243
2,301,400,93,0.481791
2,401,500,89,0.458333
2,501,600,87,0.466158
2,601,700,93,0.491633
2,701,800,91,0.493068
2,801,900,87,0.462294
2,901,1000,92,0.483328
8,1,100,86,0.448
8,101,200,89,0.46804
8,201,300,92,0.469537
8,301,400,88,0.44252
8,401,500,96,0.503746
8,501,600,96,0.519638
8,601,700,87,0.451723
8,701,800,88,0.457706
8,801,900,90,0.470887
8,901,1000,88,0.448706
14,1,100,90,0.466825
14,101,200,93,0.497186
14,201,300,89,0.451938
14,301,400,82,0.423836
14,401,500,92,0.496333
14,501,600,88,0.450051
14,601,700,90,0.465311
14,701,800,92,0.474249
14,801,900,91,0.474712
14,901,1000,89,0.463412
3,1,100,86,0.445271
3,101,200,85,0.452085
3,201,300,88,0.463689
3,301,400,94,0.500972
3,401,500,93,0.469927
3,501,600,92,0.456989
3,601,700,90,0.472073
3,701,800,86,0.453695
3,801,900,94,0.48509
3,901,1000,91,0.481209
11,1,100,86,0.42465
11,101,200,89,0.45622
11,201,300,96,0.488571
11,301,400,93,0.467311
11,401,500,87,0.437729
11,501,600,91,0.46109
11,601,700,90,0.474367
11,701,800,91,0.459763
11,801,900,90,0.476768
11,901,1000,89,0.45774
0,1,100,71,0.31309
14,1,100,85,0.437192
14,101,200,88,0.465107
14,201,300,83,0.424633
14,301,400,93,0.487508
14,401,500,88,0.454695
14,501,600,94,0.516582
14,601,700,87,0.474576
14,701,800,88,0.452542
14,801,900,90,0.483582
14,901,1000,86,0.420441
11,1,100,89,0.460492
11,101,200,88,0.454401
11,201,300,91,0.476418
11,301,400,93,0.473407
11,401,500,89,0.439322
11,501,600,90,0.463684
11,601,700,90,0.482186
11,701,800,85,0.452588
11,801,900,91,0.492192
11,901,1000,89,0.462565
8,1,100,89,0.490927
8,101,200,89,0.475243
8,201,300,87,0.460548
8,301,400,87,0.442232
8,401,500,90,0.472588
8,501,600,91,0.47213
8,601,700,93,0.45526
8,701,800,82,0.420328
8,801,900,91,0.48835
8,901,1000,86,0.434898
6,1,100,91,0.480356
6,101,200,91,0.476017
6,201,300,94,0.487842
6,301,400,85,0.457169
6,401,500,94,0.475949
6,501,600,92,0.474887
6,601,700,92,0.458028
6,701,800,92,0.478542
6,801,900,94,0.468842
6,901,1000,87,0.467203
9,1,100,94,0.486384
9,101,200,91,0.470633
9,201,300,94,0.494633
9,301,400,90,0.472621
9,401,500,89,0.463181
9,501,600,92,0.467904
9,601,700,88,0.45509
9,701,800,89,0.469497
9,801,900,85,0.442819
9,901,1000,92,0.493356
1,1,100,91,0.457141
1,101,200,85,0.429565
1,201,300,86,0.449452
1,301,400,91,0.463119
1,401,500,90,0.468723
1,501,600,90,0.471768
1,601,700,88,0.462927
1,701,800,87,0.448678
1,801,900,90,0.469079
1,901,1000,90,0.482915
3,1,100,87,0.445458
3,101,200,90,0.476565
3,201,300,93,0.485441
3,301,400,87,0.449542
3,401,500,94,0.474864
3,501,600,94,0.498158
3,601,700,93,0.502757
3,701,800,87,0.457667
3,801,900,90,0.469588
3,901,1000,93,0.479497
9,1,100,94,0.499582
9,101,200,90,0.460548
9,201,300,90,0.464864
9,301,400,90,0.486153
9,401,500,92,0.474898
9,501,600,89,0.47209
9,601,700,90,0.486684
9,701,800,88,0.446667
9,801,900,88,0.445972
9,901,1000,87,0.460847
16,1,100,88,0.478017
16,101,200,92,0.46404
16,201,300,84,0.420243
16,301,400,87,0.472203
16,401,500,92,0.459469
16,501,600,94,0.483588
16,601,700,92,0.467972
16,701,800,88,0.477119
16,801,900,90,0.469718
16,901,1000,91,0.48261
19,1,100,86,0.454124
19,101,200,85,0.433989
19,201,300,90,0.469446
19,301,400,87,0.456073
19,401,500,89,0.478672
19,501,600,91,0.459339
19,601,700,88,0.455768
19,701,800,91,0.471141
19,801,900,89,0.460339
19,901,1000,90,0.457994
