CHROM,BIN_START,BIN_END,N_VARIANTS,PI
0,1,100,4,0.0107308
0,101,200,11,0.0283333
0,201,300,5,0.0119231
0,301,400,2,0.00274359
0,401,500,7,0.0204615
0,501,600,9,0.0253718
0,601,700,8,0.0106538
0,701,800,12,0.0408077
0,801,900,4,0.00387179
0,901,1000,7,0.0216795
19,1,100,14,0.0289744
19,101,200,13,0.0372821
19,201,300,11,0.0311154
19,301,400,13,0.0258846
19,401,500,13,0.0374359
19,501,600,8,0.0191795
19,601,700,9,0.0204359
19,701,800,9,0.0277179
19,801,900,5,0.0134359
19,901,1000,13,0.028359
15,1,100,10,0.0356282
15,101,200,11,0.0353718
15,201,300,14,0.0423974
15,301,400,13,0.0243333
15,401,500,10,0.0270769
15,501,600,15,0.0536026
15,601,700,12,0.0294103
15,701,800,11,0.0335897
15,801,900,16,0.0652179
15,901,1000,14,0.0370128
9,1,100,6,0.0231667
9,101,200,5,0.0115256
9,201,300,4,0.013141
9,301,400,10,0.0348205
9,401,500,11,0.0399231
9,501,600,14,0.0487051
9,601,700,6,0.0272179
9,701,800,10,0.0382436
9,801,900,8,0.0373333
9,901,1000,5,0.0205513
11,1,100,2,0.00192308
11,101,200,10,0.0323333
11,201,300,7,0.00902564
11,301,400,2,0.001
11,401,500,8,0.0107949
11,501,600,3,0.00757692
11,601,700,3,0.00658974
11,701,800,4,0.0146154
11,801,900,2,0.00147436
11,901,1000,7,0.0182179
17,1,100,5,0.0168205
17,101,200,7,0.0135897
17,201,300,4,0.0120128
17,301,400,6,0.0121026
17,401,500,8,0.0104872
17,501,600,3,0.00684615
17,601,700,5,0.0141795
17,701,800,6,0.0144615
17,801,900,7,0.0225128
17,901,1000,7,0.017359
4,1,100,11,0.0228077
4,101,200,10,0.0252821
4,201,300,12,0.0366154
4,301,400,9,0.00975641
4,401,500,16,0.0348333
4,501,600,14,0.0297821
4,601,700,14,0.0385256
4,701,800,14,0.0279615
4,801,900,16,0.0383205
4,901,1000,20,0.0263333
5,1,100,9,0.0102564
5,101,200,5,0.00837179
5,201,300,7,0.01
5,301,400,7,0.0155513
5,401,500,5,0.0124231
5,501,600,4,0.00817949
5,601,700,5,0.0126154
5,701,800,4,0.0100897
5,801,900,7,0.0217436
5,901,1000,4,0.00776923
11,1,100,6,0.0110641
11,101,200,9,0.0137949
11,201,300,4,0.0104872
11,301,400,6,0.00869231
11,401,500,8,0.0206667
11,501,600,3,0.00546154
11,601,700,4,0.00766667
11,701,800,4,0.0104744
11,801,900,3,0.00334615
11,901,1000,4,0.0123205
9,1,100,15,0.0303846
9,101,200,7,0.0114744
9,201,300,16,0.0275385
9,301,400,10,0.0202949
9,401,500,13,0.025859
9,501,600,17,0.0334744
9,601,700,10,0.0241795
9,701,800,11,0.0240769
9,801,900,10,0.0186154
9,901,1000,17,0.0296154
18,1,100,4,0.00889744
18,101,200,3,0.0122308
18,201,300,5,0.00987179
18,301,400,6,0.0110513
18,401,500,5,0.0127949
18,501,600,1,0.0005
18,601,700,8,0.0177436
18,701,800,5,0.019641
18,801,900,9,0.0243974
18,901,1000,3,0.00583333
6,1,100,13,0.00924359
6,101,200,10,0.0114487
6,201,300,11,0.0157308
6,301,400,9,0.0193077
6,401,500,10,0.0152308
6,501,600,14,0.0151923
6,601,700,8,0.0132436
6,701,800,9,0.0100128
6,801,900,9,0.00661538
6,901,1000,12,0.012641
2,1,100,11,0.0404103
2,101,200,9,0.0347821
2,201,300,10,0.0390128
2,301,400,13,0.0371282
2,401,500,6,0.018
2,501,600,10,0.0257436
2,601,700,10,0.0334359
2,701,800,11,0.0299359
2,801,900,11,0.0510385
2,901,1000,13,0.0398205
16,1,100,9,0.015641
16,101,200,10,0.0148974
16,201,300,11,0.0243974
16,301,400,4,0.00469231
16,401,500,10,0.0169615
16,501,600,9,0.0208718
16,601,700,9,0.0200769
16,701,800,7,0.0106538
16,801,900,14,0.0272308
16,901,1000,10,0.0178333
17,1,100,8,0.0193846
17,101,200,10,0.0369231
17,201,300,16,0.0495897
17,301,400,6,0.0135513
17,401,500,10,0.0267821
17,501,600,7,0.0231026
17,601,700,6,0.019359
17,701,800,12,0.0386795
17,801,900,7,0.0123077
17,901,1000,9,0.0204103
12,1,100,7,0.0225897
12,101,200,11,0.0352564
12,201,300,13,0.0341795
12,301,400,9,0.042141
12,401,500,10,0.0283077
12,501,600,12,0.0365641
12,601,700,6,0.026
12,701,800,9,0.026641
12,801,900,10,0.0322179
12,901,1000,13,0.0357051
2,1,100,10,0.0264615
2,101,200,7,0.0191923
2,201,300,7,0.0122051
2,301,400,11,0.0175
2,401,500,7,0.0145385
2,501,600,5,0.0115513
2,601,700,5,0.0100128
2,701,800,11,0.0194872
2,801,900,4,0.0134615
2,901,1000,9,0.0105
5,1,100,8,0.0272436
5,101,200,4,0.00803846
5,201,300,8,0.0177179
5,301,400,9,0.0289487
5,401,500,7,0.0178718
5,501,600,6,0.0214103
5,601,700,6,0.0177179
5,701,800,10,0.0283462
5,801,900,13,0.0310128
5,901,1000,7,0.0211154
1,1,100,9,0.0230769
1,101,200,10,0.0252308
1,201,300,14,0.0210256
1,301,400,15,0.0364487
1,401,500,10,0.024
1,501,600,12,0.0164231
1,601,700,8,0.0208077
1,701,800,9,0.0216026
1,801,900,11,0.0282821
1,901,1000,11,0.0315897
2,1,100,6,0.0100385
2,101,200,8,0.0170641
2,201,300,6,0.017641
2,301,400,4,0.00835897
2,401,500,6,0.0146667
2,501,600,12,0.033641
2,601,700,8,0.0140513
2,701,800,10,0.0341795
2,801,900,8,0.0172821
2,901,1000,7,0.0235385
3,1,100,14,0.0361026
3,101,200,14,0.0360769
3,201,300,9,0.013641
3,301,400,11,0.0254359
3,401,500,7,0.0132436
3,501,600,10,0.0202436
3,601,700,14,0.0383462
3,701,800,9,0.0201795
3,801,900,10,0.022641
3,901,1000,12,0.023641
12,1,100,16,0.0155641
12,101,200,18,0.0193205
12,201,300,24,0.0357179
12,301,400,21,0.0318205
12,401,500,25,0.0383077
12,501,600,24,0.027141
12,601,700,26,0.0345769
12,701,800,14,0.0213462
12,801,900,20,0.0266154
12,901,1000,20,0.0232692
4,1,100,8,0.0229231
4,101,200,3,0.00648718
4,201,300,9,0.0260513
4,301,400,7,0.0149359
4,401,500,15,0.0370128
4,501,600,12,0.0260256
4,601,700,5,0.0127179
4,701,800,9,0.0256795
4,801,900,10,0.0304103
4,901,1000,13,0.0264487
13,1,100,6,0.0116026
13,101,200,11,0.0331795
13,201,300,10,0.0210128
13,301,400,7,0.0209744
13,401,500,8,0.018641
13,501,600,5,0.019641
13,601,700,11,0.035859
13,701,800,17,0.0445385
13,801,900,16,0.0542564
13,901,1000,11,0.0337949
17,1,100,4,0.00555128
17,101,200,5,0.014641
17,201,300,3,0.00702564
17,301,400,9,0.0194744
17,401,500,8,0.0184103
17,501,600,6,0.0154744
17,601,700,11,0.0299615
17,701,800,7,0.0245385
17,801,900,8,0.0192949
17,901,1000,6,0.0167308
7,1,100,3,0.0105256
7,101,200,6,0.0159872
7,201,300,10,0.0220128
7,301,400,9,0.0164359
7,401,500,4,0.00642308
7,501,600,5,0.0191282
7,601,700,4,0.00620513
7,701,800,6,0.0132692
7,801,900,4,0.0100769
7,901,1000,5,0.00978205
16,1,100,6,0.0107821
16,101,200,9,0.0239872
16,201,300,8,0.0193333
16,301,400,3,0.00503846
16,401,500,13,0.0316282
16,501,600,12,0.0233205
16,601,700,4,0.0074359
16,701,800,9,0.00925641
16,801,900,10,0.0194615
16,901,1000,9,0.0189872
15,1,100,10,0.0148077
15,101,200,9,0.0151538
15,201,300,5,0.0101667
15,301,400,11,0.0217949
15,401,500,10,0.0172308
15,501,600,4,0.00638462
15,601,700,5,0.00653846
15,701,800,10,0.0136154
15,801,900,9,0.0158333
15,901,1000,4,0.00961538
10,1,100,9,0.0202564
10,101,200,7,0.0232436
10,201,300,6,0.0137564
10,301,400,9,0.0270128
10,401,500,6,0.0162949
10,501,600,9,0.0300513
10,601,700,12,0.0275641
10,701,800,7,0.0239103
10,801,900,10,0.0273077
10,901,1000,10,0.0291667
15,1,100,13,0.0552051
15,101,200,11,0.0233846
15,201,300,10,0.0275385
15,301,400,12,0.0374615
15,401,500,12,0.0323462
15,501,600,18,0.0593846
15,601,700,14,0.047359
15,701,800,15,0.0388205
15,801,900,24,0.0844615
15,901,1000,11,0.0412179
18,1,100,3,0.0064359
18,101,200,9,0.0152821
18,201,300,5,0.0157692
18,301,400,7,0.0143205
18,401,500,6,0.00773077
18,501,600,7,0.0110128
18,601,700,6,0.003
18,701,800,6,0.00533333
18,801,900,7,0.0154872
18,901,1000,5,0.00476923
8,1,100,1,0.0005
8,101,200,3,0.00658974
8,201,300,4,0.00930769
8,301,400,7,0.0116795
8,401,500,9,0.0113333
8,501,600,3,0.0102821
8,601,700,6,0.0130385
8,701,800,3,0.00376923
8,801,900,5,0.0118846
8,901,1000,4,0.012641
18,1,100,13,0.0365641
18,101,200,21,0.0665641
18,201,300,11,0.0338718
18,301,400,23,0.0652949
18,401,500,14,0.0353846
18,501,600,20,0.0525385
18,601,700,14,0.046141
18,701,800,12,0.0412051
18,801,900,16,0.0438077
18,901,1000,16,0.0530513
10,1,100,9,0.0244103
10,101,200,11,0.0254231
10,201,300,11,0.0208333
10,301,400,9,0.0198718
10,401,500,7,0.0155641
10,501,600,6,0.0142179
10,601,700,9,0.0314103
10,701,800,7,0.0215769
10,801,900,6,0.0198077
10,901,1000,12,0.0283205
16,1,100,11,0.0172949
16,101,200,14,0.0188077
16,201,300,13,0.0223333
16,301,400,18,0.0252308
16,401,500,8,0.0228205
16,501,600,10,0.0122692
16,601,700,10,0.0201282
16,701,800,13,0.0213974
16,801,900,8,0.0146282
16,901,1000,10,0.0133718
17,1,100,12,0.0286026
17,101,200,14,0.0378462
17,201,300,13,0.0286282
17,301,400,12,0.0401795
17,401,500,7,0.0180128
17,501,600,6,0.0110385
17,601,700,8,0.0247308
17,701,800,11,0.0334487
17,801,900,8,0.0231026
17,901,1000,10,0.025141
14,1,100,6,0.0185641
14,101,200,5,0.00697436
14,201,300,9,0.0232564
14,301,400,6,0.0168077
14,401,500,4,0.00907692
14,501,600,5,0.00957692
14,601,700,4,0.0143077
14,701,800,6,0.0100769
14,801,900,5,0.00476923
14,901,1000,7,0.00965385
14,1,100,9,0.0278718
14,101,200,9,0.0193462
14,201,300,11,0.0325385
14,301,400,14,0.0438974
14,401,500,18,0.0602564
14,501,600,13,0.0372692
14,601,700,13,0.0432308
14,701,800,12,0.0374744
14,801,900,15,0.0241026
14,901,1000,7,0.0256667
4,1,100,15,0.0254872
4,101,200,16,0.0247821
4,201,300,9,0.017359
4,301,400,10,0.0155897
4,401,500,6,0.0149103
4,501,600,12,0.0278333
4,601,700,16,0.0394487
4,701,800,17,0.0382564
4,801,900,12,0.0254231
4,901,1000,13,0.0254487
1,1,100,10,0.0296154
1,101,200,9,0.026141
1,201,300,6,0.0192436
1,301,400,7,0.0224744
1,401,500,17,0.0375897
1,501,600,10,0.0165641
1,601,700,17,0.0429744
1,701,800,13,0.0344615
1,801,900,6,0.0183846
1,901,1000,8,0.0122692
3,1,100,6,0.0160897
3,101,200,10,0.0194872
3,201,300,10,0.0309103
3,301,400,7,0.0152949
3,401,500,10,0.0335513
3,501,600,11,0.0309487
3,601,700,6,0.0160256
3,701,800,11,0.0232564
3,801,900,8,0.0210385
3,901,1000,12,0.0293077
10,1,100,13,0.0470897
10,101,200,21,0.0854744
10,201,300,11,0.0272308
10,301,400,9,0.0357564
10,401,500,13,0.047359
10,501,600,17,0.0631923
10,601,700,17,0.0672949
10,701,800,8,0.0214615
10,801,900,16,0.0485
10,901,1000,14,0.0543333
13,1,100,13,0.0379872
13,101,200,6,0.0131538
13,201,300,7,0.0211026
13,301,400,5,0.0150897
13,401,500,9,0.019641
13,501,600,7,0.0160513
13,601,700,6,0.0109359
13,701,800,4,0.0129615
13,801,900,6,0.0130769
13,901,1000,6,0.0206923
19,1,100,8,0.0154487
19,101,200,6,0.00720513
19,201,300,9,0.0177564
19,301,400,9,0.0203846
19,401,500,7,0.0198077
19,501,600,9,0.0179744
19,601,700,11,0.0143846
19,701,800,8,0.0142821
19,801,900,7,0.0150641
19,901,1000,4,0.00838462
17,1,100,8,0.0298205
17,101,200,4,0.0114744
17,201,300,10,0.0280385
17,301,400,11,0.0359744
17,401,500,7,0.0257179
17,501,600,9,0.0156923
17,601,700,5,0.0138077
17,701,800,8,0.0134744
17,801,900,14,0.033
17,901,1000,7,0.0298846
10,1,100,14,0.0429872
10,101,200,8,0.019641
10,201,300,6,0.0239872
10,301,400,9,0.0291923
10,401,500,7,0.0229487
10,501,600,13,0.0278205
10,601,700,7,0.0252436
10,701,800,7,0.0182436
10,801,900,13,0.0334744
10,901,1000,10,0.0365513
9,1,100,15,0.0443462
9,101,200,6,0.016641
9,201,300,13,0.0511795
9,301,400,12,0.0371795
9,401,500,14,0.0467308
9,501,600,11,0.034141
9,601,700,13,0.0447564
9,701,800,11,0.0386026
9,801,900,15,0.0487564
9,901,1000,10,0.0353974
7,1,100,4,0.0108974
7,101,200,10,0.0241154
7,201,300,10,0.0250513
7,301,400,11,0.0352564
7,401,500,12,0.0368974
7,501,600,13,0.0376667
7,601,700,15,0.032359
7,701,800,9,0.0319231
7,801,900,6,0.0206538
7,901,1000,11,0.0302436
0,1,100,8,0.0192564
0,101,200,9,0.0294103
0,201,300,9,0.0191795
0,301,400,9,0.0299359
0,401,500,6,0.0141154
0,501,600,6,0.0101154
0,601,700,12,0.0301795
0,701,800,9,0.0149487
0,801,900,8,0.0155
0,901,1000,11,0.0227051
6,1,100,5,0.00701282
6,101,200,4,0.00665385
6,201,300,5,0.0119744
6,301,400,5,0.0162821
6,401,500,7,0.0135
6,501,600,15,0.0288333
6,601,700,11,0.0295128
6,701,800,11,0.0242692
6,801,900,14,0.0283462
6,901,1000,5,0.00898718
13,1,100,11,0.0195641
13,101,200,9,0.0243974
13,201,300,10,0.0185128
13,301,400,7,0.0282179
13,401,500,4,0.00944872
13,501,600,5,0.0116923
13,601,700,11,0.0192692
13,701,800,8,0.0185513
13,801,900,9,0.0305513
13,901,1000,5,0.0147564
1,1,100,7,0.0159103
1,101,200,9,0.0188077
1,201,300,9,0.0167051
1,301,400,10,0.0309359
1,401,500,4,0.00825641
1,501,600,8,0.0154103
1,601,700,4,0.0113718
1,701,800,2,0.00512821
1,801,900,9,0.013141
1,901,1000,9,0.0191923
4,1,100,20,0.0673718
4,101,200,11,0.0278205
4,201,300,18,0.0465128
4,301,400,16,0.0432436
4,401,500,14,0.0433974
4,501,600,26,0.0655256
4,601,700,16,0.0459872
4,701,800,13,0.0383718
4,801,900,16,0.0515897
4,901,1000,19,0.0608077
16,1,100,10,0.0181026
16,101,200,13,0.0246667
16,201,300,3,0.0064359
16,301,400,5,0.00614103
16,401,500,14,0.0268462
16,501,600,6,0.00910256
16,601,700,7,0.0112949
16,701,800,12,0.0280128
16,801,900,10,0.0180641
16,901,1000,12,0.0219744
8,1,100,11,0.0155256
8,101,200,7,0.0145
8,201,300,12,0.0167949
8,301,400,7,0.0174231
8,401,500,8,0.0205769
8,501,600,10,0.0155641
8,601,700,6,0.00808974
8,701,800,11,0.0193462
8,801,900,9,0.0224744
8,901,1000,12,0.035859
6,1,100,4,0.002
6,101,200,6,0.00989744
6,201,300,8,0.0127436
6,301,400,7,0.014359
6,401,500,7,0.018359
6,501,600,6,0.0158846
6,601,700,1,0.00224359
6,701,800,5,0.00651282
6,801,900,8,0.0145513
6,901,1000,9,0.0293718
1,1,100,6,0.0240897
1,101,200,15,0.0461026
1,201,300,6,0.0180385
1,301,400,7,0.0220513
1,401,500,8,0.0287436
1,501,600,10,0.032
1,601,700,17,0.0442436
1,701,800,13,0.0376795
1,801,900,12,0.0259103
1,901,1000,9,0.0229231
13,1,100,9,0.0258974
13,101,200,9,0.0268846
13,201,300,7,0.0239359
13,301,400,9,0.0272179
13,401,500,15,0.0393462
13,501,600,7,0.0245897
13,601,700,11,0.0399744
13,701,800,11,0.0277051
13,801,900,8,0.0184103
13,901,1000,8,0.0217051
1,1,100,10,0.0288718
1,101,200,8,0.0272821
1,201,300,10,0.0277564
1,301,400,9,0.0324744
1,401,500,11,0.0311282
1,501,600,10,0.0365769
1,601,700,6,0.0213077
1,701,800,13,0.0413077
1,801,900,12,0.0308333
1,901,1000,8,0.0300513
13,1,100,14,0.0237436
13,101,200,16,0.030141
13,201,300,11,0.0244744
13,301,400,14,0.027359
13,401,500,17,0.0369487
13,501,600,13,0.0224231
13,601,700,9,0.0189487
13,701,800,4,0.00775641
13,801,900,10,0.0227692
13,901,1000,7,0.0144103
13,1,100,4,0.0152949
13,101,200,10,0.0254103
13,201,300,11,0.0156923
13,301,400,5,0.0080641
13,401,500,2,0.0050641
13,501,600,7,0.0197821
13,601,700,9,0.0142051
13,701,800,5,0.00701282
13,801,900,5,0.0156923
13,901,1000,7,0.0162564
18,1,100,12,0.0364359
18,101,200,15,0.0344487
18,201,300,12,0.0329487
18,301,400,9,0.0265256
18,401,500,6,0.0250641
18,501,600,6,0.0132051
18,601,700,8,0.0185128
18,701,800,10,0.0271538
18,801,900,5,0.0169615
18,901,1000,5,0.0181667
12,1,100,11,0.0335
12,101,200,14,0.0344615
12,201,300,13,0.0278462
12,301,400,7,0.0200897
12,401,500,9,0.0189872
12,501,600,6,0.019859
12,601,700,13,0.0378077
12,701,800,12,0.0340385
12,801,900,6,0.0145641
12,901,1000,10,0.0207692
1,1,100,5,0.0140513
1,101,200,10,0.0305769
1,201,300,8,0.0192436
1,301,400,7,0.0204359
1,401,500,8,0.0196923
1,501,600,5,0.0148077
1,601,700,8,0.0224615
1,701,800,8,0.0233974
1,801,900,6,0.00870513
1,901,1000,5,0.0100897
1,1,100,11,0.028
1,101,200,7,0.0192821
1,201,300,9,0.0271538
1,301,400,7,0.0296154
1,401,500,11,0.0242692
1,501,600,7,0.0152564
1,601,700,12,0.0278205
1,701,800,7,0.0140513
1,801,900,9,0.0293205
1,901,1000,7,0.0174615
15,1,100,10,0.0328205
15,101,200,12,0.0365385
15,201,300,11,0.0388077
15,301,400,7,0.0178846
15,401,500,5,0.0134872
15,501,600,8,0.027
15,601,700,6,0.0171154
15,701,800,8,0.0270385
15,801,900,6,0.0179744
15,901,1000,6,0.014
16,1,100,13,0.0406154
16,101,200,11,0.0230769
16,201,300,10,0.0286667
16,301,400,7,0.00946154
16,401,500,6,0.0147308
16,501,600,10,0.0162051
16,601,700,5,0.00865385
16,701,800,8,0.0181923
16,801,900,5,0.00907692
16,901,1000,9,0.0191026
14,1,100,14,0.0398718
14,101,200,9,0.0207308
14,201,300,14,0.0436026
14,301,400,8,0.0233718
14,401,500,20,0.0601154
14,501,600,15,0.0453205
14,601,700,14,0.0390897
14,701,800,11,0.0398846
14,801,900,15,0.0372821
14,901,1000,10,0.0375769
7,1,100,6,0.0180897
7,101,200,8,0.0393846
7,201,300,7,0.0207436
7,301,400,7,0.0254872
7,401,500,10,0.0339615
7,501,600,8,0.0247821
7,601,700,12,0.0378205
7,701,800,11,0.0355769
7,801,900,14,0.0544872
7,901,1000,4,0.0196923
11,1,100,8,0.019141
11,101,200,7,0.00730769
11,201,300,6,0.0116026
11,301,400,10,0.0221667
11,401,500,3,0.0123462
11,501,600,7,0.0193205
11,601,700,6,0.0103974
11,701,800,6,0.0166923
11,801,900,12,0.0291667
11,901,1000,11,0.0219744
5,1,100,6,0.0147179
5,101,200,8,0.0318846
5,201,300,7,0.0176795
5,301,400,10,0.0235128
5,401,500,5,0.0108718
5,501,600,8,0.0189744
5,601,700,6,0.0184744
5,701,800,14,0.0441282
5,801,900,6,0.0199487
5,901,1000,9,0.0211026
11,1,100,5,0.0197821
11,101,200,11,0.0300897
11,201,300,12,0.0397308
11,301,400,10,0.0395128
11,401,500,8,0.0285385
11,501,600,10,0.0246923
11,601,700,8,0.0325641
11,701,800,9,0.0146026
11,801,900,10,0.0407179
11,901,1000,10,0.0365128
18,1,100,10,0.0219487
18,101,200,9,0.0276795
18,201,300,5,0.0186026
18,301,400,10,0.0173974
18,401,500,5,0.0135
18,501,600,8,0.0252051
18,601,700,10,0.0256154
18,701,800,11,0.0153333
18,801,900,10,0.0302308
18,901,1000,6,0.0203077
4,1,100,12,0.0381538
4,101,200,14,0.0454487
4,201,300,13,0.0348718
4,301,400,13,0.0353205
4,401,500,16,0.0344231
4,501,600,15,0.0431795
4,601,700,15,0.0531026
4,701,800,16,0.0572436
4,801,900,13,0.0426923
4,901,1000,19,0.0668205
0,1,100,11,0.044141
0,101,200,8,0.0260256
0,201,300,10,0.0344359
0,301,400,11,0.0307308
0,401,500,9,0.0332692
0,501,600,7,0.0202564
0,601,700,11,0.0420641
0,701,800,10,0.0248205
0,801,900,9,0.0326026
0,901,1000,11,0.0434744
12,1,100,6,0.0162564
12,101,200,10,0.0165769
12,201,300,7,0.00828205
12,301,400,3,0.00578205
12,401,500,7,0.015859
12,501,600,5,0.00988462
12,601,700,9,0.0266923
12,701,800,5,0.0153333
12,801,900,5,0.00697436
12,901,1000,7,0.0167949
12,1,100,4,0.00384615
12,101,200,5,0.0137436
12,201,300,5,0.0136795
12,301,400,10,0.0218974
12,401,500,7,0.0137564
12,501,600,8,0.0294103
12,601,700,7,0.0119103
12,701,800,4,0.00833333
12,801,900,11,0.0251923
12,901,1000,5,0.0125128
5,1,100,5,0.0105897
5,101,200,5,0.0142949
5,201,300,12,0.033
5,301,400,5,0.00651282
5,401,500,8,0.0223077
5,501,600,11,0.0252949
5,601,700,10,0.0160385
5,701,800,6,0.0132692
5,801,900,7,0.0195256
5,901,1000,11,0.0297436
0,1,100,9,0.0180513
0,101,200,7,0.0141667
0,201,300,9,0.0215128
0,301,400,9,0.0236026
0,401,500,11,0.0209487
0,501,600,9,0.0171923
0,601,700,9,0.0205128
0,701,800,14,0.0372564
0,801,900,6,0.0159487
0,901,1000,6,0.0124231
14,1,100,10,0.0155897
14,101,200,11,0.0251026
14,201,300,8,0.0157179
14,301,400,4,0.00733333
14,401,500,12,0.0238462
14,501,600,4,0.00828205
14,601,700,9,0.0135897
14,701,800,10,0.0161026
14,801,900,3,0.00535897
14,901,1000,10,0.0200385
2,1,100,4,0.00973077
2,101,200,2,0.0100256
2,201,300,8,0.00905128
2,301,400,6,0.0163205
2,401,500,1,0.000974359
2,501,600,4,0.00869231
2,601,700,6,0.0170128
2,701,800,2,0.001
2,801,900,6,0.0104487
2,901,1000,8,0.0235385
19,1,100,8,0.0161154
19,101,200,9,0.0212949
19,201,300,7,0.0172821
19,301,400,14,0.0301026
19,401,500,11,0.0218077
19,501,600,9,0.0183333
19,601,700,10,0.0139872
19,701,800,8,0.0216538
19,801,900,5,0.0144872
19,901,1000,8,0.0201923
1,1,100,8,0.0215128
1,101,200,6,0.0192436
1,201,300,6,0.00738462
1,301,400,7,0.0141923
1,401,500,6,0.0126154
1,501,600,9,0.0208333
1,601,700,6,0.00619231
1,701,800,4,0.00889744
1,801,900,14,0.0224487
1,901,1000,6,0.00880769
5,1,100,7,0.0105128
5,101,200,8,0.0206795
5,201,300,8,0.0238974
5,301,400,2,0.00194872
5,401,500,6,0.0123205
5,501,600,7,0.0135128
5,601,700,5,0.0126154
5,701,800,12,0.0224103
5,801,900,10,0.0212564
5,901,1000,10,0.0357436
0,1,100,9,0.0257949
0,101,200,12,0.0164231
0,201,300,9,0.0132051
0,301,400,8,0.0166923
0,401,500,7,0.0180769
0,501,600,6,0.0156282
0,601,700,11,0.028141
0,701,800,6,0.0124103
0,801,900,11,0.0262564
0,901,1000,6,0.0210128
3,1,100,22,0.0874744
3,101,200,18,0.0532821
3,201,300,17,0.0544231
3,301,400,19,0.0665897
3,401,500,27,0.0958462
3,501,600,21,0.0766667
3,601,700,21,0.0848846
3,701,800,17,0.0484231
3,801,900,20,0.0616154
3,901,1000,15,0.0597564
10,1,100,12,0.0357308
10,101,200,15,0.0327308
10,201,300,14,0.038859
10,301,400,10,0.034359
10,401,500,8,0.0209744
10,501,600,10,0.0238462
10,601,700,9,0.0243846
10,701,800,10,0.0310513
10,801,900,14,0.0427949
10,901,1000,8,0.0188846
7,1,100,9,0.0229487
7,101,200,12,0.0165128
7,201,300,12,0.0249103
7,301,400,12,0.0252949
7,401,500,8,0.0250513
7,501,600,14,0.0371282
7,601,700,11,0.0268846
7,701,800,10,0.0350256
7,801,900,8,0.0118974
7,901,1000,10,0.0216923
15,1,100,4,0.0115
15,101,200,14,0.0262051
15,201,300,8,0.0163333
15,301,400,7,0.00801282
15,401,500,2,0.00732051
15,501,600,5,0.00785897
15,601,700,4,0.00476923
15,701,800,10,0.0202308
15,801,900,9,0.0170769
15,901,1000,8,0.0167949
8,1,100,9,0.0288333
8,101,200,13,0.0456667
8,201,300,18,0.0626154
8,301,400,10,0.0381282
8,401,500,16,0.0507949
8,501,600,7,0.0304744
8,601,700,13,0.0394615
8,701,800,11,0.0387179
8,801,900,12,0.0439103
8,901,1000,9,0.0202436
19,1,100,15,0.0511538
19,101,200,11,0.0320128
19,201,300,11,0.0380769
19,301,400,12,0.0380897
19,401,500,11,0.0353333
19,501,600,11,0.0362308
19,601,700,14,0.0436154
19,701,800,14,0.0403974
19,801,900,13,0.0404872
19,901,1000,13,0.0414744
7,1,100,8,0.00637179
7,101,200,10,0.0204103
7,201,300,10,0.0129487
7,301,400,9,0.0149744
7,401,500,9,0.0108333
7,501,600,4,0.00941026
7,601,700,10,0.0217821
7,701,800,5,0.00519231
7,801,900,6,0.0059359
7,901,1000,4,0.00339744
1,1,100,7,0.0231282
1,101,200,7,0.0156667
1,201,300,3,0.0122692
1,301,400,5,0.0064359
1,401,500,2,0.00753846
1,501,600,6,0.0160385
1,601,700,5,0.0107692
1,701,800,6,0.0172308
1,801,900,3,0.00530769
1,901,1000,4,0.00294872
5,1,100,7,0.0250769
5,101,200,3,0.00244872
5,201,300,7,0.0170513
5,301,400,9,0.0281923
5,401,500,9,0.0188333
5,501,600,8,0.0139231
5,601,700,10,0.0124615
5,701,800,15,0.0284359
5,801,900,2,0.00564103
5,901,1000,8,0.0179231
9,1,100,9,0.0257179
9,101,200,9,0.0128718
9,201,300,8,0.0212179
9,301,400,7,0.0207308
9,401,500,10,0.0346538
9,501,600,9,0.0284487
9,601,700,9,0.0172051
9,701,800,7,0.0189744
9,801,900,7,0.0147692
9,901,1000,10,0.0264359
8,1,100,10,0.0304744
8,101,200,10,0.0209231
8,201,300,14,0.0448846
8,301,400,10,0.0158333
8,401,500,7,0.0164231
8,501,600,14,0.0460256
8,601,700,14,0.0344103
8,701,800,10,0.0338333
8,801,900,12,0.0428846
8,901,1000,6,0.016641
13,1,100,8,0.0197564
13,101,200,7,0.0182692
13,201,300,12,0.0344359
13,301,400,9,0.0204103
13,401,500,4,0.0079359
13,501,600,7,0.0228333
13,601,700,11,0.0248077
13,701,800,10,0.0276154
13,801,900,18,0.0429231
13,901,1000,11,0.0225641
13,1,100,8,0.0220513
13,101,200,2,0.00530769
13,201,300,10,0.0272436
13,301,400,10,0.0265385
13,401,500,8,0.0285513
13,501,600,9,0.0245897
13,601,700,3,0.00705128
13,701,800,6,0.00773077
13,801,900,7,0.0194231
13,901,1000,9,0.0288333
16,1,100,18,0.0700128
16,101,200,20,0.0929872
16,201,300,19,0.0689615
16,301,400,13,0.0468846
16,401,500,12,0.0556538
16,501,600,12,0.0363974
16,601,700,16,0.0651026
16,701,800,10,0.0406282
16,801,900,17,0.0657949
16,901,1000,13,0.053
18,1,100,12,0.0282949
18,101,200,13,0.0217051
18,201,300,5,0.00966667
18,301,400,13,0.0194615
18,401,500,9,0.0161282
18,501,600,5,0.00855128
18,601,700,12,0.0349359
18,701,800,12,0.0224872
18,801,900,8,0.0208462
18,901,1000,12,0.0248077
17,1,100,8,0.0199103
17,101,200,7,0.0249231
17,201,300,4,0.0118974
17,301,400,3,0.00962821
17,401,500,7,0.027641
17,501,600,12,0.0464487
17,601,700,4,0.00665385
17,701,800,9,0.0267949
17,801,900,6,0.0238205
17,901,1000,5,0.00946154
16,1,100,16,0.0316154
16,101,200,13,0.0302436
16,201,300,16,0.0303205
16,301,400,11,0.0203846
16,401,500,6,0.0124359
16,501,600,14,0.0185385
16,601,700,20,0.0267949
16,701,800,13,0.0324615
16,801,900,17,0.0359872
16,901,1000,14,0.0254872
2,1,100,8,0.014
2,101,200,11,0.0205641
2,201,300,7,0.0162308
2,301,400,8,0.012859
2,401,500,6,0.0149615
2,501,600,5,0.010859
2,601,700,12,0.0215641
2,701,800,8,0.0132949
2,801,900,14,0.0312821
2,901,1000,6,0.0215769
6,1,100,11,0.0175128
6,101,200,9,0.0147692
6,201,300,9,0.0203077
6,301,400,8,0.00898718
6,401,500,8,0.0213718
6,501,600,9,0.0210513
6,601,700,10,0.0253205
6,701,800,10,0.0258462
6,801,900,5,0.0147564
6,901,1000,7,0.0226154
0,1,100,15,0.0466923
0,101,200,14,0.0521923
0,201,300,21,0.0675385
0,301,400,14,0.039641
0,401,500,17,0.0593462
0,501,600,15,0.0570385
0,601,700,16,0.0522308
0,701,800,18,0.0645513
0,801,900,24,0.0745256
0,901,1000,16,0.0473846
18,1,100,8,0.0201923
18,101,200,10,0.0270128
18,201,300,13,0.0369359
18,301,400,16,0.0396538
18,401,500,8,0.0229872
18,501,600,14,0.0404359
18,601,700,6,0.0154744
18,701,800,12,0.0229359
18,801,900,16,0.0394359
18,901,1000,10,0.0255385
6,1,100,7,0.0187564
6,101,200,8,0.0240769
6,201,300,7,0.0196923
6,301,400,13,0.0333846
6,401,500,8,0.0188077
6,501,600,7,0.0211538
6,601,700,11,0.0217051
6,701,800,10,0.0264231
6,801,900,6,0.0200897
6,901,1000,5,0.0168077
15,1,100,5,0.0115385
15,101,200,6,0.0133974
15,201,300,9,0.0209487
15,301,400,6,0.0116154
15,401,500,6,0.0142436
15,501,600,10,0.0248205
15,601,700,9,0.0215385
15,701,800,7,0.0142821
15,801,900,6,0.0108718
15,901,1000,9,0.0202692
12,1,100,7,0.0319231
12,101,200,5,0.0169615
12,201,300,9,0.0270641
12,301,400,4,0.0115
12,401,500,7,0.0305769
12,501,600,7,0.0175769
12,601,700,8,0.0330513
12,701,800,11,0.0383974
12,801,900,8,0.0284103
12,901,1000,4,0.00698718
5,1,100,9,0.0194103
5,101,200,10,0.0154103
5,201,300,11,0.0206154
5,301,400,13,0.0276154
5,401,500,14,0.0356538
5,501,600,17,0.0240641
5,601,700,9,0.0206667
5,701,800,12,0.0273846
5,801,900,15,0.0251026
5,901,1000,19,0.0456923
3,1,100,9,0.0146923
3,101,200,8,0.0248846
3,201,300,4,0.00916667
3,301,400,7,0.0163718
3,401,500,9,0.0128846
3,501,600,7,0.0139872
3,601,700,10,0.0235256
3,701,800,5,0.0175897
3,801,900,10,0.0174487
3,901,1000,4,0.00573077
19,1,100,14,0.0417051
19,101,200,10,0.0388462
19,201,300,10,0.0268205
19,301,400,17,0.0560641
19,401,500,8,0.036
19,501,600,14,0.0501154
19,601,700,16,0.0606667
19,701,800,15,0.0533205
19,801,900,14,0.0536795
19,901,1000,14,0.0347051
7,1,100,4,0.00675641
7,101,200,6,0.0129103
7,201,300,10,0.0237564
7,301,400,10,0.0194615
7,401,500,9,0.0273974
7,501,600,7,0.0181923
7,601,700,2,0.00569231
7,701,800,8,0.0187692
7,801,900,4,0.0117436
7,901,1000,6,0.0190256
14,1,100,11,0.036641
14,101,200,12,0.0286795
14,201,300,7,0.0177949
14,301,400,13,0.0301795
14,401,500,11,0.0302692
14,501,600,12,0.0427436
14,601,700,9,0.0237179
14,701,800,7,0.0151026
14,801,900,7,0.0259359
14,901,1000,10,0.0366538
16,1,100,12,0.0482436
16,101,200,11,0.0332436
16,201,300,9,0.0403974
16,301,400,17,0.063141
16,401,500,11,0.0325641
16,501,600,20,0.0817436
16,601,700,16,0.0611282
16,701,800,10,0.0388333
16,801,900,11,0.0486795
16,901,1000,11,0.0382564
15,1,100,10,0.0310897
15,101,200,16,0.0574615
15,201,300,11,0.0462308
15,301,400,17,0.0639872
15,401,500,21,0.0896282
15,501,600,13,0.0445641
15,601,700,12,0.0407051
15,701,800,6,0.0205
15,801,900,18,0.0597308
15,901,1000,14,0.0481154
14,1,100,10,0.0411282
14,101,200,17,0.0618205
14,201,300,11,0.034859
14,301,400,16,0.0605641
14,401,500,11,0.0435641
14,501,600,17,0.0615897
14,601,700,14,0.0533077
14,701,800,20,0.0810256
14,801,900,14,0.0538077
14,901,1000,20,0.0731026
18,1,100,8,0.0202308
18,101,200,14,0.0473462
18,201,300,13,0.0352308
18,301,400,17,0.0415641
18,401,500,10,0.0274872
18,501,600,16,0.0437179
18,601,700,12,0.0337821
18,701,800,8,0.0265128
18,801,900,13,0.0384231
18,901,1000,7,0.0153846
6,1,100,10,0.0145769
6,101,200,7,0.0141282
6,201,300,7,0.0180641
6,301,400,9,0.0117436
6,401,500,12,0.0255513
6,501,600,4,0.00924359
6,601,700,8,0.0188333
6,701,800,7,0.0145256
6,801,900,7,0.0217051
6,901,1000,8,0.0150385
10,1,100,9,0.0200641
10,101,200,8,0.020359
10,201,300,12,0.0321538
10,301,400,7,0.0159487
10,401,500,10,0.028141
10,501,600,8,0.021359
10,601,700,12,0.0335513
10,701,800,7,0.0156282
10,801,900,6,0.0129615
10,901,1000,8,0.0128205
7,1,100,6,0.0128462
7,101,200,10,0.0278718
7,201,300,9,0.0248077
7,301,400,12,0.0324872
7,401,500,10,0.0303974
7,501,600,13,0.042
7,601,700,6,0.00901282
7,701,800,14,0.0197051
7,801,900,7,0.0271923
7,901,1000,6,0.0144744
6,1,100,8,0.0214615
6,101,200,5,0.0080641
6,201,300,9,0.0234872
6,301,400,8,0.0186795
6,401,500,11,0.0319615
6,501,600,13,0.025641
6,601,700,8,0.0193846
6,701,800,9,0.0135897
6,801,900,5,0.0101154
6,901,1000,5,0.0195897
17,1,100,11,0.0197821
17,101,200,12,0.0143205
17,201,300,8,0.0155897
17,301,400,13,0.0265641
17,401,500,10,0.0101154
17,501,600,23,0.0391282
17,601,700,18,0.0346026
17,701,800,11,0.0238974
17,801,900,12,0.0260513
17,901,1000,12,0.0154103
9,1,100,6,0.0112051
9,101,200,14,0.0285385
9,201,300,8,0.0148462
9,301,400,13,0.0162308
9,401,500,11,0.0187436
9,501,600,12,0.0134487
9,601,700,10,0.017141
9,701,800,12,0.0157051
9,801,900,8,0.00991026
9,901,1000,13,0.0166538
13,1,100,11,0.0185513
13,101,200,14,0.0284487
13,201,300,9,0.0120769
13,301,400,10,0.0178974
13,401,500,13,0.0215256
13,501,600,12,0.0122564
13,601,700,8,0.0139487
13,701,800,13,0.0137308
13,801,900,5,0.0060641
13,901,1000,14,0.0227821
4,1,100,8,0.0184872
4,101,200,4,0.0162051
4,201,300,9,0.0259744
4,301,400,5,0.0148462
4,401,500,4,0.0118846
4,501,600,7,0.0178718
4,601,700,9,0.0272051
4,701,800,7,0.0192051
4,801,900,5,0.0136795
4,901,1000,5,0.0146282
19,1,100,14,0.0422436
19,101,200,17,0.0484872
19,201,300,12,0.0343462
19,301,400,13,0.0421795
19,401,500,10,0.0301667
19,501,600,16,0.0453077
19,601,700,11,0.0385385
19,701,800,8,0.0197821
19,801,900,10,0.0345513
19,901,1000,13,0.0374487
14,1,100,8,0.00679487
14,101,200,7,0.0106026
14,201,300,9,0.0219359
14,301,400,8,0.0217308
14,401,500,6,0.0134872
14,501,600,12,0.0293333
14,601,700,8,0.0109487
14,701,800,9,0.0212436
14,801,900,10,0.0176026
14,901,1000,5,0.0117949
9,1,100,9,0.0139487
9,101,200,8,0.0186282
9,201,300,11,0.0209744
9,301,400,12,0.0240513
9,401,500,9,0.0175256
9,501,600,13,0.0204615
9,601,700,17,0.0422821
9,701,800,12,0.0202308
9,801,900,10,0.0205897
9,901,1000,15,0.0288846
14,1,100,9,0.0289231
14,101,200,13,0.0372051
14,201,300,6,0.012359
14,301,400,10,0.027
14,401,500,9,0.0332051
14,501,600,11,0.0231026
14,601,700,10,0.0213718
14,701,800,16,0.0500128
14,801,900,14,0.0336667
14,901,1000,6,0.0233205
10,1,100,15,0.0664231
10,101,200,10,0.0408718
10,201,300,9,0.0376923
10,301,400,13,0.0313462
10,401,500,10,0.0388974
10,501,600,12,0.0316795
10,601,700,9,0.0309231
10,701,800,8,0.0186154
10,801,900,8,0.0196667
10,901,1000,17,0.0517308
9,1,100,16,0.0148718
9,101,200,13,0.0163077
9,201,300,13,0.0102051
9,301,400,8,0.00878205
9,401,500,18,0.0172949
9,501,600,16,0.0167308
9,601,700,11,0.0142179
9,701,800,10,0.0128462
9,801,900,13,0.0153462
9,901,1000,13,0.0174487
6,1,100,6,0.015359
6,101,200,7,0.0278974
6,201,300,6,0.0112564
6,301,400,6,0.0134615
6,401,500,6,0.0198974
6,501,600,6,0.0128462
6,601,700,10,0.0251282
6,701,800,8,0.0125
6,801,900,4,0.00967949
6,901,1000,5,0.00898718
0,1,100,9,0.0132949
0,101,200,8,0.00982051
0,201,300,9,0.0157308
0,301,400,8,0.0110897
0,401,500,6,0.0146923
0,501,600,4,0.012359
0,601,700,7,0.0122564
0,701,800,8,0.0226282
0,801,900,7,0.0122949
0,901,1000,8,0.00852564
2,1,100,11,0.0220769
2,101,200,10,0.0245769
2,201,300,13,0.0403974
2,301,400,9,0.0285385
2,401,500,8,0.0177051
2,501,600,16,0.0438974
2,601,700,9,0.0236026
2,701,800,11,0.0282692
2,801,900,9,0.0223718
2,901,1000,11,0.0272179
11,1,100,12,0.0378974
11,101,200,15,0.0395256
11,201,300,15,0.0512821
11,301,400,13,0.0385513
11,401,500,11,0.028859
11,501,600,12,0.0395
11,601,700,10,0.020359
11,701,800,17,0.0541923
11,801,900,11,0.0302051
11,901,1000,12,0.0334231
10,1,100,13,0.0409487
10,101,200,14,0.0359359
10,201,300,8,0.0222051
10,301,400,9,0.0197564
10,401,500,11,0.0262051
10,501,600,18,0.0543333
10,601,700,10,0.0305385
10,701,800,16,0.0400513
10,801,900,16,0.0352821
10,901,1000,11,0.0358205
7,1,100,7,0.0231282
7,101,200,17,0.0582436
7,201,300,9,0.0329487
7,301,400,15,0.0450385
7,401,500,12,0.0392179
7,501,600,15,0.0469231
7,601,700,11,0.0321538
7,701,800,12,0.0327564
7,801,900,10,0.0267564
7,901,1000,9,0.0348077
5,1,100,12,0.0365128
5,101,200,16,0.0428846
5,201,300,8,0.0282949
5,301,400,8,0.0214615
5,401,500,13,0.0432436
5,501,600,8,0.0201154
5,601,700,10,0.0263462
5,701,800,8,0.0279487
5,801,900,14,0.0418077
5,901,1000,12,0.0427564
16,1,100,10,0.0227692
16,101,200,12,0.0310769
16,201,300,11,0.0356538
16,301,400,10,0.0263077
16,401,500,4,0.00612821
16,501,600,6,0.0172692
16,601,700,9,0.0254231
16,701,800,7,0.0215385
16,801,900,9,0.026859
16,901,1000,4,0.0146538
2,1,100,10,0.0215256
2,101,200,5,0.0123333
2,201,300,3,0.00666667
2,301,400,9,0.0233077
2,401,500,9,0.0251667
2,501,600,4,0.00534615
2,601,700,6,0.0193974
2,701,800,10,0.0182308
2,801,900,5,0.00880769
2,901,1000,7,0.0132436
4,1,100,9,0.0262564
4,101,200,9,0.0226154
4,201,300,9,0.0175769
4,301,400,15,0.0394872
4,401,500,11,0.0352821
4,501,600,14,0.0311795
4,601,700,9,0.0256667
4,701,800,11,0.0232821
4,801,900,8,0.0237308
4,901,1000,11,0.0274615
2,1,100,10,0.0196538
2,101,200,10,0.0194103
2,201,300,14,0.0226538
2,301,400,10,0.0197692
2,401,500,11,0.0151154
2,501,600,7,0.00682051
2,601,700,11,0.00976923
2,701,800,10,0.0161282
2,801,900,7,0.0166538
2,901,1000,10,0.0163846
16,1,100,4,0.00670513
16,101,200,4,0.0050641
16,201,300,8,0.0264872
16,301,400,3,0.00197436
16,401,500,2,0.00147436
16,501,600,8,0.0182692
16,601,700,5,0.00439744
16,701,800,2,0.00455128
16,801,900,5,0.0125
16,901,1000,6,0.0135128
7,1,100,12,0.0335897
7,101,200,11,0.0345256
7,201,300,15,0.0513846
7,301,400,14,0.0473333
7,401,500,6,0.0224744
7,501,600,5,0.0159872
7,601,700,9,0.0402949
7,701,800,10,0.0376667
7,801,900,17,0.0635256
7,901,1000,8,0.026641
7,1,100,11,0.0447692
7,101,200,8,0.0214231
7,201,300,9,0.0267308
7,301,400,10,0.0279231
7,401,500,8,0.0273846
7,501,600,7,0.0191538
7,601,700,5,0.0195513
7,701,800,6,0.027
7,801,900,6,0.0194744
7,901,1000,10,0.0359872
13,1,100,14,0.0236538
13,101,200,10,0.0146026
13,201,300,8,0.0101154
13,301,400,10,0.0120769
13,401,500,10,0.018859
13,501,600,12,0.0220641
13,601,700,11,0.023859
13,701,800,10,0.0123846
13,801,900,13,0.0217436
13,901,1000,5,0.0130385
2,1,100,14,0.0322692
2,101,200,13,0.0335
2,201,300,8,0.0198974
2,301,400,10,0.0211923
2,401,500,10,0.0316538
2,501,600,5,0.0128974
2,601,700,10,0.0340256
2,701,800,3,0.0055
2,801,900,6,0.0130513
2,901,1000,7,0.0181923
14,1,100,11,0.0474231
14,101,200,27,0.118923
14,201,300,14,0.0611538
14,301,400,22,0.0999231
14,401,500,29,0.116718
14,501,600,22,0.104205
14,601,700,25,0.111013
14,701,800,13,0.0524231
14,801,900,20,0.0787436
14,901,1000,19,0.0814615
17,1,100,15,0.0258205
17,101,200,13,0.0298333
17,201,300,9,0.0203205
17,301,400,14,0.0335641
17,401,500,6,0.0214231
17,501,600,7,0.0139359
17,601,700,11,0.0167436
17,701,800,8,0.0161795
17,801,900,8,0.0233718
17,901,1000,7,0.0106026
4,1,100,11,0.0429103
4,101,200,9,0.0289744
4,201,300,12,0.0369231
4,301,400,6,0.0216795
4,401,500,11,0.0408205
4,501,600,12,0.0556923
4,601,700,10,0.0375256
4,701,800,7,0.0234231
4,801,900,3,0.00828205
4,901,1000,7,0.0283974
0,1,100,12,0.0256026
0,101,200,7,0.0199615
0,201,300,14,0.0335385
0,301,400,4,0.0127692
0,401,500,7,0.0205385
0,501,600,7,0.0191795
0,601,700,10,0.0334615
0,701,800,9,0.0255
0,801,900,7,0.0176282
0,901,1000,10,0.0227949
11,1,100,11,0.0237436
11,101,200,9,0.0104231
11,201,300,6,0.0166538
11,301,400,5,0.0089359
11,401,500,3,0.00683333
11,501,600,3,0.00610256
11,601,700,6,0.0162564
11,701,800,2,0.0109231
11,801,900,7,0.0187692
11,901,1000,6,0.0141026
0,1,100,11,0.0353462
0,101,200,21,0.070141
0,201,300,19,0.0797179
0,301,400,17,0.0682949
0,401,500,11,0.0421154
0,501,600,17,0.0588462
0,601,700,17,0.0484872
0,701,800,19,0.0568205
0,801,900,18,0.0693462
0,901,1000,24,0.0678462
19,1,100,10,0.0311923
19,101,200,10,0.0316667
19,201,300,12,0.041141
19,301,400,6,0.0145769
19,401,500,7,0.0215513
19,501,600,11,0.0295128
19,601,700,10,0.0231026
19,701,800,9,0.0248846
19,801,900,14,0.0385513
19,901,1000,9,0.0243718
11,1,100,7,0.0227821
11,101,200,10,0.0360513
11,201,300,7,0.0257051
11,301,400,6,0.021641
11,401,500,8,0.0381538
11,501,600,7,0.0117051
11,601,700,3,0.00592308
11,701,800,3,0.0108462
11,801,900,10,0.0312821
11,901,1000,12,0.025141
2,1,100,9,0.0142179
2,101,200,14,0.0203718
2,201,300,3,0.00197436
2,301,400,10,0.0209744
2,401,500,6,0.00658974
2,501,600,11,0.0120641
2,601,700,10,0.0100128
2,701,800,9,0.0107949
2,801,900,14,0.0203205
2,901,1000,11,0.0105128
3,1,100,11,0.0237436
3,101,200,6,0.0120897
3,201,300,10,0.0135897
3,301,400,8,0.0206538
3,401,500,5,0.0132308
3,501,600,7,0.0126282
3,601,700,6,0.0141667
3,701,800,10,0.0188846
3,801,900,9,0.0244487
3,901,1000,9,0.0206154
5,1,100,10,0.0315385
5,101,200,10,0.0383846
5,201,300,11,0.0419103
5,301,400,13,0.046
5,401,500,13,0.0521026
5,501,600,15,0.0444103
5,601,700,20,0.0806282
5,701,800,19,0.0605641
5,801,900,8,0.0313846
5,901,1000,21,0.0761923
3,1,100,6,0.00712821
3,101,200,7,0.0110641
3,201,300,3,0.00324359
3,301,400,8,0.0125
3,401,500,7,0.0147692
3,501,600,5,0.00424359
3,601,700,6,0.0115
3,701,800,7,0.0064359
3,801,900,7,0.00619231
3,901,1000,4,0.0050641
11,1,100,9,0.0196923
11,101,200,12,0.0315256
11,201,300,9,0.0212179
11,301,400,6,0.0131538
11,401,500,7,0.0136923
11,501,600,5,0.00526923
11,601,700,3,0.00244872
11,701,800,4,0.0120128
11,801,900,8,0.0222949
11,901,1000,4,0.00546154
8,1,100,8,0.0213462
8,101,200,10,0.0347179
8,201,300,7,0.0103333
8,301,400,8,0.0293462
8,401,500,5,0.0234231
8,501,600,5,0.0177821
8,601,700,5,0.0209615
8,701,800,3,0.00808974
8,801,900,7,0.016859
8,901,1000,1,0.00511538
12,1,100,6,0.0171667
12,101,200,8,0.0204359
12,201,300,10,0.0140897
12,301,400,13,0.0248333
12,401,500,9,0.024
12,501,600,12,0.0202564
12,601,700,10,0.0222564
12,701,800,11,0.0162436
12,801,900,8,0.0147949
12,901,1000,10,0.0281282
3,1,100,6,0.0122949
3,101,200,13,0.0336795
3,201,300,7,0.0105513
3,301,400,9,0.0119487
3,401,500,5,0.00947436
3,501,600,8,0.0180769
3,601,700,9,0.0105769
3,701,800,5,0.012641
3,801,900,8,0.0184231
3,901,1000,8,0.0175641
12,1,100,11,0.05
12,101,200,11,0.0310897
12,201,300,6,0.0221923
12,301,400,15,0.0427821
12,401,500,12,0.0520769
12,501,600,12,0.0328205
12,601,700,11,0.0413462
12,701,800,10,0.0441923
12,801,900,10,0.0297821
12,901,1000,16,0.065
15,1,100,9,0.0261538
15,101,200,17,0.0506282
15,201,300,7,0.0170769
15,301,400,13,0.0297692
15,401,500,12,0.0336154
15,501,600,12,0.0300256
15,601,700,18,0.0385641
15,701,800,13,0.0473718
15,801,900,11,0.0225385
15,901,1000,15,0.0386154
3,1,100,14,0.0469103
3,101,200,20,0.0581538
3,201,300,9,0.0287308
3,301,400,20,0.0706154
3,401,500,10,0.0331282
3,501,600,15,0.0505128
3,601,700,13,0.0390256
3,701,800,16,0.0549103
3,801,900,13,0.0487564
3,901,1000,11,0.0302692
1,1,100,12,0.0284487
1,101,200,11,0.0250385
1,201,300,9,0.0189872
1,301,400,14,0.040359
1,401,500,10,0.0266026
1,501,600,12,0.0295769
1,601,700,14,0.0316667
1,701,800,16,0.0337436
1,801,900,8,0.0147436
1,901,1000,15,0.0339872
15,1,100,13,0.0470897
15,101,200,21,0.0854744
15,201,300,11,0.0272308
15,301,400,9,0.0357564
15,401,500,13,0.047359
15,501,600,17,0.0631923
15,601,700,17,0.0672949
15,701,800,8,0.0214615
15,801,900,16,0.0485
15,901,1000,14,0.0543333
12,1,100,6,0.0171923
12,101,200,9,0.0270128
12,201,300,5,0.00479487
12,301,400,9,0.0210769
12,401,500,10,0.0200641
12,501,600,4,0.00862821
12,601,700,10,0.0308974
12,701,800,9,0.0149615
12,801,900,7,0.0260769
12,901,1000,6,0.0169231
4,1,100,7,0.0158462
4,101,200,14,0.0362051
4,201,300,13,0.0248077
4,301,400,6,0.0188974
4,401,500,4,0.0110897
4,501,600,8,0.0247436
4,601,700,10,0.0196538
4,701,800,3,0.0099359
4,801,900,16,0.0471538
4,901,1000,6,0.0153205
11,1,100,8,0.0164744
11,101,200,8,0.0245769
11,201,300,5,0.00939744
11,301,400,6,0.0164872
11,401,500,6,0.0125897
11,501,600,6,0.0162179
11,601,700,5,0.00344872
11,701,800,4,0.00867949
11,801,900,7,0.0179103
11,901,1000,10,0.019141
19,1,100,7,0.0258333
19,101,200,19,0.0795128
19,201,300,11,0.034359
19,301,400,14,0.0453205
19,401,500,13,0.0447308
19,501,600,16,0.0673462
19,601,700,15,0.0385256
19,701,800,10,0.0350513
19,801,900,15,0.0568462
19,901,1000,13,0.0475256
8,1,100,6,0.0181026
8,101,200,11,0.0484359
8,201,300,6,0.0204615
8,301,400,6,0.0217821
8,401,500,12,0.0582308
8,501,600,10,0.0326923
8,601,700,16,0.0604103
8,701,800,8,0.0311026
8,801,900,9,0.031641
8,901,1000,9,0.0339872
19,1,100,6,0.0128462
19,101,200,11,0.0215897
19,201,300,7,0.0158462
19,301,400,12,0.0252436
19,401,500,9,0.015641
19,501,600,6,0.0176667
19,601,700,7,0.0122051
19,701,800,13,0.0326154
19,801,900,8,0.0209103
19,901,1000,5,0.0145641
12,1,100,7,0.0129359
12,101,200,4,0.0125385
12,201,300,7,0.0134872
12,301,400,10,0.0182564
12,401,500,4,0.0104744
12,501,600,9,0.0190256
12,601,700,11,0.0192308
12,701,800,8,0.0237436
12,801,900,9,0.021641
12,901,1000,4,0.00858974
14,1,100,17,0.0577051
14,101,200,16,0.0605769
14,201,300,11,0.0455897
14,301,400,13,0.0523333
14,401,500,9,0.0298077
14,501,600,16,0.0632436
14,601,700,15,0.0600897
14,701,800,9,0.0355256
14,801,900,12,0.0485513
14,901,1000,10,0.0335128
9,1,100,14,0.0437692
9,101,200,9,0.0358077
9,201,300,11,0.0391154
9,301,400,11,0.0440641
9,401,500,12,0.0545513
9,501,600,13,0.0385
9,601,700,13,0.0513462
9,701,800,9,0.0394359
9,801,900,13,0.0495769
9,901,1000,13,0.0499744
19,1,100,6,0.0199487
19,101,200,6,0.0208205
19,201,300,9,0.0275897
19,301,400,4,0.00965385
19,401,500,9,0.0270385
19,501,600,8,0.0165513
19,601,700,12,0.0313974
19,701,800,5,0.00601282
19,801,900,5,0.0222949
19,901,1000,10,0.0241154
11,1,100,7,0.0245641
11,101,200,9,0.0430256
11,201,300,7,0.0165769
11,301,400,6,0.024859
11,401,500,8,0.0353333
11,501,600,7,0.0239872
11,601,700,8,0.0237564
11,701,800,10,0.0388974
11,801,900,9,0.0301795
11,901,1000,10,0.0359103
15,1,100,5,0.0129872
15,101,200,6,0.0197949
15,201,300,9,0.0361154
15,301,400,7,0.0141667
15,401,500,8,0.024
15,501,600,2,0.001
15,601,700,4,0.00973077
15,701,800,8,0.0232436
15,801,900,7,0.0218077
15,901,1000,6,0.0138718
5,1,100,10,0.0281923
5,101,200,5,0.00787179
5,201,300,6,0.0146667
5,301,400,13,0.0260897
5,401,500,6,0.00775641
5,501,600,7,0.0132692
5,601,700,7,0.0139359
5,701,800,8,0.0169231
5,801,900,5,0.0165256
5,901,1000,8,0.0222436
6,1,100,10,0.0400769
6,101,200,12,0.0485769
6,201,300,6,0.0207051
6,301,400,14,0.0569103
6,401,500,10,0.0359615
6,501,600,10,0.0403846
6,601,700,11,0.0227564
6,701,800,13,0.0389359
6,801,900,16,0.0526026
6,901,1000,8,0.0311923
4,1,100,17,0.0245256
4,101,200,11,0.0188205
4,201,300,7,0.0153718
4,301,400,11,0.0225385
4,401,500,10,0.0151667
4,501,600,10,0.0269872
4,601,700,18,0.0307179
4,701,800,11,0.0223205
4,801,900,15,0.026859
4,901,1000,14,0.0350256
8,1,100,8,0.00930769
8,101,200,8,0.0237821
8,201,300,7,0.0229615
8,301,400,9,0.0170897
8,401,500,6,0.0162051
8,501,600,4,0.00626923
8,601,700,6,0.0161154
8,701,800,6,0.0148974
8,801,900,11,0.0161154
8,901,1000,4,0.00566667
9,1,100,15,0.0442821
9,101,200,14,0.0399359
9,201,300,16,0.0556923
9,301,400,19,0.0593462
9,401,500,26,0.0846795
9,501,600,13,0.0436667
9,601,700,18,0.0569744
9,701,800,24,0.0766154
9,801,900,20,0.0664744
9,901,1000,14,0.0374615
0,1,100,10,0.0305256
0,101,200,9,0.0282308
0,201,300,3,0.00687179
0,301,400,7,0.0137692
0,401,500,7,0.0162949
0,501,600,13,0.0342692
0,601,700,5,0.0124359
0,701,800,7,0.0102179
0,801,900,4,0.00782051
0,901,1000,9,0.0142179
18,1,100,12,0.0347564
18,101,200,15,0.039141
18,201,300,16,0.0605
18,301,400,10,0.0286282
18,401,500,13,0.0432051
18,501,600,16,0.0337436
18,601,700,12,0.0394744
18,701,800,17,0.0576026
18,801,900,6,0.0186667
18,901,1000,16,0.0545
6,1,100,11,0.0238846
6,101,200,5,0.0146026
6,201,300,4,0.00970513
6,301,400,14,0.0254487
6,401,500,7,0.0130769
6,501,600,7,0.0133462
6,601,700,5,0.0121795
6,701,800,6,0.0117692
6,801,900,3,0.00741026
6,901,1000,13,0.0273205
3,1,100,6,0.00884615
3,101,200,3,0.00578205
3,201,300,7,0.016141
3,301,400,7,0.0108846
3,401,500,3,0.00532051
3,501,600,4,0.00920513
3,601,700,5,0.0108333
3,701,800,9,0.0192949
3,801,900,5,0.00437179
3,901,1000,5,0.011859
8,1,100,22,0.085141
8,101,200,16,0.0632051
8,201,300,17,0.0661282
8,301,400,17,0.049
8,401,500,18,0.0506923
8,501,600,18,0.0700897
8,601,700,15,0.0515897
8,701,800,19,0.0741667
8,801,900,14,0.0469103
8,901,1000,20,0.0741154
10,1,100,14,0.0380256
10,101,200,9,0.0245769
10,201,300,6,0.0132436
10,301,400,9,0.0212949
10,401,500,11,0.0285385
10,501,600,9,0.0300128
10,601,700,9,0.0248205
10,701,800,10,0.0259872
10,801,900,7,0.0179615
10,901,1000,7,0.0198462
8,1,100,3,0.00562821
8,101,200,4,0.00387179
8,201,300,3,0.00242308
8,301,400,7,0.00801282
8,401,500,4,0.00851282
8,501,600,3,0.00332051
8,601,700,5,0.00788462
8,701,800,8,0.0162949
8,801,900,4,0.006
8,901,1000,8,0.00629487
17,1,100,16,0.0316154
17,101,200,13,0.0302436
17,201,300,16,0.0303205
17,301,400,11,0.0203846
17,401,500,6,0.0124359
17,501,600,14,0.0185385
17,601,700,20,0.0267949
17,701,800,13,0.0324615
17,801,900,17,0.0359872
17,901,1000,14,0.0254872
8,1,100,20,0.0806538
8,101,200,11,0.0373077
8,201,300,18,0.059359
8,301,400,17,0.0619615
8,401,500,18,0.0579487
8,501,600,18,0.0584359
8,601,700,13,0.0560256
8,701,800,13,0.0448077
8,801,900,11,0.0409231
8,901,1000,17,0.0712821
9,1,100,3,0.00334615
9,101,200,10,0.0177051
9,201,300,5,0.00508974
9,301,400,4,0.00670513
9,401,500,6,0.00439744
9,501,600,5,0.00553846
9,601,700,7,0.00965385
9,701,800,6,0.00780769
9,801,900,9,0.0156282
9,901,1000,7,0.0112692
10,1,100,2,0.00655128
10,101,200,6,0.0156667
10,201,300,10,0.0120513
10,301,400,6,0.0130897
10,401,500,3,0.00752564
10,501,600,3,0.00670513
10,601,700,9,0.0222949
10,701,800,3,0.00197436
10,801,900,2,0.00147436
10,901,1000,3,0.00416667
18,1,100,9,0.0316795
18,101,200,7,0.0176795
18,201,300,7,0.0158205
18,301,400,6,0.016
18,401,500,12,0.0276538
18,501,600,5,0.0151154
18,601,700,6,0.0146154
18,701,800,11,0.0296154
18,801,900,7,0.0122949
18,901,1000,8,0.0182051
17,1,100,10,0.0222308
17,101,200,6,0.0124872
17,201,300,10,0.0217308
17,301,400,6,0.0143718
17,401,500,6,0.0155
17,501,600,5,0.0105
17,601,700,15,0.028641
17,701,800,12,0.0323333
17,801,900,11,0.0173205
17,901,1000,7,0.0157949
3,1,100,10,0.0334487
3,101,200,10,0.0220513
3,201,300,15,0.0438974
3,301,400,8,0.0221282
3,401,500,7,0.0251667
3,501,600,13,0.0408205
3,601,700,14,0.043
3,701,800,10,0.0285641
3,801,900,4,0.0095
3,901,1000,9,0.0260385
