CHROM,BIN_START,BIN_END,N_VARIANTS,WEIGHTED_FST,MEAN_FST
10,1,100,11,0.468075,0.262782
10,101,200,14,0.370573,0.225704
10,201,300,13,0.443951,0.266177
10,301,400,7,0.480646,0.38247
10,401,500,13,0.501717,0.373423
10,501,600,13,0.450671,0.324456
10,601,700,13,0.585808,0.523476
10,701,800,9,0.453461,0.299069
10,801,900,10,0.342466,0.2458
10,901,1000,9,0.474352,0.253087
5,1,100,15,0.423514,0.262581
5,101,200,21,0.434245,0.226642
5,201,300,12,0.483471,0.317948
5,301,400,12,0.417196,0.20988
5,401,500,18,0.489878,0.279475
5,501,600,12,0.402508,0.164129
5,601,700,14,0.359777,0.212669
5,701,800,11,0.414065,0.260068
5,801,900,16,0.383246,0.227071
5,901,1000,14,0.375121,0.266016
8,1,100,24,0.452278,0.380962
8,101,200,15,0.418306,0.299294
8,201,300,19,0.37503,0.291798
8,301,400,18,0.406125,0.315802
8,401,500,19,0.474923,0.353597
8,501,600,23,0.430025,0.328363
8,601,700,16,0.463282,0.373377
8,701,800,19,0.377337,0.256371
8,801,900,12,0.386192,0.299591
8,901,1000,17,0.475529,0.446747
14,1,100,16,0.220461,0.175605
14,101,200,10,0.194825,0.138767
14,201,300,18,0.222258,0.145187
14,301,400,11,0.177338,0.113105
14,401,500,23,0.169138,0.125966
14,501,600,18,0.195378,0.13294
14,601,700,17,0.207539,0.129633
14,701,800,11,0.285513,0.21893
14,801,900,17,0.275112,0.171451
14,901,1000,16,0.236431,0.159767
7,1,100,13,0.667644,0.478852
7,101,200,15,0.557473,0.396351
7,201,300,17,0.583372,0.442105
7,301,400,22,0.488203,0.267894
7,401,500,17,0.514799,0.388589
7,501,600,16,0.507019,0.280864
7,601,700,11,0.65743,0.51845
7,701,800,16,0.581141,0.425933
7,801,900,13,0.574398,0.432394
7,901,1000,11,0.475667,0.316136
10,1,100,14,0.282553,0.188224
10,101,200,11,0.219913,0.145938
10,201,300,10,0.22464,0.149163
10,301,400,11,0.244049,0.177401
10,401,500,13,0.237344,0.14831
10,501,600,12,0.255755,0.190943
10,601,700,17,0.250015,0.148922
10,701,800,11,0.246853,0.137876
10,801,900,9,0.235722,0.155979
10,901,1000,11,0.198822,0.11264
19,1,100,12,0.155909,0.151204
19,101,200,11,0.190726,0.1753
19,201,300,16,0.125424,0.119249
19,301,400,8,0.172915,0.136359
19,401,500,10,0.172791,0.150568
19,501,600,19,0.127435,0.102084
19,601,700,14,0.10066,0.0643563
19,701,800,14,0.121682,0.101248
19,801,900,18,0.173947,0.159441
19,901,1000,15,0.15379,0.128767
19,1,100,18,0.12343,0.0903533
19,101,200,16,0.154282,0.128761
19,201,300,12,0.163552,0.132599
19,301,400,17,0.143532,0.0851314
19,401,500,20,0.164108,0.141757
19,501,600,11,0.172057,0.115421
19,601,700,14,0.119393,0.0942077
19,701,800,11,0.13717,0.125497
19,801,900,10,0.300377,0.198671
19,901,1000,14,0.125153,0.0796832
13,1,100,17,0.241796,0.150012
13,101,200,14,0.277419,0.169329
13,201,300,12,0.207745,0.108627
13,301,400,9,0.325577,0.289582
13,401,500,11,0.255426,0.158453
13,501,600,9,0.266415,0.162209
13,601,700,15,0.242742,0.154294
13,701,800,15,0.29312,0.209822
13,801,900,16,0.313123,0.205836
13,901,1000,6,0.232506,0.13674
13,1,100,13,0.496697,0.294546
13,101,200,12,0.483927,0.296825
13,201,300,17,0.450383,0.300516
13,301,400,15,0.49571,0.266293
13,401,500,8,0.494056,0.26022
13,501,600,11,0.592823,0.489004
13,601,700,12,0.533286,0.297842
13,701,800,16,0.509647,0.34184
13,801,900,22,0.485368,0.329051
13,901,1000,13,0.415592,0.243671
15,1,100,13,0.753251,0.528848
15,101,200,9,0.709091,0.518217
15,201,300,15,0.535476,0.263798
15,301,400,16,0.786812,0.564981
15,401,500,13,0.751395,0.620424
15,501,600,16,0.619735,0.379609
15,601,700,14,0.650655,0.438163
15,701,800,12,0.679813,0.400693
15,801,900,12,0.774702,0.554232
15,901,1000,13,0.664122,0.441443
12,1,100,9,0.105669,0.0502733
12,101,200,14,0.231937,0.135638
12,201,300,9,0.269347,0.0716662
12,301,400,14,0.185868,0.0875416
12,401,500,15,0.1718,0.0796558
12,501,600,8,0.138617,0.0839416
12,601,700,12,0.198668,0.142259
12,701,800,11,0.104153,0.060213
12,801,900,11,0.146825,0.0920943
12,901,1000,9,0.21895,0.135704
15,1,100,16,0.075416,0.0899353
15,101,200,16,0.0815187,0.0845898
15,201,300,11,0.0354675,0.0428248
15,301,400,14,0.0939805,0.0934826
15,401,500,16,0.0492131,0.0508381
15,501,600,21,0.0782662,0.0755976
15,601,700,22,0.123191,0.14158
15,701,800,19,0.0487295,0.0691087
15,801,900,25,0.0295898,0.0496718
15,901,1000,16,0.0851116,0.0950897
17,1,100,15,0.0917419,0.0775459
17,101,200,16,0.119662,0.101077
17,201,300,17,0.0509873,0.0439906
17,301,400,18,0.12826,0.117663
17,401,500,10,0.167223,0.0986166
17,501,600,12,0.150083,0.113965
17,601,700,9,0.134503,0.113379
17,701,800,14,0.110346,0.0873213
17,801,900,12,0.127664,0.0848319
17,901,1000,14,0.113889,0.0964997
9,1,100,22,0.109977,0.0831095
9,101,200,21,0.242922,0.171958
9,201,300,20,0.149979,0.132625
9,301,400,23,0.212007,0.128448
9,401,500,30,0.190515,0.158856
9,501,600,18,0.174421,0.144269
9,601,700,22,0.289868,0.201236
9,701,800,26,0.135609,0.110866
9,801,900,25,0.188763,0.13537
9,901,1000,20,0.223849,0.140676
6,1,100,8,0.037037,0.0277778
6,101,200,11,0.445124,0.117782
6,201,300,13,0.400109,0.131562
6,301,400,18,0.345574,0.130636
6,401,500,12,0.555857,0.254291
6,501,600,9,0.398206,0.214758
6,601,700,7,0.174603,0.105669
6,701,800,11,0.137037,0.0905724
6,801,900,13,0.377622,0.139192
6,901,1000,14,0.586359,0.277213
19,1,100,20,0.286322,0.188267
19,101,200,13,0.36738,0.274346
19,201,300,11,0.337633,0.194987
19,301,400,18,0.358395,0.262688
19,401,500,14,0.371465,0.266994
19,501,600,16,0.395776,0.339015
19,601,700,18,0.375225,0.295585
19,701,800,18,0.365179,0.270794
19,801,900,16,0.383097,0.327761
19,901,1000,16,0.327635,0.170595
14,1,100,16,0.388109,0.28296
14,101,200,20,0.427787,0.316039
14,201,300,12,0.426833,0.326077
14,301,400,19,0.38329,0.262678
14,401,500,21,0.424676,0.357873
14,501,600,15,0.401568,0.299543
14,601,700,19,0.423975,0.324896
14,701,800,15,0.345006,0.225979
14,801,900,14,0.433459,0.375232
14,901,1000,23,0.398524,0.318647
5,1,100,21,0.289602,0.205351
5,101,200,14,0.317454,0.259313
5,201,300,15,0.262581,0.189033
5,301,400,19,0.311232,0.224762
5,401,500,12,0.249683,0.213923
5,501,600,14,0.256985,0.201255
5,601,700,12,0.269619,0.207529
5,701,800,23,0.307935,0.226984
5,801,900,12,0.338038,0.253787
5,901,1000,15,0.240325,0.188147
3,1,100,13,0.277778,0.0871137
3,101,200,8,0.034188,0.0376984
3,201,300,12,0.345176,0.153941
3,301,400,13,0.12191,0.0592241
3,401,500,8,0.22528,0.0729532
3,501,600,7,0.304828,0.163743
3,601,700,8,0.406452,0.14137
3,701,800,13,0.336531,0.154133
3,801,900,6,0.0606061,0.0462963
3,901,1000,16,0.256258,0.0993707
11,1,100,13,0.352011,0.247901
11,101,200,17,0.368048,0.248234
11,201,300,12,0.387261,0.315709
11,301,400,16,0.351933,0.268066
11,401,500,15,0.278262,0.217509
11,501,600,9,0.355941,0.336844
11,601,700,13,0.367265,0.315032
11,701,800,13,0.388862,0.311026
11,801,900,12,0.37751,0.306842
11,901,1000,12,0.411794,0.349832
4,1,100,10,0.297217,0.191155
4,101,200,7,0.241687,0.0872371
4,201,300,11,0.225709,0.188971
4,301,400,10,0.304004,0.200963
4,401,500,19,0.324818,0.262516
4,501,600,15,0.28789,0.198745
4,601,700,8,0.285638,0.212669
4,701,800,12,0.318375,0.283155
4,801,900,13,0.27194,0.216983
4,901,1000,17,0.294925,0.209949
14,1,100,8,0.342222,0.258732
14,101,200,12,0.395207,0.182157
14,201,300,11,0.536911,0.374735
14,301,400,10,0.474949,0.28827
14,401,500,5,0.458771,0.250794
14,501,600,6,0.38781,0.201091
14,601,700,4,0.51262,0.470533
14,701,800,6,0.406157,0.16025
14,801,900,7,0.342976,0.109909
14,901,1000,9,0.370079,0.0910715
5,1,100,11,0.115426,0.0718971
5,101,200,8,0.146696,0.102217
5,201,300,11,0.278117,0.148905
5,301,400,11,0.40077,0.162173
5,401,500,6,0.311901,0.216226
5,501,600,7,0.153597,0.109585
5,601,700,7,0.366956,0.250825
5,701,800,9,0.424779,0.172866
5,801,900,11,0.414823,0.310082
5,901,1000,7,0.259857,0.159713
0,1,100,14,0.643121,0.333718
0,101,200,22,0.665454,0.446822
0,201,300,23,0.682564,0.509404
0,301,400,19,0.663874,0.501313
0,401,500,14,0.704827,0.471675
0,501,600,18,0.720141,0.605625
0,601,700,18,0.652478,0.432232
0,701,800,24,0.668031,0.467159
0,801,900,19,0.665685,0.485345
0,901,1000,26,0.668748,0.401237
11,1,100,9,0.442189,0.363389
11,101,200,17,0.436897,0.306252
11,201,300,8,0.218809,0.102731
11,301,400,5,0.354839,0.215211
11,401,500,17,0.416878,0.259839
11,501,600,12,0.398329,0.322668
11,601,700,7,0.407666,0.325342
11,701,800,10,0.426489,0.380536
11,801,900,8,0.444444,0.35
11,901,1000,10,0.461806,0.262556
1,1,100,15,0.255255,0.219459
1,101,200,14,0.272122,0.209375
1,201,300,7,0.212544,0.177759
1,301,400,10,0.309601,0.281489
1,401,500,20,0.249206,0.150857
1,501,600,14,0.230324,0.135065
1,601,700,20,0.241155,0.168857
1,701,800,15,0.303407,0.221723
1,801,900,9,0.249383,0.208726
1,901,1000,12,0.235619,0.104499
2,1,100,10,0.180436,0.0923231
2,101,200,12,0.350872,0.140158
2,201,300,13,0.50538,0.284379
2,301,400,5,0.515829,0.176288
2,401,500,10,0.402185,0.163391
2,501,600,16,0.622151,0.292114
2,601,700,12,0.314157,0.111729
2,701,800,17,0.560025,0.297482
2,801,900,11,0.409479,0.173521
2,901,1000,12,0.542034,0.316371
12,1,100,9,0.299065,0.190168
12,101,200,14,0.271005,0.206077
12,201,300,17,0.397347,0.210863
12,301,400,11,0.275113,0.271465
12,401,500,11,0.271709,0.222005
12,501,600,14,0.27483,0.186363
12,601,700,7,0.313725,0.294772
12,701,800,10,0.314506,0.2267
12,801,900,10,0.276337,0.206633
12,901,1000,17,0.396041,0.227258
2,1,100,13,0.284254,0.124672
2,101,200,17,0.253493,0.124453
2,201,300,6,0.0449173,0.0211895
2,301,400,14,0.337322,0.236329
2,401,500,8,0.154122,0.0786034
2,501,600,13,0.317992,0.149572
2,601,700,12,0.180723,0.124196
2,701,800,9,0.268527,0.115251
2,801,900,17,0.344069,0.17177
2,901,1000,15,0.117546,0.0955128
16,1,100,18,0.155179,0.14351
16,101,200,21,0.143892,0.148988
16,201,300,20,0.202698,0.161504
16,301,400,13,0.168559,0.146443
16,401,500,12,0.157221,0.152528
16,501,600,13,0.10097,0.0851799
16,601,700,17,0.135603,0.118279
16,701,800,12,0.130716,0.1012
16,801,900,20,0.135818,0.109412
16,901,1000,14,0.176236,0.168355
10,1,100,13,0.652758,0.478784
10,101,200,24,0.630473,0.476336
10,201,300,15,0.526894,0.280149
10,301,400,13,0.642079,0.415328
10,401,500,18,0.631046,0.393685
10,501,600,23,0.634296,0.404869
10,601,700,21,0.641288,0.428238
10,701,800,12,0.489682,0.315131
10,801,900,19,0.59035,0.29671
10,901,1000,16,0.638169,0.467343
15,1,100,17,0.377551,0.206796
15,101,200,18,0.405903,0.248233
15,201,300,20,0.417522,0.286501
15,301,400,18,0.322051,0.182636
15,401,500,11,0.352716,0.195797
15,501,600,18,0.388119,0.258133
15,601,700,19,0.30984,0.198452
15,701,800,18,0.40385,0.22126
15,801,900,19,0.401396,0.287508
15,901,1000,18,0.41019,0.254408
17,1,100,27,0.228859,0.137046
17,101,200,25,0.2625,0.207184
17,201,300,14,0.22887,0.203657
17,301,400,29,0.262361,0.199638
17,401,500,19,0.259413,0.189865
17,501,600,26,0.259819,0.190123
17,601,700,22,0.245914,0.164857
17,701,800,22,0.270585,0.211303
17,801,900,21,0.225885,0.182711
17,901,1000,18,0.276409,0.216707
1,1,100,11,0.394829,0.24444
1,101,200,13,0.414738,0.278862
1,201,300,12,0.265685,0.188013
1,301,400,9,0.325129,0.257001
1,401,500,14,0.369082,0.2488
1,501,600,14,0.349282,0.249792
1,601,700,6,0.418223,0.287563
1,701,800,14,0.380882,0.248619
1,801,900,13,0.349621,0.191871
1,901,1000,11,0.390144,0.28942
17,1,100,9,0.332996,0.202126
17,101,200,9,0.203175,0.144831
17,201,300,6,0.31968,0.201701
17,301,400,6,0.445655,0.252632
17,401,500,10,0.382483,0.327539
17,501,600,15,0.286477,0.244718
17,601,700,7,0.52509,0.310385
17,701,800,11,0.378455,0.293478
17,801,900,9,0.349491,0.235195
17,901,1000,7,0.219858,0.126061
1,1,100,14,0.253584,0.112726
1,101,200,14,0.308575,0.137454
1,201,300,19,0.344402,0.142499
1,301,400,14,0.395157,0.213186
1,401,500,9,0.341564,0.146398
1,501,600,13,0.433551,0.23874
1,601,700,9,0.323274,0.166439
1,701,800,6,0.322493,0.223485
1,801,900,17,0.334277,0.131831
1,901,1000,17,0.295583,0.131343
13,1,100,9,0.385965,0.237785
13,101,200,12,0.357397,0.211194
13,201,300,15,0.199304,0.0918596
13,301,400,12,0.247394,0.107789
13,401,500,4,0.279461,0.140873
13,501,600,11,0.376019,0.225405
13,601,700,14,0.324248,0.126689
13,701,800,10,0.159847,0.0852817
13,801,900,8,0.356223,0.164147
13,901,1000,11,0.284166,0.184007
7,1,100,12,0.487299,0.444678
7,101,200,9,0.506655,0.313043
7,201,300,12,0.407571,0.246467
7,301,400,15,0.391892,0.228403
7,401,500,13,0.513421,0.387284
7,501,600,10,0.439415,0.26057
7,601,700,5,0.429012,0.357569
7,701,800,7,0.49459,0.441027
7,801,900,7,0.472789,0.296663
7,901,1000,11,0.48173,0.400937
9,1,100,18,0.203162,0.139631
9,101,200,13,0.21697,0.19058
9,201,300,19,0.285944,0.199905
9,301,400,11,0.207921,0.163119
9,401,500,20,0.21857,0.173347
9,501,600,24,0.188564,0.10726
9,601,700,17,0.179027,0.132846
9,701,800,12,0.192848,0.125302
9,801,900,14,0.167404,0.127229
9,901,1000,17,0.179226,0.1352
3,1,100,13,0.161213,0.102994
3,101,200,9,0.21736,0.10931
3,201,300,10,0.0847436,0.0622185
3,301,400,8,0.205462,0.15095
3,401,500,7,0.117897,0.0813758
3,501,600,8,0.168414,0.0975927
3,601,700,9,0.176993,0.118935
3,701,800,13,0.0872712,0.0745387
3,801,900,9,0.141064,0.132879
3,901,1000,11,0.0791063,0.0675624
9,1,100,18,0.261706,0.187628
9,101,200,17,0.285777,0.104477
9,201,300,16,0.34702,0.222654
9,301,400,12,0.299746,0.2026
9,401,500,17,0.422059,0.297218
9,501,600,21,0.356194,0.223305
9,601,700,17,0.274532,0.165659
9,701,800,14,0.351656,0.246188
9,801,900,14,0.31724,0.18148
9,901,1000,21,0.379473,0.203313
17,1,100,11,0.22272,0.175211
17,101,200,10,0.28667,0.183835
17,201,300,6,0.211172,0.150936
17,301,400,10,0.0964878,0.0846956
17,401,500,14,0.204307,0.149396
17,501,600,7,0.340321,0.227124
17,601,700,7,0.351116,0.220869
17,701,800,10,0.192774,0.15625
17,801,900,13,0.266336,0.188259
17,901,1000,11,0.0999535,0.0945504
11,1,100,10,0.491861,0.258012
11,101,200,15,0.411502,0.219879
11,201,300,15,0.337152,0.219656
11,301,400,11,0.481422,0.360683
11,401,500,12,0.3806,0.237705
11,501,600,13,0.333593,0.178848
11,601,700,15,0.398232,0.215593
11,701,800,21,0.200063,0.105771
11,801,900,11,0.453789,0.341503
11,901,1000,15,0.391752,0.257034
11,1,100,22,0.455221,0.328979
11,101,200,23,0.402922,0.274195
11,201,300,21,0.498182,0.41596
11,301,400,18,0.532127,0.399989
11,401,500,21,0.51641,0.448808
11,501,600,23,0.562656,0.445342
11,601,700,26,0.554378,0.442952
11,701,800,20,0.526005,0.42382
11,801,900,17,0.481362,0.422697
11,901,1000,26,0.565243,0.49699
0,1,100,20,0.274761,0.142677
0,101,200,12,0.189448,0.133825
0,201,300,15,0.373628,0.186306
0,301,400,8,0.329643,0.136179
0,401,500,10,0.28449,0.181734
0,501,600,11,0.292152,0.156722
0,601,700,13,0.369134,0.243146
0,701,800,12,0.303483,0.195992
0,801,900,9,0.287346,0.200006
0,901,1000,13,0.275206,0.159383
15,1,100,13,0.233526,0.129063
15,101,200,12,0.147853,0.0815095
15,201,300,7,0.16383,0.0954432
15,301,400,14,0.243524,0.144385
15,401,500,10,0.213421,0.131282
15,501,600,7,0.109015,0.0580454
15,601,700,10,0.100529,0.0555556
15,701,800,12,0.186856,0.102199
15,801,900,13,0.176955,0.089129
15,901,1000,8,0.196217,0.132868
10,1,100,13,0.286569,0.183766
10,101,200,11,0.06476,0.0439576
10,201,300,11,0.194349,0.0991404
10,301,400,11,0.24207,0.213264
10,401,500,10,0.158278,0.0975201
10,501,600,13,0.258951,0.210208
10,601,700,16,0.249341,0.158618
10,701,800,13,0.216618,0.141555
10,801,900,13,0.241843,0.174477
10,901,1000,14,0.265224,0.190709
16,1,100,13,0.309066,0.191095
16,101,200,16,0.340439,0.26692
16,201,300,9,0.255255,0.125097
16,301,400,8,0.244848,0.130784
16,401,500,18,0.190784,0.109645
16,501,600,7,0.266272,0.140447
16,601,700,12,0.271463,0.151995
16,701,800,18,0.256353,0.144315
16,801,900,12,0.247059,0.139018
16,901,1000,15,0.32413,0.191949
11,1,100,12,0.361418,0.115463
11,101,200,14,0.528711,0.267924
11,201,300,9,0.308575,0.130364
11,301,400,11,0.499931,0.253368
11,401,500,9,0.370305,0.139972
11,501,600,10,0.495935,0.287161
11,601,700,12,0.47019,0.125731
11,701,800,7,0.176955,0.0845165
11,801,900,10,0.304175,0.133445
11,901,1000,11,0.378249,0.131925
3,1,100,15,0.281281,0.212104
3,101,200,17,0.306963,0.220536
3,201,300,11,0.273205,0.101676
3,301,400,11,0.270758,0.206482
3,401,500,9,0.190091,0.0821515
3,501,600,12,0.29646,0.163533
3,601,700,14,0.20978,0.15277
3,701,800,12,0.299533,0.210204
3,801,900,11,0.291199,0.194752
3,901,1000,12,0.292189,0.190397
19,1,100,18,0.209774,0.166128
19,101,200,15,0.196565,0.129912
19,201,300,11,0.168596,0.15034
19,301,400,15,0.232339,0.193923
19,401,500,12,0.256707,0.197344
19,501,600,15,0.187349,0.136944
19,601,700,17,0.276824,0.233701
19,701,800,17,0.269117,0.189824
19,801,900,19,0.233129,0.164215
19,901,1000,17,0.279766,0.20531
7,1,100,7,0.270228,0.211896
7,101,200,12,0.172511,0.0872951
7,201,300,13,0.27105,0.169649
7,301,400,12,0.316394,0.181925
7,401,500,14,0.273396,0.205159
7,501,600,14,0.298644,0.188005
7,601,700,19,0.215491,0.111994
7,701,800,11,0.295488,0.223603
7,801,900,9,0.197896,0.123811
7,901,1000,16,0.206758,0.14052
9,1,100,7,0.498166,0.399035
9,101,200,6,0.450252,0.201726
9,201,300,6,0.435396,0.202555
9,301,400,16,0.490982,0.301417
9,401,500,16,0.475943,0.338326
9,501,600,15,0.501265,0.333331
9,601,700,8,0.529782,0.499336
9,701,800,11,0.550056,0.432275
9,801,900,10,0.517384,0.45937
9,901,1000,7,0.521531,0.320413
7,1,100,10,0.308985,0.19378
7,101,200,17,0.363335,0.203657
7,201,300,17,0.407521,0.246996
7,301,400,18,0.412435,0.245256
7,401,500,13,0.400113,0.258967
7,501,600,17,0.352165,0.232058
7,601,700,11,0.40735,0.214017
7,701,800,22,0.181167,0.0892661
7,801,900,14,0.409085,0.277364
7,901,1000,15,0.248553,0.139435
13,1,100,20,0.572814,0.35353
13,101,200,19,0.523564,0.339092
13,201,300,13,0.45609,0.273265
13,301,400,17,0.503187,0.299243
13,401,500,20,0.539933,0.384538
13,501,600,18,0.590565,0.425481
13,601,700,13,0.501332,0.320111
13,701,800,11,0.576238,0.362131
13,801,900,13,0.54895,0.421236
13,901,1000,10,0.493577,0.288218
14,1,100,14,0.506603,0.415144
14,101,200,32,0.508186,0.429749
14,201,300,15,0.566851,0.495136
14,301,400,26,0.527413,0.454845
14,401,500,33,0.508084,0.40432
14,501,600,24,0.532706,0.471809
14,601,700,30,0.532438,0.43198
14,701,800,16,0.503683,0.420447
14,801,900,22,0.541994,0.421532
14,901,1000,22,0.520075,0.42156
17,1,100,13,0.268274,0.153568
17,101,200,7,0.20717,0.124012
17,201,300,16,0.166667,0.144893
17,301,400,7,0.0703218,0.0719794
17,401,500,8,0.345655,0.224005
17,501,600,11,0.341392,0.264624
17,601,700,18,0.162969,0.102378
17,701,800,14,0.230342,0.133844
17,801,900,15,0.23838,0.137237
17,901,1000,10,0.355616,0.209357
4,1,100,19,0.518956,0.316933
4,101,200,12,0.498928,0.314635
4,201,300,18,0.404969,0.27928
4,301,400,9,0.424498,0.311348
4,401,500,12,0.459133,0.314655
4,501,600,14,0.546443,0.472303
4,601,700,11,0.556006,0.416917
4,701,800,11,0.412238,0.280057
4,801,900,6,0.401294,0.209767
4,901,1000,9,0.57544,0.454954
18,1,100,15,0.107867,0.0619479
18,101,200,18,0.0930841,0.0666906
18,201,300,16,0.118705,0.0792995
18,301,400,9,0.116897,0.0731044
18,401,500,8,0.084468,0.0765617
18,501,600,8,0.0562805,0.0414674
18,601,700,12,0.0990056,0.0831578
18,701,800,11,0.11835,0.0710516
18,801,900,8,0.149385,0.12767
18,901,1000,8,0.0929355,0.0820635
4,1,100,23,0.218871,0.172653
4,101,200,17,0.214559,0.144557
4,201,300,20,0.257005,0.193142
4,301,400,20,0.252666,0.173148
4,401,500,19,0.245673,0.21323
4,501,600,28,0.170256,0.124293
4,601,700,21,0.236944,0.189725
4,701,800,17,0.149281,0.110808
4,801,900,19,0.291635,0.197816
4,901,1000,22,0.262159,0.207106
15,1,100,7,0.261358,0.221218
15,101,200,7,0.258044,0.219402
15,201,300,12,0.357973,0.3431
15,301,400,9,0.220251,0.131916
15,401,500,12,0.239224,0.200441
15,501,600,7,0.179012,0.0820106
15,601,700,11,0.319164,0.233363
15,701,800,9,0.391831,0.254858
15,801,900,9,0.123025,0.111487
15,901,1000,7,0.303523,0.210804
13,1,100,11,0.103971,0.0577203
13,101,200,16,0.212135,0.125287
13,201,300,10,0.216684,0.125265
13,301,400,12,0.227471,0.11666
13,401,500,17,0.225782,0.112937
13,501,600,18,0.257384,0.13326
13,601,700,12,0.135387,0.0841653
13,701,800,20,0.186156,0.0848819
13,801,900,12,0.396662,0.279949
13,901,1000,15,0.252977,0.0780732
18,1,100,15,0.139821,0.117315
18,101,200,22,0.196153,0.169228
18,201,300,13,0.153042,0.128432
18,301,400,27,0.170908,0.123761
18,401,500,17,0.229157,0.155154
18,501,600,22,0.170412,0.130604
18,601,700,15,0.223715,0.217065
18,701,800,14,0.150531,0.115966
18,801,900,17,0.184163,0.164924
18,901,1000,18,0.197922,0.148562
18,1,100,6,0.358213,0.205423
18,101,200,7,0.428375,0.267845
18,201,300,6,0.328772,0.188104
18,301,400,7,0.166667,0.0888166
18,401,500,8,0.33522,0.14356
18,501,600,2,-1.07336e-16,-1.07336e-16
18,601,700,10,0.33514,0.212957
18,701,800,6,0.364948,0.274863
18,801,900,9,0.370125,0.235019
18,901,1000,6,0.113104,0.0546113
10,1,100,17,0.242027,0.207382
10,101,200,11,0.235259,0.18099
10,201,300,10,0.256058,0.231742
10,301,400,17,0.214876,0.143412
10,401,500,14,0.225131,0.180154
10,501,600,17,0.207453,0.1368
10,601,700,14,0.239697,0.198077
10,701,800,9,0.245592,0.182386
10,801,900,14,0.17876,0.0971325
10,901,1000,19,0.259259,0.176946
11,1,100,12,0.321248,0.225699
11,101,200,16,0.328383,0.180408
11,201,300,8,0.416615,0.219392
11,301,400,8,0.143342,0.0922916
11,401,500,8,0.273526,0.23473
11,501,600,4,0.120879,0.102258
11,601,700,9,0.364283,0.276455
11,701,800,8,0.345926,0.240595
11,801,900,9,0.329398,0.187248
11,901,1000,10,0.311008,0.229957
17,1,100,12,0.53195,0.325219
17,101,200,7,0.469929,0.257149
17,201,300,12,0.474131,0.262322
17,301,400,12,0.559275,0.349033
17,401,500,12,0.541708,0.291895
17,501,600,12,0.309075,0.12069
17,601,700,8,0.380692,0.243774
17,701,800,13,0.292093,0.0985439
17,801,900,15,0.543076,0.236078
17,901,1000,13,0.534144,0.309124
2,1,100,10,0.228228,0.14
2,101,200,15,0.316421,0.184706
2,201,300,8,0.308081,0.206772
2,301,400,11,0.21021,0.126768
2,401,500,6,0.299848,0.189805
2,501,600,8,0.731557,0.302849
2,601,700,13,0.232453,0.137589
2,701,800,12,0.255556,0.12572
2,801,900,15,0.298742,0.193777
2,901,1000,9,0.376538,0.265408
8,1,100,25,0.552815,0.381814
8,101,200,18,0.535251,0.403978
8,201,300,20,0.51177,0.412268
8,301,400,19,0.598518,0.336181
8,401,500,24,0.514281,0.26409
8,501,600,21,0.527081,0.402408
8,601,700,20,0.544413,0.383274
8,701,800,23,0.580035,0.452052
8,801,900,19,0.513716,0.285329
8,901,1000,21,0.569118,0.406628
12,1,100,22,0.314053,0.248491
12,101,200,21,0.37329,0.240723
12,201,300,34,0.34627,0.242966
12,301,400,28,0.410847,0.271663
12,401,500,28,0.412514,0.328303
12,501,600,29,0.30718,0.232785
12,601,700,29,0.388759,0.315988
12,701,800,17,0.411378,0.318142
12,801,900,25,0.408738,0.2982
12,901,1000,25,0.306617,0.265925
4,1,100,16,0.170198,0.127708
4,101,200,20,0.152471,0.10697
4,201,300,14,0.195078,0.133835
4,301,400,18,0.13689,0.10827
4,401,500,18,0.151612,0.10464
4,501,600,17,0.137621,0.0818282
4,601,700,19,0.194452,0.143485
4,701,800,17,0.244146,0.201594
4,801,900,15,0.267518,0.207885
4,901,1000,19,0.18008,0.142175
5,1,100,11,0.0313029,0.0413555
5,101,200,8,0.206003,0.0897808
5,201,300,11,0.047619,0.0752093
5,301,400,15,0.0537674,0.0549554
5,401,500,12,0.0146587,0.0436579
5,501,600,12,0.152697,0.105551
5,601,700,11,0.0306627,0.0470397
5,701,800,17,0.13387,0.100766
5,801,900,8,0.128065,0.0997877
5,901,1000,12,0.091192,0.0713232
18,1,100,18,0.0874288,0.0823507
18,101,200,17,0.0724071,0.0531045
18,201,300,17,0.0641363,0.0456176
18,301,400,12,0.110641,0.0861978
18,401,500,14,0.0642354,0.0482392
18,501,600,19,0.0804233,0.0552738
18,601,700,15,0.0651251,0.046962
18,701,800,20,0.0682625,0.0432521
18,801,900,12,0.103917,0.0781687
18,901,1000,20,0.0622861,0.0491615
6,1,100,14,0.340981,0.232058
6,101,200,7,0.351917,0.156943
6,201,300,13,0.218987,0.140066
6,301,400,10,0.32475,0.206593
6,401,500,16,0.328745,0.236298
6,501,600,16,0.219144,0.120126
6,601,700,12,0.326199,0.215941
6,701,800,14,0.282689,0.110073
6,801,900,7,0.189421,0.134868
6,901,1000,10,0.281352,0.204104
0,1,100,11,0.314883,0.232838
0,101,200,13,0.205886,0.0938092
0,201,300,10,0.239706,0.08954
0,301,400,14,0.281589,0.191318
0,401,500,17,0.322658,0.170503
0,501,600,8,0.308024,0.239177
0,601,700,15,0.303192,0.191774
0,701,800,8,0.230129,0.158615
0,801,900,18,0.267974,0.129801
0,901,1000,8,0.326295,0.280916
3,1,100,9,0.175843,0.0796763
3,101,200,14,0.244646,0.157564
3,201,300,9,0.0853994,0.0666079
3,301,400,9,0.0682821,0.041057
3,401,500,5,0.0584662,0.0510602
3,501,600,12,0.183713,0.125856
3,601,700,9,0.0291262,0.0173251
3,701,800,6,0.244609,0.16273
3,801,900,8,0.157515,0.106032
3,901,1000,9,0.0287973,0.036555
7,1,100,13,0.128827,0.0877883
7,101,200,15,0.269841,0.116946
7,201,300,16,0.205352,0.130647
7,301,400,17,0.21983,0.141873
7,401,500,13,0.19813,0.129157
7,501,600,18,0.27722,0.199721
7,601,700,17,0.302612,0.168221
7,701,800,14,0.291019,0.211579
7,801,900,14,0.20316,0.107987
7,901,1000,13,0.176425,0.150967
17,1,100,6,0.163614,0.061631
17,101,200,7,0.348148,0.224581
17,201,300,5,0.479675,0.226288
17,301,400,11,0.456954,0.220088
17,401,500,11,0.335135,0.174893
17,501,600,7,0.236225,0.152193
17,601,700,14,0.327858,0.214516
17,701,800,10,0.337195,0.237554
17,801,900,9,0.36,0.176153
17,901,1000,8,0.335605,0.19323
1,1,100,13,0.0081607,0.0143843
1,101,200,13,0.168738,0.10784
1,201,300,10,0.108929,0.0503344
1,301,400,15,0.23771,0.134412
1,401,500,14,0.331404,0.162213
1,501,600,14,0.20747,0.138984
1,601,700,17,0.218188,0.0891168
1,701,800,18,0.0997605,0.0455495
1,801,900,12,0.155062,0.0405924
1,901,1000,19,0.140586,0.0496625
8,1,100,9,0.313367,0.227626
8,101,200,16,0.246336,0.230851
8,201,300,8,0.161677,0.137484
8,301,400,11,0.161325,0.113658
8,401,500,15,0.261901,0.239422
8,501,600,15,0.22499,0.166736
8,601,700,19,0.285871,0.254584
8,701,800,9,0.19181,0.190977
8,801,900,13,0.232014,0.144174
8,901,1000,11,0.25448,0.199261
15,1,100,5,0.478141,0.25297
15,101,200,17,0.268429,0.144752
15,201,300,10,0.506356,0.270122
15,301,400,8,0.104938,0.062037
15,401,500,3,0.670469,0.560065
15,501,600,8,0.126984,0.0847222
15,601,700,7,0.141414,0.111111
15,701,800,11,0.332541,0.178824
15,801,900,11,0.339472,0.15663
15,901,1000,10,0.297367,0.131032
9,1,100,9,0.176587,0.0864198
9,101,200,9,0.20704,0.131294
9,201,300,15,0.195665,0.113565
9,301,400,16,0.174312,0.0986601
9,401,500,15,0.237069,0.122242
9,501,600,14,0.080532,0.066232
9,601,700,21,0.250928,0.158392
9,701,800,16,0.275112,0.107505
9,801,900,11,0.114501,0.102135
9,901,1000,20,0.142106,0.0731186
16,1,100,14,0.367501,0.281711
16,101,200,13,0.339867,0.239038
16,201,300,11,0.417085,0.345202
16,301,400,18,0.39336,0.30785
16,401,500,16,0.340078,0.202011
16,501,600,25,0.362758,0.266706
16,601,700,18,0.309401,0.220323
16,701,800,11,0.369346,0.282277
16,801,900,14,0.37146,0.290172
16,901,1000,12,0.276976,0.191898
13,1,100,15,0.304141,0.174495
13,101,200,12,0.310345,0.179829
13,201,300,10,0.344438,0.205277
13,301,400,10,0.241018,0.133836
13,401,500,20,0.292815,0.14125
13,501,600,12,0.38702,0.233243
13,601,700,16,0.392711,0.254016
13,701,800,17,0.298715,0.143463
13,801,900,9,0.275163,0.143444
13,901,1000,10,0.279417,0.148916
16,1,100,14,0.205331,0.173855
16,101,200,21,0.276504,0.225093
16,201,300,11,0.230337,0.188264
16,301,400,15,0.284275,0.224088
16,401,500,21,0.212507,0.179396
16,501,600,19,0.187053,0.147556
16,601,700,14,0.269045,0.243559
16,701,800,20,0.277672,0.150607
16,801,900,21,0.200626,0.169187
16,901,1000,14,0.231592,0.198983
2,1,100,14,0.0114379,0.0453817
2,101,200,11,0.0469738,0.0628309
2,201,300,12,-0.0264643,0.00650271
2,301,400,14,0.0403698,0.0478529
2,401,500,12,0.0396347,0.080333
2,501,600,14,0.000922631,0.030381
2,601,700,14,-0.0177688,0.0228048
2,701,800,12,0.0167279,0.0193474
2,801,900,13,-0.0233083,-0.00108723
2,901,1000,15,0.0178281,0.0252123
19,1,100,16,0.159644,0.146969
19,101,200,18,0.0823088,0.0677375
19,201,300,14,0.118585,0.112813
19,301,400,13,0.121989,0.126796
19,401,500,10,0.101681,0.0777852
19,501,600,16,0.154169,0.115371
19,601,700,12,0.158109,0.158099
19,701,800,11,0.115914,0.0935434
19,801,900,12,0.193068,0.176816
19,901,1000,14,0.156758,0.125251
2,1,100,11,0.212402,0.125792
2,101,200,13,0.309103,0.145418
2,201,300,17,0.134088,0.0738732
2,301,400,12,0.317357,0.145838
2,401,500,15,0.168365,0.073382
2,501,600,10,0.0826023,0.0522989
2,601,700,13,0.200231,0.0828159
2,701,800,12,0.12268,0.0609803
2,801,900,8,0.191241,0.122529
2,901,1000,13,0.228882,0.0746158
18,1,100,14,0.289317,0.166033
18,101,200,16,0.352623,0.252641
18,201,300,14,0.25808,0.20002
18,301,400,20,0.264603,0.180514
18,401,500,15,0.348743,0.255861
18,501,600,21,0.2327,0.151343
18,601,700,14,0.344025,0.238039
18,701,800,11,0.334287,0.230587
18,801,900,15,0.261093,0.201815
18,901,1000,13,0.372025,0.209326
7,1,100,8,0.55,0.27686
7,101,200,8,0.373268,0.224971
7,201,300,13,0.416003,0.231937
7,301,400,10,0.194883,0.090857
7,401,500,9,0.32954,0.175206
7,501,600,8,0.553211,0.399974
7,601,700,10,0.165569,0.0980015
7,701,800,8,0.360805,0.142875
7,801,900,9,0.412963,0.236718
7,901,1000,6,0.428273,0.296771
13,1,100,12,0.361146,0.17303
13,101,200,8,0.361317,0.120278
13,201,300,13,0.398917,0.200533
13,301,400,11,0.408015,0.228384
13,401,500,9,0.477645,0.318259
13,501,600,12,0.344552,0.181082
13,601,700,9,0.20515,0.104072
13,701,800,13,0.218314,0.0754986
13,801,900,9,0.336396,0.184667
13,901,1000,14,0.357847,0.192571
5,1,100,16,0.447204,0.267185
5,101,200,13,0.365323,0.259417
5,201,300,19,0.42989,0.355003
5,301,400,18,0.419667,0.288961
5,401,500,20,0.421474,0.317382
5,501,600,21,0.400688,0.220496
5,601,700,25,0.428406,0.322984
5,701,800,24,0.404627,0.275587
5,801,900,12,0.397253,0.342589
5,901,1000,27,0.41732,0.296936
1,1,100,7,0.316834,0.214089
1,101,200,13,0.378494,0.247164
1,201,300,10,0.260744,0.192447
1,301,400,7,0.457596,0.308912
1,401,500,10,0.310563,0.204495
1,501,600,8,0.279012,0.237103
1,601,700,8,0.337319,0.259618
1,701,800,9,0.420357,0.282486
1,801,900,9,0.149573,0.101411
1,901,1000,8,0.187699,0.110952
8,1,100,12,0.496032,0.326262
8,101,200,13,0.575841,0.389161
8,201,300,17,0.476348,0.325309
8,301,400,12,0.623045,0.420768
8,401,500,10,0.672939,0.539068
8,501,600,7,0.712747,0.511631
8,601,700,12,0.709106,0.49504
8,701,800,11,0.418803,0.352835
8,801,900,9,0.642292,0.317593
8,901,1000,8,0.596651,0.43125
0,1,100,11,0.242784,0.152017
0,101,200,13,0.06588,0.0516124
0,201,300,14,0.160138,0.127849
0,301,400,11,0.147479,0.131769
0,401,500,8,0.272954,0.147317
0,501,600,10,0.167967,0.0900843
0,601,700,15,0.167279,0.117235
0,701,800,10,0.168063,0.0990028
0,801,900,15,0.234553,0.162093
0,901,1000,15,0.221266,0.122416
0,1,100,9,0.271659,0.180797
0,101,200,11,0.310386,0.222608
0,201,300,10,0.238825,0.164868
0,301,400,5,0.134921,0.09
0,401,500,8,0.369457,0.26368
0,501,600,10,0.294205,0.230644
0,601,700,8,0.109153,0.0746749
0,701,800,12,0.295249,0.266759
0,801,900,4,0.0555556,0.0462963
0,901,1000,8,0.340894,0.22523
12,1,100,15,0.546865,0.430484
12,101,200,16,0.452975,0.224657
12,201,300,14,0.526112,0.31135
12,301,400,10,0.534335,0.30638
12,401,500,13,0.431839,0.25398
12,501,600,11,0.594381,0.429611
12,601,700,16,0.429494,0.245457
12,701,800,10,0.490809,0.412425
12,801,900,14,0.515987,0.286236
12,901,1000,12,0.402985,0.259641
12,1,100,12,0.473329,0.33686
12,101,200,7,0.549689,0.341398
12,201,300,11,0.432462,0.240573
12,301,400,8,0.36864,0.206249
12,401,500,13,0.427891,0.285209
12,501,600,14,0.340566,0.179506
12,601,700,9,0.514286,0.404048
12,701,800,14,0.417856,0.293725
12,801,900,10,0.477445,0.312092
12,901,1000,7,0.450942,0.199882
11,1,100,15,0.259259,0.133905
11,101,200,13,0.102666,0.104212
11,201,300,11,0.31787,0.223084
11,301,400,9,0.00736471,0.0350076
11,401,500,11,0.111541,0.12206
11,501,600,10,0.283154,0.14153
11,601,700,7,0.0160075,0.0231572
11,701,800,9,0.178744,0.149129
11,801,900,12,0.109702,0.0932816
11,901,1000,14,0.162678,0.0926111
4,1,100,20,0.0892354,0.0542729
4,101,200,17,0.0482743,0.0522391
4,201,300,12,0.0932211,0.0700509
4,301,400,12,0.0752574,0.0582785
4,401,500,14,0.165359,0.127858
4,501,600,14,0.0753691,0.0698394
4,601,700,23,0.131352,0.106371
4,701,800,22,0.115477,0.100929
4,801,900,13,0.0692008,0.0545883
4,901,1000,15,0.103281,0.0813283
10,1,100,16,0.122238,0.0898036
10,101,200,16,0.166385,0.0846652
10,201,300,17,0.162768,0.103169
10,301,400,16,0.185408,0.136426
10,401,500,13,0.170467,0.098032
10,501,600,15,0.148881,0.0941921
10,601,700,15,0.131284,0.0905531
10,701,800,18,0.120185,0.0905419
10,801,900,22,0.213314,0.110788
10,901,1000,12,0.117199,0.0965604
5,1,100,12,0.243358,0.14753
5,101,200,7,0.334664,0.148333
5,201,300,7,0.381882,0.158811
5,301,400,17,0.192573,0.0840471
5,401,500,7,0.317023,0.130206
5,501,600,9,0.0763603,0.0538299
5,601,700,10,0.295154,0.109115
5,701,800,11,0.378927,0.163376
5,801,900,10,0.397628,0.218047
5,901,1000,8,0.265474,0.178889
8,1,100,6,0.332011,0.231458
8,101,200,9,0.325397,0.188615
8,201,300,8,0.295139,0.16358
8,301,400,13,0.290682,0.184888
8,401,500,10,0.375037,0.32319
8,501,600,11,0.351156,0.226607
8,601,700,17,0.338985,0.256944
8,701,800,15,0.357584,0.232718
8,801,900,5,0.283049,0.235476
8,901,1000,13,0.284325,0.116199
19,1,100,7,0.251885,0.182395
19,101,200,7,0.12402,0.12805
19,201,300,9,0.194516,0.155334
19,301,400,6,0.254863,0.159867
19,401,500,11,0.237751,0.178124
19,501,600,9,0.304411,0.184118
19,601,700,13,0.292707,0.181364
19,701,800,7,0.0869419,0.0373873
19,801,900,8,0.176136,0.142487
19,901,1000,13,0.231137,0.116209
17,1,100,12,0.0913439,0.0608982
17,101,200,13,0.0982287,0.0505124
17,201,300,10,0.172766,0.0629842
17,301,400,15,0.220243,0.127754
17,401,500,11,0.198586,0.0828057
17,501,600,25,0.109899,0.0705776
17,601,700,23,0.199072,0.107605
17,701,800,14,0.257922,0.161904
17,801,900,14,0.090769,0.0614539
17,901,1000,13,0.0487421,0.0417784
0,1,100,12,0.422604,0.324333
0,101,200,9,0.345336,0.255044
0,201,300,14,0.448311,0.284057
0,301,400,12,0.45932,0.247719
0,401,500,13,0.377244,0.279826
0,501,600,8,0.312865,0.194805
0,601,700,13,0.439717,0.343955
0,701,800,12,0.280141,0.191931
0,801,900,12,0.371322,0.239335
0,901,1000,11,0.401336,0.334697
14,1,100,12,0.144114,0.127012
14,101,200,13,0.0786807,0.0623225
14,201,300,17,0.092696,0.0826791
14,301,400,19,0.0960452,0.0977191
14,401,500,21,0.101832,0.0813618
14,501,600,18,0.0903238,0.0834798
14,601,700,14,0.128798,0.145083
14,701,800,16,0.0787533,0.0695274
14,801,900,19,0.111611,0.0596927
14,901,1000,12,0.0931633,0.112368
19,1,100,11,0.436103,0.277702
19,101,200,13,0.350811,0.199683
19,201,300,11,0.211211,0.144704
19,301,400,16,0.291428,0.201264
19,401,500,12,0.357105,0.183573
19,501,600,7,0.375177,0.281215
19,601,700,11,0.193357,0.119473
19,701,800,16,0.322395,0.207056
19,801,900,10,0.297802,0.188992
19,901,1000,9,0.373857,0.260204
4,1,100,8,0.396583,0.238591
4,101,200,9,0.34001,0.221529
4,201,300,13,0.366581,0.205746
4,301,400,7,0.479905,0.305556
4,401,500,8,0.423773,0.236111
4,501,600,9,0.269239,0.158639
4,601,700,13,0.315278,0.20998
4,701,800,7,0.540598,0.34127
4,801,900,8,0.403853,0.239286
4,901,1000,7,0.353194,0.192918
6,1,100,12,0.02048,0.042622
6,101,200,15,0.00625978,0.0267014
6,201,300,9,0.0328535,0.0633
6,301,400,14,0.0121286,0.0365254
6,401,500,12,0.0790378,0.11313
6,501,600,14,0.0919646,0.11871
6,601,700,15,0.10343,0.0927032
6,701,800,14,0.0517087,0.0683661
6,801,900,17,-0.00261396,0.0176409
6,901,1000,9,0.0060241,0.0342618
15,1,100,14,0.188912,0.13381
15,101,200,20,0.224427,0.166082
15,201,300,12,0.229568,0.208338
15,301,400,19,0.205462,0.178156
15,401,500,25,0.20385,0.188547
15,501,600,17,0.219877,0.153865
15,601,700,16,0.191492,0.14025
15,701,800,10,0.206081,0.107721
15,801,900,23,0.19435,0.138344
15,901,1000,14,0.263801,0.229044
6,1,100,16,0.28054,0.20806
6,101,200,12,0.369115,0.25502
6,201,300,16,0.362227,0.223808
6,301,400,22,0.323489,0.169319
6,401,500,21,0.347477,0.199456
6,501,600,21,0.412411,0.226559
6,601,700,11,0.448173,0.32853
6,701,800,20,0.280754,0.164599
6,801,900,19,0.634921,0.407941
6,901,1000,29,0.37671,0.206044
3,1,100,7,0.0382728,0.0416885
3,101,200,12,0.136003,0.110407
3,201,300,11,0.0594315,0.0758818
3,301,400,8,0.0726865,0.0517413
3,401,500,11,0.0875988,0.0998267
3,501,600,14,0.0886818,0.0735929
3,601,700,8,0.108652,0.0758033
3,701,800,15,0.101231,0.0917711
3,801,900,9,0.0750659,0.0492938
3,901,1000,14,0.0531503,0.0585066
8,1,100,11,0.292929,0.155303
8,101,200,11,0.4062,0.199827
8,201,300,10,0.402788,0.251113
8,301,400,13,0.323904,0.165467
8,401,500,17,0.306845,0.117747
8,501,600,10,0.467223,0.286572
8,601,700,12,0.369545,0.181865
8,701,800,9,0.262642,0.128936
8,801,900,16,0.311719,0.19622
8,901,1000,13,0.414569,0.22322
16,1,100,12,0.214496,0.154652
16,101,200,10,0.149306,0.122222
16,201,300,14,0.165173,0.115451
16,301,400,6,0.109015,0.0864198
16,401,500,12,0.151312,0.11767
16,501,600,10,0.244896,0.1532
16,601,700,13,0.20078,0.146172
16,701,800,11,0.225212,0.121114
16,801,900,17,0.163437,0.128182
16,901,1000,10,0.149112,0.117728
14,1,100,21,0.411681,0.270578
14,101,200,19,0.39995,0.290734
14,201,300,13,0.405547,0.325198
14,301,400,17,0.433277,0.327154
14,401,500,16,0.347558,0.216543
14,501,600,18,0.415293,0.318619
14,601,700,18,0.407013,0.317872
14,701,800,13,0.396595,0.29981
14,801,900,18,0.376356,0.253851
14,901,1000,12,0.40338,0.265074
6,1,100,12,0.361409,0.140522
6,101,200,12,0.237134,0.135532
6,201,300,11,0.371345,0.232903
6,301,400,13,0.405649,0.193696
6,401,500,17,0.377062,0.186095
6,501,600,8,0.3404,0.211323
6,601,700,10,0.151013,0.0968909
6,701,800,9,0.211858,0.0880791
6,801,900,11,0.49969,0.304376
6,901,1000,13,0.272482,0.184132
4,1,100,21,0.428983,0.276274
4,101,200,13,0.399736,0.250514
4,201,300,16,0.261482,0.200031
4,301,400,14,0.467022,0.18513
4,401,500,20,0.345489,0.239025
4,501,600,17,0.401389,0.304721
4,601,700,16,0.411255,0.397608
4,701,800,17,0.460284,0.335783
4,801,900,21,0.42667,0.333037
4,901,1000,25,0.500319,0.353859
3,1,100,16,0.163763,0.127994
3,101,200,15,0.165132,0.12115
3,201,300,16,0.148148,0.111111
3,301,400,22,0.195445,0.142283
3,401,500,16,0.234102,0.149154
3,501,600,18,0.18111,0.135871
3,601,700,20,0.227431,0.151739
3,701,800,16,0.191257,0.131971
3,801,900,15,0.198324,0.125019
3,901,1000,16,0.154481,0.13088
8,1,100,12,0.166246,0.105669
8,101,200,11,0.292773,0.225955
8,201,300,12,0.32472,0.219227
8,301,400,15,0.173554,0.101214
8,401,500,7,0.288112,0.222372
8,501,600,8,0.259259,0.17377
8,601,700,8,0.280819,0.23056
8,701,800,11,0.320527,0.217294
8,801,900,14,0.246704,0.107989
8,901,1000,7,0.177089,0.135049
16,1,100,21,0.137463,0.122251
16,101,200,15,0.0604551,0.0677192
16,201,300,20,0.140344,0.113493
16,301,400,12,0.162468,0.093173
16,401,500,6,0.1423,0.122893
16,501,600,16,0.100271,0.0577669
16,601,700,20,0.105691,0.0640482
16,701,800,14,0.137066,0.122843
16,801,900,18,0.0759794,0.0647815
16,901,1000,17,0.139209,0.107586
9,1,100,19,0.161928,0.120007
9,101,200,9,0.107198,0.0998211
9,201,300,16,0.16349,0.127149
9,301,400,11,0.174185,0.164936
9,401,500,15,0.130475,0.142706
9,501,600,15,0.0816866,0.0804579
9,601,700,17,0.176852,0.157737
9,701,800,15,0.124116,0.113588
9,801,900,15,0.115689,0.0927861
9,901,1000,16,0.191919,0.159384
13,1,100,8,0.152915,0.0929326
13,101,200,13,0.424079,0.245444
13,201,300,11,0.123631,0.0984515
13,301,400,11,0.321338,0.201348
13,401,500,10,0.225468,0.141528
13,501,600,10,0.45241,0.304192
13,601,700,15,0.34384,0.197082
13,701,800,19,0.413691,0.216447
13,801,900,18,0.357538,0.252671
13,901,1000,13,0.296161,0.208528
4,1,100,17,0.156928,0.0960836
4,101,200,16,0.131277,0.0942125
4,201,300,8,0.26384,0.15243
4,301,400,15,0.225039,0.135087
4,401,500,10,0.238407,0.110972
4,501,600,15,0.17314,0.0837242
4,601,700,22,0.257163,0.125774
4,701,800,14,0.258266,0.13975
4,801,900,19,0.175983,0.088384
4,901,1000,15,0.222489,0.145327
15,1,100,13,0.652758,0.478784
15,101,200,24,0.630473,0.476336
15,201,300,15,0.526894,0.280149
15,301,400,13,0.642079,0.415328
15,401,500,18,0.631046,0.393685
15,501,600,23,0.634296,0.404869
15,601,700,21,0.641288,0.428238
15,701,800,12,0.489682,0.315131
15,801,900,19,0.59035,0.29671
15,901,1000,16,0.638169,0.467343
2,1,100,16,0.434856,0.209003
2,101,200,15,0.594849,0.32151
2,201,300,8,0.512288,0.326736
2,301,400,12,0.594732,0.399418
2,401,500,14,0.330281,0.231593
2,501,600,8,0.646822,0.356057
2,601,700,15,0.593505,0.387066
2,701,800,19,0.61338,0.297441
2,801,900,10,0.547227,0.312531
2,901,1000,11,0.490112,0.255736
0,1,100,11,0.26438,0.174193
0,101,200,10,0.202648,0.108948
0,201,300,10,0.322001,0.166144
0,301,400,11,0.232076,0.151317
0,401,500,10,0.330169,0.219925
0,501,600,5,0.511009,0.275946
0,601,700,8,0.20439,0.13899
0,701,800,10,0.375595,0.281409
0,801,900,10,0.289764,0.177915
0,901,1000,13,0.274278,0.191873
10,1,100,8,0.558544,0.448718
10,101,200,10,0.677047,0.425835
10,201,300,18,0.338061,0.181097
10,301,400,12,0.463111,0.309796
10,401,500,10,0.417069,0.302244
10,501,600,11,0.577778,0.459305
10,601,700,20,0.490985,0.338396
10,701,800,10,0.337963,0.207158
10,801,900,10,0.506349,0.305449
10,901,1000,11,0.526005,0.402907
9,1,100,17,0.226227,0.161883
9,101,200,11,0.124029,0.0665698
9,201,300,16,0.133775,0.115223
9,301,400,11,0.189621,0.144312
9,401,500,14,0.191699,0.115481
9,501,600,17,0.168443,0.119396
9,601,700,10,0.259259,0.212782
9,701,800,13,0.214692,0.169478
9,801,900,12,0.158879,0.113769
9,901,1000,18,0.172993,0.110285
2,1,100,16,0.193486,0.107868
2,101,200,12,0.139325,0.109126
2,201,300,10,0.201796,0.12337
2,301,400,15,0.149047,0.10678
2,401,500,17,0.1782,0.0965608
2,501,600,9,0.228027,0.124398
2,601,700,6,0.218206,0.13435
2,701,800,14,0.17613,0.127683
2,801,900,7,0.287838,0.272127
2,901,1000,10,0.0646766,0.0266547
6,1,100,6,0.566517,0.121708
6,101,200,5,0.329205,0.182258
6,201,300,5,0.380997,0.173458
6,301,400,6,0.479835,0.368697
6,401,500,10,0.31928,0.178241
6,501,600,16,0.398939,0.173112
6,601,700,13,0.500107,0.291528
6,701,800,12,0.414877,0.233754
6,801,900,17,0.353923,0.182636
6,901,1000,8,0.346575,0.155208
7,1,100,11,0.0857393,0.0535081
7,101,200,12,0.265479,0.146102
7,201,300,13,0.167604,0.0697112
7,301,400,9,0.296608,0.118822
7,401,500,10,0.34839,0.127371
7,501,600,6,0.323555,0.145804
7,601,700,10,0.426879,0.20578
7,701,800,6,0.286294,0.152475
7,801,900,10,0.254526,0.0906383
7,901,1000,7,0.355386,0.165705
18,1,100,10,0.532757,0.327959
18,101,200,11,0.506116,0.336738
18,201,300,16,0.523385,0.344767
18,301,400,17,0.497072,0.279852
18,401,500,9,0.561334,0.359633
18,501,600,16,0.513609,0.381819
18,601,700,8,0.678312,0.469416
18,701,800,14,0.631894,0.322098
18,801,900,16,0.483076,0.289907
18,901,1000,14,0.616515,0.297081
10,1,100,11,0.261334,0.179648
10,101,200,15,0.234286,0.160778
10,201,300,13,0.17847,0.0993311
10,301,400,11,0.176775,0.118041
10,401,500,11,0.216536,0.149962
10,501,600,7,0.111717,0.0808116
10,601,700,10,0.130864,0.101239
10,701,800,10,0.128086,0.115115
10,801,900,7,0.122988,0.0973829
10,901,1000,13,0.224747,0.161516
12,1,100,18,0.23951,0.17562
12,101,200,17,0.225944,0.166997
12,201,300,17,0.22853,0.179423
12,301,400,11,0.233449,0.196415
12,401,500,13,0.239724,0.138484
12,501,600,12,0.2,0.13881
12,601,700,17,0.245886,0.217521
12,701,800,21,0.192053,0.169123
12,801,900,15,0.243719,0.178361
12,901,1000,15,0.203509,0.149263
9,1,100,16,0.190824,0.127966
9,101,200,8,0.259259,0.199344
9,201,300,14,0.283628,0.215605
9,301,400,14,0.224944,0.163157
9,401,500,18,0.226162,0.137627
9,501,600,16,0.238837,0.146036
9,601,700,15,0.266451,0.189159
9,701,800,15,0.264353,0.171182
9,801,900,18,0.257267,0.165575
9,901,1000,11,0.266763,0.222697
13,1,100,17,0.0960651,0.0687216
13,101,200,14,0.132505,0.101188
13,201,300,12,0.182909,0.103359
13,301,400,14,0.131256,0.0872206
13,401,500,14,0.0975138,0.0861423
13,501,600,14,0.125062,0.103965
13,601,700,13,0.220636,0.151426
13,701,800,15,0.0696996,0.0722093
13,801,900,14,0.100654,0.0794884
13,901,1000,6,0.167288,0.154518
8,1,100,15,0.249012,0.0961552
8,101,200,8,0.462103,0.189391
8,201,300,16,0.108065,0.0608446
8,301,400,9,0.337607,0.171731
8,401,500,11,0.344178,0.181202
8,501,600,16,0.122904,0.0809602
8,601,700,6,0.391853,0.162708
8,701,800,11,0.240129,0.102178
8,801,900,13,0.277846,0.164175
8,901,1000,16,0.239174,0.173607
19,1,100,11,0.591854,0.4344
19,101,200,24,0.59721,0.461804
19,201,300,17,0.59095,0.376879
19,301,400,17,0.597521,0.381122
19,401,500,17,0.590578,0.374453
19,501,600,19,0.609057,0.462704
19,601,700,17,0.542569,0.300875
19,701,800,12,0.57476,0.394238
19,801,900,17,0.61428,0.451875
19,901,1000,17,0.598293,0.432187
5,1,100,12,0.784452,0.431468
5,101,200,15,0.74383,0.431054
5,201,300,15,0.687809,0.444102
5,301,400,14,0.585551,0.303532
5,401,500,18,0.422409,0.267797
5,501,600,19,0.567747,0.213451
5,601,700,14,0.745307,0.491415
5,701,800,21,0.730727,0.467525
5,801,900,22,0.581089,0.282784
5,901,1000,22,0.64174,0.426005
10,1,100,17,0.334713,0.184141
10,101,200,16,0.335383,0.13566
10,201,300,9,0.180521,0.115593
10,301,400,13,0.395352,0.172991
10,401,500,17,0.239608,0.125327
10,501,600,23,0.398905,0.259132
10,601,700,18,0.269173,0.125499
10,701,800,19,0.350535,0.150145
10,801,900,20,0.194444,0.0937053
10,901,1000,22,0.352727,0.205237
12,1,100,8,0.295977,0.194228
12,101,200,10,0.432384,0.298201
12,201,300,11,0.256317,0.114547
12,301,400,18,0.440978,0.236428
12,401,500,12,0.354305,0.2375
12,501,600,14,0.318744,0.161693
12,601,700,15,0.343217,0.19406
12,701,800,13,0.24817,0.0909509
12,801,900,10,0.510033,0.280254
12,901,1000,15,0.334865,0.198608
0,1,100,14,0.294822,0.189848
0,101,200,11,0.256343,0.13167
0,201,300,13,0.280527,0.160458
0,301,400,10,0.309309,0.19783
0,401,500,13,0.281395,0.176637
0,501,600,11,0.240409,0.155495
0,601,700,12,0.285622,0.185989
0,701,800,16,0.237805,0.180865
0,801,900,12,0.382785,0.245726
0,901,1000,9,0.332488,0.244704
3,1,100,16,0.259259,0.118094
3,101,200,14,0.294728,0.154789
3,201,300,9,0.288403,0.117628
3,301,400,9,0.382613,0.202213
3,401,500,16,0.269406,0.103566
3,501,600,16,0.305019,0.14021
3,601,700,15,0.202972,0.0959677
3,701,800,10,0.325659,0.217796
3,801,900,16,0.417504,0.177633
3,901,1000,10,0.0997942,0.0426792
1,1,100,11,0.28832,0.154384
1,101,200,8,0.342627,0.252561
1,201,300,11,0.191349,0.0891468
1,301,400,11,0.253317,0.0844193
1,401,500,9,0.392093,0.255695
1,501,600,12,0.274611,0.132636
1,601,700,8,0.0406069,0.0386723
1,701,800,6,0.193113,0.0927542
1,801,900,18,0.384099,0.171955
1,901,1000,6,0.127807,0.0699186
12,1,100,11,0.300971,0.135773
12,101,200,8,0.278947,0.164567
12,201,300,10,0.199511,0.113819
12,301,400,12,0.169354,0.112316
12,401,500,8,0.337411,0.157317
12,501,600,10,0.222512,0.126961
12,601,700,15,0.121191,0.0941973
12,701,800,11,0.297999,0.143099
12,801,900,12,0.130514,0.0723433
12,901,1000,5,0.275996,0.166955
6,1,100,10,0.259799,0.220473
6,101,200,13,0.341257,0.286207
6,201,300,10,0.263078,0.185653
6,301,400,13,0.242424,0.197381
6,401,500,14,0.279279,0.264554
6,501,600,11,0.277778,0.233826
6,601,700,16,0.247993,0.199157
6,701,800,14,0.197952,0.127915
6,801,900,9,0.21595,0.177081
6,901,1000,7,0.256823,0.171513
4,1,100,13,0.322372,0.218825
4,101,200,19,0.235351,0.115514
4,201,300,10,0.224168,0.134239
4,301,400,16,0.233047,0.147477
4,401,500,13,0.258906,0.186074
4,501,600,19,0.363197,0.222498
4,601,700,15,0.264272,0.189431
4,701,800,14,0.164179,0.0985517
4,801,900,17,0.22395,0.140155
4,901,1000,13,0.232619,0.111779
19,1,100,14,0.047619,0.0331865
19,101,200,12,0.0904049,0.0329713
19,201,300,17,0.24777,0.0866253
19,301,400,14,0.107861,0.076366
19,401,500,12,0.315842,0.152807
19,501,600,14,0.0446705,0.0433446
19,601,700,18,0.102775,0.0484726
19,701,800,13,0.113052,0.0555711
19,801,900,13,0.215428,0.108972
19,901,1000,9,0.0163282,0.015386
14,1,100,9,0.409506,0.263381
14,101,200,13,0.206604,0.161216
14,201,300,9,0.105732,0.0448869
14,301,400,11,0.413525,0.205254
14,401,500,9,0.379747,0.331524
14,501,600,13,0.366717,0.153175
14,601,700,14,0.206104,0.120668
14,701,800,17,0.374576,0.259979
14,801,900,14,0.251619,0.15229
14,901,1000,11,0.277445,0.224294
16,1,100,15,0.389873,0.213277
16,101,200,14,0.349673,0.234495
16,201,300,12,0.291709,0.230225
16,301,400,14,0.236571,0.15372
16,401,500,7,0.414041,0.221992
16,501,600,9,0.318091,0.223131
16,601,700,19,0.37415,0.223446
16,701,800,9,0.300654,0.24306
16,801,900,12,0.205222,0.157294
16,901,1000,7,0.255896,0.15211
2,1,100,16,0.25796,0.148141
2,101,200,19,0.338541,0.214388
2,201,300,23,0.322315,0.201868
2,301,400,17,0.303202,0.219387
2,401,500,9,0.328458,0.186938
2,501,600,24,0.267092,0.202431
2,601,700,17,0.268404,0.244301
2,701,800,21,0.259498,0.198424
2,801,900,14,0.311285,0.191519
2,901,1000,17,0.355913,0.272755
17,1,100,21,0.137463,0.122251
17,101,200,15,0.0604551,0.0677192
17,201,300,20,0.140344,0.113493
17,301,400,12,0.162468,0.093173
17,401,500,6,0.1423,0.122893
17,501,600,16,0.100271,0.0577669
17,601,700,20,0.105691,0.0640482
17,701,800,14,0.137066,0.122843
17,801,900,18,0.0759794,0.0647815
17,901,1000,17,0.139209,0.107586
0,1,100,17,0.295879,0.165254
0,101,200,18,0.298487,0.177342
0,201,300,21,0.412536,0.25841
0,301,400,17,0.225766,0.120496
0,401,500,18,0.497396,0.330782
0,501,600,17,0.367364,0.258851
0,601,700,17,0.405209,0.250561
0,701,800,21,0.24666,0.165677
0,801,900,27,0.41613,0.247597
0,901,1000,19,0.272562,0.142863
12,1,100,15,0.492905,0.361877
12,101,200,14,0.494508,0.264362
12,201,300,9,0.494408,0.283628
12,301,400,19,0.50835,0.308247
12,401,500,14,0.594196,0.44174
12,501,600,15,0.51741,0.321468
12,601,700,13,0.585468,0.500586
12,701,800,16,0.594147,0.424199
12,801,900,15,0.573748,0.382602
12,901,1000,17,0.587445,0.447309
3,1,100,18,0.323121,0.233385
3,101,200,24,0.315009,0.220226
3,201,300,9,0.268926,0.241967
3,301,400,20,0.371433,0.320874
3,401,500,12,0.265873,0.199171
3,501,600,16,0.414558,0.347674
3,601,700,14,0.259788,0.182387
3,701,800,21,0.309693,0.23325
3,801,900,16,0.444265,0.363423
3,901,1000,14,0.405429,0.282851
8,1,100,13,0.189711,0.140546
8,101,200,15,0.2124,0.152653
8,201,300,21,0.140929,0.122256
8,301,400,13,0.109378,0.0730046
8,401,500,8,0.268756,0.19315
8,501,600,17,0.214092,0.158935
8,601,700,21,0.158789,0.11824
8,701,800,12,0.203505,0.146408
8,801,900,14,0.212055,0.162163
8,901,1000,9,0.117415,0.0793123
3,1,100,13,0.468117,0.41469
3,101,200,11,0.38579,0.253914
3,201,300,19,0.425736,0.279296
3,301,400,13,0.414093,0.277848
3,401,500,7,0.482392,0.419051
3,501,600,14,0.469746,0.401803
3,601,700,16,0.485687,0.400839
3,701,800,12,0.396454,0.268495
3,801,900,9,0.555122,0.437547
3,901,1000,10,0.456105,0.356969
1,1,100,10,0.24477,0.126121
1,101,200,11,0.183506,0.137947
1,201,300,17,0.16985,0.0560435
1,301,400,21,0.22638,0.105017
1,401,500,14,0.166667,0.0694677
1,501,600,17,0.260514,0.0712255
1,601,700,11,0.26885,0.13247
1,701,800,13,0.248837,0.102967
1,801,900,17,0.242499,0.120011
1,901,1000,14,0.239442,0.154091
9,1,100,8,0.188092,0.154048
9,101,200,17,0.192583,0.13028
9,201,300,9,0.166182,0.0982197
9,301,400,12,0.232521,0.165939
9,401,500,10,0.114293,0.0529915
9,501,600,8,0.145299,0.080518
9,601,700,13,0.207782,0.161088
9,701,800,13,0.17768,0.12049
9,801,900,12,0.23467,0.129825
9,901,1000,9,0.0859173,0.0603587
13,1,100,17,0.536885,0.279353
13,101,200,7,0.44161,0.171936
13,201,300,11,0.664701,0.345141
13,301,400,7,0.503216,0.226309
13,401,500,13,0.791442,0.415394
13,501,600,9,0.646078,0.235085
13,601,700,7,0.650245,0.255441
13,701,800,7,0.690021,0.466211
13,801,900,8,0.637079,0.307636
13,901,1000,9,0.75803,0.473188
18,1,100,4,0.306397,0.146164
18,101,200,9,0.151094,0.0808348
18,201,300,8,0.168709,0.131794
18,301,400,7,0.162687,0.109833
18,401,500,9,0.1469,0.0823352
18,501,600,10,0.122206,0.0533208
18,601,700,10,0.135802,0.0428571
18,701,800,8,0.0494541,0.0261955
18,801,900,9,0.110373,0.0767452
18,901,1000,5,0.1,0.0555556
1,1,100,17,0.245249,0.153109
1,101,200,10,0.247016,0.145361
1,201,300,16,0.301429,0.151679
1,301,400,10,0.226648,0.141336
1,401,500,13,0.14089,0.0645815
1,501,600,10,0.295787,0.179941
1,601,700,20,0.20359,0.096558
1,701,800,11,0.208524,0.11156
1,801,900,11,0.285897,0.19465
1,901,1000,9,0.293977,0.154302
16,1,100,8,0.216442,0.104948
16,101,200,6,0.181818,0.0714286
16,201,300,10,0.354392,0.209151
16,301,400,9,0.0555556,0.0246914
16,401,500,6,0.378673,0.269993
16,501,600,9,0.241766,0.121649
16,601,700,8,0.0294511,0.0251539
16,701,800,3,0.280576,0.159713
16,801,900,6,0.182906,0.113791
16,901,1000,12,0.243323,0.136682
14,1,100,13,0.131313,0.0797721
14,101,200,11,0.149289,0.130095
14,201,300,14,0.296552,0.154206
14,301,400,11,0.31612,0.202407
14,401,500,8,0.244497,0.167599
14,501,600,12,0.244726,0.152457
14,601,700,11,0.218511,0.121472
14,701,800,12,0.254167,0.194653
14,801,900,15,0.250619,0.109485
14,901,1000,8,0.277778,0.15463
3,1,100,25,0.543648,0.452922
3,101,200,21,0.434073,0.289995
3,201,300,19,0.484214,0.298968
3,301,400,20,0.459538,0.355727
3,401,500,28,0.54028,0.424724
3,501,600,23,0.523848,0.414752
3,601,700,23,0.531664,0.45538
3,701,800,20,0.478285,0.287982
3,801,900,22,0.445949,0.291105
3,901,1000,16,0.533682,0.454756
0,1,100,13,0.514432,0.304258
0,101,200,13,0.549018,0.383564
0,201,300,8,0.536729,0.334352
0,301,400,14,0.482293,0.29042
0,401,500,13,0.404244,0.22511
0,501,600,16,0.482371,0.282867
0,601,700,11,0.457735,0.305172
0,701,800,14,0.51773,0.281104
0,801,900,11,0.380885,0.16676
0,901,1000,10,0.336219,0.155065
11,1,100,10,0.44038,0.261112
11,101,200,9,0.319444,0.0895062
11,201,300,9,0.255985,0.173884
11,301,400,18,0.181673,0.142341
11,401,500,10,0.329596,0.238629
11,501,600,9,0.394298,0.259526
11,601,700,10,0.19943,0.153241
11,701,800,8,0.227011,0.182325
11,801,900,15,0.192626,0.147314
11,901,1000,13,0.299056,0.158318
5,1,100,11,0.382975,0.303035
5,101,200,6,0.326047,0.160394
5,201,300,9,0.397772,0.222532
5,301,400,14,0.499685,0.343087
5,401,500,9,0.390222,0.21585
5,501,600,10,0.384576,0.26297
5,601,700,9,0.374475,0.249036
5,701,800,12,0.39642,0.251422
5,801,900,17,0.36523,0.197574
5,901,1000,9,0.504365,0.310794
6,1,100,15,0.537965,0.264317
6,101,200,17,0.489716,0.213528
6,201,300,12,0.524557,0.37072
6,301,400,12,0.50964,0.30176
6,401,500,16,0.476639,0.258228
6,501,600,17,0.522689,0.31072
6,601,700,10,0.537284,0.341181
6,701,800,16,0.529748,0.226621
6,801,900,13,0.563562,0.366887
6,901,1000,19,0.539394,0.330692
15,1,100,13,0.233227,0.158601
15,101,200,21,0.243547,0.140871
15,201,300,24,0.198081,0.126441
15,301,400,19,0.175828,0.081209
15,401,500,14,0.183813,0.0533492
15,501,600,17,0.218628,0.115379
15,601,700,16,0.203214,0.0896048
15,701,800,16,0.238695,0.128653
15,801,900,24,0.178186,0.055828
15,901,1000,14,0.184773,0.0590434
15,1,100,10,0.328133,0.201774
15,101,200,19,0.337278,0.242543
15,201,300,8,0.1841,0.124881
15,301,400,13,0.205043,0.132227
15,401,500,14,0.211196,0.119208
15,501,600,14,0.197995,0.134028
15,601,700,18,0.28701,0.15399
15,701,800,14,0.322213,0.216341
15,801,900,14,0.358534,0.220238
15,901,1000,18,0.33388,0.220743
4,1,100,10,0.292826,0.120917
4,101,200,17,0.278699,0.172995
4,201,300,17,0.354724,0.160725
4,301,400,10,0.149835,0.0967005
4,401,500,6,0.251781,0.181114
4,501,600,13,0.471901,0.232894
4,601,700,16,0.221992,0.120691
4,701,800,7,0.501392,0.194899
4,801,900,18,0.402991,0.25194
4,901,1000,16,0.231401,0.138355
6,1,100,13,0.163454,0.102457
6,101,200,9,0.16293,0.0916287
6,201,300,9,0.161554,0.124821
6,301,400,11,0.174011,0.0616792
6,401,500,9,0.195387,0.134494
6,501,600,10,0.224268,0.161654
6,601,700,15,0.166864,0.112322
6,701,800,12,0.290688,0.211483
6,801,900,10,0.210378,0.188749
6,901,1000,7,0.291722,0.232095
2,1,100,16,0.246023,0.137696
2,101,200,16,0.356615,0.218764
2,201,300,11,0.295109,0.166337
2,301,400,16,0.416033,0.271364
2,401,500,15,0.357545,0.274015
2,501,600,9,0.348925,0.211101
2,601,700,12,0.383176,0.275707
2,701,800,4,0.520053,0.283307
2,801,900,8,0.262873,0.146569
2,901,1000,7,0.303752,0.174493
14,1,100,11,0.434374,0.327167
14,101,200,17,0.390942,0.288921
14,201,300,15,0.406589,0.26663
14,301,400,17,0.408452,0.292954
14,401,500,14,0.404482,0.248953
14,501,600,18,0.392843,0.278588
14,601,700,16,0.403839,0.288995
14,701,800,20,0.412209,0.316618
14,801,900,19,0.425386,0.316174
14,901,1000,21,0.381987,0.260576
1,1,100,12,0.32567,0.20289
1,101,200,15,0.183502,0.106079
1,201,300,8,0.218182,0.17112
1,301,400,13,0.126566,0.107391
1,401,500,11,0.221817,0.14348
1,501,600,11,0.299454,0.19101
1,601,700,12,0.233075,0.155273
1,701,800,11,0.268799,0.160785
1,801,900,7,0.211337,0.101745
1,901,1000,10,0.197531,0.0875
16,1,100,13,0.291228,0.133168
16,101,200,17,0.301098,0.181539
16,201,300,15,0.287807,0.161191
16,301,400,21,0.259259,0.130201
16,401,500,12,0.438758,0.297468
16,501,600,12,0.292828,0.118674
16,601,700,13,0.399031,0.20852
16,701,800,15,0.191681,0.108589
16,801,900,10,0.345764,0.163732
16,901,1000,14,0.280054,0.167197
1,1,100,13,0.414235,0.310738
1,101,200,21,0.434208,0.261567
1,201,300,11,0.374854,0.217956
1,301,400,11,0.26615,0.149628
1,401,500,10,0.261327,0.183335
1,501,600,13,0.383023,0.254224
1,601,700,19,0.419981,0.255245
1,701,800,14,0.436296,0.307578
1,801,900,16,0.276597,0.16416
1,901,1000,11,0.350325,0.217875
5,1,100,8,0.0769827,0.0354469
5,101,200,9,0.150209,0.10549
5,201,300,8,0.0906688,0.0592096
5,301,400,3,0.0444444,0.037037
5,401,500,10,0.192354,0.0858586
5,501,600,11,0.162237,0.100516
5,601,700,10,0.145513,0.0891805
5,701,800,13,0.206709,0.12256
5,801,900,14,0.240322,0.155901
5,901,1000,14,0.120235,0.0876202
7,1,100,13,0.632587,0.327835
7,101,200,13,0.694422,0.360327
7,201,300,16,0.66551,0.477611
7,301,400,17,0.674188,0.468067
7,401,500,10,0.7701,0.550704
7,501,600,9,0.680999,0.342864
7,601,700,12,0.783728,0.654327
7,701,800,14,0.672202,0.482837
7,801,900,22,0.692669,0.477396
7,901,1000,12,0.583523,0.346144
18,1,100,13,0.185618,0.134335
18,101,200,14,0.132291,0.0556279
18,201,300,7,0.199561,0.130785
18,301,400,13,0.0681393,0.0449016
18,401,500,9,0.136302,0.103589
18,501,600,5,0.0977899,0.0728088
18,601,700,12,0.123594,0.12296
18,701,800,13,0.0714753,0.0510075
18,801,900,11,0.18296,0.143666
18,901,1000,12,0.0812325,0.0595672
18,1,100,18,0.489269,0.393469
18,101,200,14,0.490343,0.341946
18,201,300,15,0.480107,0.320941
18,301,400,14,0.536764,0.436574
18,401,500,23,0.496019,0.317898
18,501,600,14,0.508539,0.354251
18,601,700,18,0.495789,0.333264
18,701,800,20,0.495217,0.361044
18,801,900,14,0.478366,0.311278
18,901,1000,18,0.473262,0.307637
10,1,100,15,0.218445,0.131977
10,101,200,9,0.0864198,0.0642536
10,201,300,10,0.196885,0.181825
10,301,400,12,0.227543,0.187694
10,401,500,9,0.228471,0.169207
10,501,600,17,0.212071,0.126091
10,601,700,9,0.220373,0.188009
10,701,800,11,0.174556,0.128793
10,801,900,15,0.116224,0.0806396
10,901,1000,16,0.181761,0.111685
7,1,100,9,0.122539,0.0746761
7,101,200,13,0.135802,0.104999
7,201,300,10,0.135698,0.0647639
7,301,400,9,0.122647,0.109267
7,401,500,11,0.127475,0.112416
7,501,600,12,0.139549,0.104143
7,601,700,14,0.109897,0.103368
7,701,800,14,0.0890269,0.0665198
7,801,900,17,0.138932,0.130881
7,901,1000,7,0.101852,0.0839642
17,1,100,11,0.418823,0.257935
17,101,200,13,0.351719,0.274928
17,201,300,21,0.411039,0.296113
17,301,400,11,0.248613,0.14951
17,401,500,20,0.412247,0.240398
17,501,600,13,0.416667,0.313227
17,601,700,8,0.293904,0.210349
17,701,800,21,0.45851,0.364089
17,801,900,13,0.316473,0.173182
17,901,1000,13,0.27865,0.12125
6,1,100,12,0.00619094,0.0404896
6,101,200,12,0.076429,0.103304
6,201,300,7,0.0608466,0.098438
6,301,400,17,0.0785664,0.097168
6,401,500,10,0.158134,0.133377
6,501,600,8,0.172903,0.183897
6,601,700,12,0.0907274,0.0899097
6,701,800,11,0.00440044,0.0250632
6,801,900,7,0.15,0.153697
6,901,1000,8,0.0235174,0.0653641
2,1,100,9,0.42908,0.335019
2,101,200,13,0.617691,0.495798
2,201,300,14,0.507937,0.188343
2,301,400,13,0.643898,0.421671
2,401,500,5,0.60101,0.416049
2,501,600,16,0.532436,0.332713
2,601,700,15,0.621496,0.379897
2,701,800,7,0.507629,0.377326
2,801,900,12,0.501505,0.263928
2,901,1000,13,0.583678,0.365341
11,1,100,16,0.387031,0.272389
11,101,200,15,0.361611,0.232739
11,201,300,17,0.384208,0.290751
11,301,400,18,0.368394,0.228191
11,401,500,12,0.369677,0.229263
11,501,600,16,0.360283,0.249238
11,601,700,11,0.277675,0.143967
11,701,800,20,0.428741,0.290043
11,801,900,11,0.364703,0.25525
11,901,1000,14,0.360339,0.218334
7,1,100,14,0.367397,0.21747
7,101,200,23,0.324067,0.215908
7,201,300,16,0.293424,0.186163
7,301,400,20,0.28057,0.185068
7,401,500,17,0.314297,0.204758
7,501,600,16,0.259519,0.198134
7,601,700,12,0.297158,0.205753
7,701,800,20,0.375186,0.211683
7,801,900,13,0.283612,0.212642
7,901,1000,14,0.323531,0.246949
16,1,100,23,0.458235,0.364345
16,101,200,21,0.398396,0.3043
16,201,300,20,0.455402,0.355194
16,301,400,18,0.409315,0.312896
16,401,500,18,0.456745,0.3981
16,501,600,18,0.386574,0.242401
16,601,700,15,0.445534,0.357314
16,701,800,19,0.45971,0.324056
16,801,900,17,0.438115,0.344918
16,901,1000,21,0.427797,0.274072
8,1,100,13,0.247016,0.169911
8,101,200,14,0.346575,0.255867
8,201,300,22,0.385358,0.294976
8,301,400,12,0.372568,0.306011
8,401,500,16,0.352554,0.245285
8,501,600,9,0.391959,0.295733
8,601,700,15,0.366031,0.223983
8,701,800,13,0.386739,0.277396
8,801,900,15,0.351626,0.260092
8,901,1000,10,0.330909,0.164363
11,1,100,14,0.131467,0.0715811
11,101,200,12,0.149832,0.136568
11,201,300,12,0.170091,0.117901
11,301,400,9,0.122998,0.0747605
11,401,500,12,0.13965,0.1046
11,501,600,8,0.129085,0.0997589
11,601,700,14,0.129453,0.0844265
11,701,800,16,0.0943866,0.069767
11,801,900,12,0.114918,0.0868431
11,901,1000,14,0.150743,0.113531
19,1,100,9,0.0561257,0.0438969
19,101,200,12,0.133071,0.0838639
19,201,300,9,0.170978,0.0789235
19,301,400,20,0.107859,0.0778656
19,401,500,12,0.0284949,0.0212603
19,501,600,11,0.0925665,0.0534152
19,601,700,13,0.157674,0.090083
19,701,800,12,0.196636,0.115119
19,801,900,6,0.195202,0.181424
19,901,1000,9,0.157961,0.100841
12,1,100,14,0.323274,0.274502
12,101,200,14,0.446013,0.328578
12,201,300,17,0.363723,0.291607
12,301,400,23,0.342578,0.281724
12,401,500,14,0.382235,0.270336
12,501,600,24,0.341829,0.326883
12,601,700,18,0.374187,0.299714
12,701,800,17,0.314193,0.288561
12,801,900,19,0.364966,0.272728
12,901,1000,16,0.321506,0.27561
14,1,100,13,0.199803,0.0784439
14,101,200,12,0.473054,0.20106
14,201,300,10,0.271457,0.133526
14,301,400,5,0.0606549,0.0677739
14,401,500,13,0.400838,0.192145
14,501,600,9,0.151683,0.0901911
14,601,700,10,0.256121,0.115254
14,701,800,15,0.38107,0.161199
14,801,900,4,0.369149,0.18766
14,901,1000,11,0.335288,0.21103
9,1,100,9,0.35937,0.341235
9,101,200,17,0.401873,0.309262
9,201,300,10,0.380565,0.29565
9,301,400,13,0.353963,0.267751
9,401,500,14,0.353784,0.236846
9,501,600,12,0.341955,0.215077
9,601,700,11,0.30513,0.191388
9,701,800,14,0.378853,0.261258
9,801,900,10,0.389238,0.241482
9,901,1000,14,0.382671,0.291754
18,1,100,13,0.452412,0.194064
18,101,200,14,0.55768,0.387942
18,201,300,9,0.516488,0.297063
18,301,400,12,0.50526,0.187803
18,401,500,8,0.489194,0.224032
18,501,600,10,0.540265,0.36543
18,601,700,15,0.583487,0.346921
18,701,800,16,0.379109,0.142792
18,801,900,11,0.585334,0.361588
18,901,1000,9,0.478291,0.275049
5,1,100,7,0.38193,0.168266
5,101,200,7,0.295343,0.207934
5,201,300,12,0.305497,0.22533
5,301,400,7,0.125552,0.104152
5,401,500,11,0.403555,0.26042
5,501,600,13,0.225691,0.168569
5,601,700,15,0.160577,0.0988054
5,701,800,8,0.224022,0.150281
5,801,900,8,0.388772,0.303921
5,901,1000,15,0.330645,0.1953
