Model,Pop,CHROM,BIN_START,BIN_END,N_VARIANTS,WEIGHTED_FST,MEAN_FST
Model1,2pop,14,1,100,9,0.336398,0.296659
Model1,2pop,14,101,200,17,0.198022,0.134072
Model1,2pop,14,201,300,9,0.168044,0.109602
Model1,2pop,14,301,400,12,0.22973,0.161317
Model1,2pop,14,401,500,13,0.202762,0.129297
Model1,2pop,14,501,600,5,0.363636,0.290741
Model1,2pop,14,601,700,11,0.215686,0.181145
Model1,2pop,14,701,800,9,0.288194,0.234019
Model1,2pop,14,801,900,5,0.22735,0.156914
Model1,2pop,14,901,1000,5,0.291188,0.258239
Model1,2pop,16,1,100,6,0.176152,0.108466
Model1,2pop,16,101,200,3,0.111111,0.0740741
Model1,2pop,16,201,300,5,0.15873,0.1
Model1,2pop,16,301,400,4,0.257576,0.25
Model1,2pop,16,401,500,6,0.194444,0.172222
Model1,2pop,16,501,600,8,0.150158,0.130155
Model1,2pop,16,601,700,14,0.106461,0.104356
Model1,2pop,16,701,800,5,0.168254,0.111111
Model1,2pop,16,801,900,9,0.233618,0.185185
Model1,2pop,16,901,1000,11,0.183575,0.139394
Model1,2pop,15,1,100,14,0.0560198,0.0330879
Model1,2pop,15,101,200,14,0.0822094,0.0449419
Model1,2pop,15,201,300,12,0.0990991,0.0739554
Model1,2pop,15,301,400,14,0.0399853,0.0359194
Model1,2pop,15,401,500,11,-0.0245902,-0.020979
Model1,2pop,15,501,600,12,0.0595089,0.037589
Model1,2pop,15,601,700,10,0.0951864,0.058922
Model1,2pop,15,701,800,14,0.12877,0.0843118
Model1,2pop,15,801,900,11,0.24234,0.09662
Model1,2pop,15,901,1000,10,0.108073,0.0662821
Model1,2pop,1,1,100,7,0.740196,0.456349
Model1,2pop,1,101,200,8,0.646724,0.432125
Model1,2pop,1,201,300,7,0.740196,0.456349
Model1,2pop,1,301,400,8,0.414557,0.107615
Model1,2pop,1,401,500,8,0.37834,0.162025
Model1,2pop,1,501,600,7,0.737997,0.540278
Model1,2pop,1,601,700,12,0.632414,0.200149
Model1,2pop,1,701,800,7,0.625532,0.34538
Model1,2pop,1,801,900,9,0.710362,0.462934
Model1,2pop,1,901,1000,8,0.616487,0.346842
Model1,2pop,1,1,100,14,0.382966,0.19304
Model1,2pop,1,101,200,10,0.418484,0.260214
Model1,2pop,1,201,300,14,0.404187,0.180958
Model1,2pop,1,301,400,7,0.488074,0.216474
Model1,2pop,1,401,500,12,0.463334,0.357737
Model1,2pop,1,501,600,14,0.443073,0.228312
Model1,2pop,1,601,700,12,0.455803,0.361531
Model1,2pop,1,701,800,12,0.407895,0.176686
Model1,2pop,1,801,900,16,0.446422,0.191745
Model1,2pop,1,901,1000,9,0.408213,0.232432
Model1,2pop,2,1,100,6,0.373807,0.35561
Model1,2pop,2,101,200,16,0.413466,0.322489
Model1,2pop,2,201,300,13,0.419534,0.250645
Model1,2pop,2,301,400,9,0.404762,0.346288
Model1,2pop,2,401,500,14,0.364454,0.287911
Model1,2pop,2,501,600,6,0.310646,0.198852
Model1,2pop,2,601,700,5,0.511882,0.405073
Model1,2pop,2,701,800,11,0.348598,0.196489
Model1,2pop,2,801,900,7,0.370277,0.207733
Model1,2pop,2,901,1000,8,0.342753,0.213313
Model1,2pop,16,1,100,6,0.235364,0.0445419
Model1,2pop,16,101,200,5,0.473684,0.236753
Model1,2pop,16,201,300,8,0.0145503,0.00304581
Model1,2pop,16,301,400,6,0.335749,0.0817553
Model1,2pop,16,401,500,10,0.025641,0.00146199
Model1,2pop,16,501,600,6,0.0666667,0.037037
Model1,2pop,16,601,700,10,0.419149,0.20687
Model1,2pop,16,701,800,5,0.209545,0.0839181
Model1,2pop,16,801,900,8,-0.0344828,-0.0263158
Model1,2pop,16,901,1000,6,0.0226337,0.0102339
Model1,2pop,8,1,100,11,0.304659,0.246212
Model1,2pop,8,101,200,6,0.284314,0.248677
Model1,2pop,8,201,300,8,0.407684,0.287933
Model1,2pop,8,301,400,8,0.452862,0.330407
Model1,2pop,8,401,500,8,0.271754,0.191032
Model1,2pop,8,501,600,8,0.274691,0.18373
Model1,2pop,8,601,700,7,0.164659,0.104717
Model1,2pop,8,701,800,10,0.305785,0.243143
Model1,2pop,8,801,900,11,0.239018,0.14908
Model1,2pop,8,901,1000,13,0.230047,0.171673
Model1,2pop,15,1,100,7,0.0873016,0.0760707
Model1,2pop,15,101,200,10,0.0923845,0.0911246
Model1,2pop,15,201,300,14,0.0753253,0.0501219
Model1,2pop,15,301,400,8,0.0791476,0.0638103
Model1,2pop,15,401,500,12,0.0602453,0.0413491
Model1,2pop,15,501,600,11,0.119636,0.103659
Model1,2pop,15,601,700,8,0.0804598,0.0645819
Model1,2pop,15,701,800,12,0.0873016,0.0637459
Model1,2pop,15,801,900,6,0.0190365,0.0155563
Model1,2pop,15,901,1000,7,0.103113,0.0900448
Model1,2pop,6,1,100,11,0.308244,0.240119
Model1,2pop,6,101,200,10,0.318761,0.269753
Model1,2pop,6,201,300,8,0.287749,0.205357
Model1,2pop,6,301,400,14,0.296957,0.284761
Model1,2pop,6,401,500,11,0.278006,0.254465
Model1,2pop,6,501,600,13,0.325447,0.254556
Model1,2pop,6,601,700,12,0.281706,0.227558
Model1,2pop,6,701,800,9,0.217687,0.176367
Model1,2pop,6,801,900,13,0.273557,0.250907
Model1,2pop,6,901,1000,14,0.285714,0.237096
Model1,2pop,7,1,100,14,0.272791,0.195722
Model1,2pop,7,101,200,8,0.338536,0.264754
Model1,2pop,7,201,300,8,0.264323,0.169876
Model1,2pop,7,301,400,16,0.24817,0.122135
Model1,2pop,7,401,500,5,0.35307,0.218375
Model1,2pop,7,501,600,8,0.305556,0.22355
Model1,2pop,7,601,700,7,0.226263,0.144339
Model1,2pop,7,701,800,8,0.0918803,0.0475694
Model1,2pop,7,801,900,10,0.350162,0.183392
Model1,2pop,7,901,1000,11,0.259259,0.208563
Model1,2pop,11,1,100,11,0.6159,0.475421
Model1,2pop,11,101,200,18,0.562267,0.33239
Model1,2pop,11,201,300,11,0.560057,0.401391
Model1,2pop,11,301,400,13,0.621083,0.413105
Model1,2pop,11,401,500,13,0.679258,0.450885
Model1,2pop,11,501,600,11,0.668519,0.518855
Model1,2pop,11,601,700,12,0.625731,0.519775
Model1,2pop,11,701,800,10,0.680354,0.653056
Model1,2pop,11,801,900,10,0.457071,0.218937
Model1,2pop,11,901,1000,8,0.64994,0.544907
Model1,2pop,6,1,100,7,0.139535,0.119389
Model1,2pop,6,101,200,3,0.0277778,0.0185185
Model1,2pop,6,201,300,4,0.157407,0.111111
Model1,2pop,6,301,400,9,0.13928,0.0879799
Model1,2pop,6,401,500,7,0.144333,0.133072
Model1,2pop,6,501,600,3,0.154589,0.111111
Model1,2pop,6,601,700,7,0.196643,0.124717
Model1,2pop,6,701,800,5,0.109015,0.0611111
Model1,2pop,6,801,900,14,0.235458,0.120927
Model1,2pop,6,901,1000,9,0.129032,0.0660819
Model1,2pop,2,1,100,15,0.362344,0.260169
Model1,2pop,2,101,200,19,0.427803,0.320481
Model1,2pop,2,201,300,9,0.371738,0.256873
Model1,2pop,2,301,400,15,0.399184,0.336548
Model1,2pop,2,401,500,18,0.304989,0.156399
Model1,2pop,2,501,600,14,0.399371,0.280062
Model1,2pop,2,601,700,12,0.411087,0.341419
Model1,2pop,2,701,800,17,0.450279,0.303778
Model1,2pop,2,801,900,13,0.454062,0.37396
Model1,2pop,2,901,1000,16,0.420269,0.255132
Model1,2pop,13,1,100,21,0.658347,0.406788
Model1,2pop,13,101,200,12,0.644309,0.492116
Model1,2pop,13,201,300,10,0.626287,0.497866
Model1,2pop,13,301,400,13,0.728975,0.676638
Model1,2pop,13,401,500,11,0.675992,0.585363
Model1,2pop,13,501,600,13,0.656216,0.553842
Model1,2pop,13,601,700,18,0.668236,0.523382
Model1,2pop,13,701,800,20,0.697974,0.549074
Model1,2pop,13,801,900,15,0.611982,0.494216
Model1,2pop,13,901,1000,8,0.478114,0.305664
Model1,2pop,7,1,100,5,0.167692,0.113918
Model1,2pop,7,101,200,7,0.177162,0.151963
Model1,2pop,7,201,300,6,0.0818713,0.0473251
Model1,2pop,7,301,400,8,0.128697,0.104167
Model1,2pop,7,401,500,5,0.0821256,0.0470588
Model1,2pop,7,501,600,6,0.128788,0.114319
Model1,2pop,7,601,700,4,0.113248,0.0555556
Model1,2pop,7,701,800,6,0.199448,0.0732601
Model1,2pop,7,801,900,4,0.037037,0.0277778
Model1,2pop,7,901,1000,8,0.0320733,0.0232389
Model1,2pop,2,1,100,8,0.00311526,0.00282791
Model1,2pop,2,101,200,7,0.00350877,0.000149468
Model1,2pop,2,201,300,13,0.0660963,0.0617599
Model1,2pop,2,301,400,7,-0.00940758,-0.00921549
Model1,2pop,2,401,500,8,-0.00963978,-0.0119157
Model1,2pop,2,501,600,8,0.088729,0.0763048
Model1,2pop,2,601,700,11,0.0123457,0.0203365
Model1,2pop,2,701,800,4,-0.0175439,-0.00641026
Model1,2pop,2,801,900,6,0.0285537,0.036654
Model1,2pop,2,901,1000,7,0.00970874,0.0187957
Model1,2pop,3,1,100,3,0.566075,0.214019
Model1,2pop,3,101,200,5,0.641509,0.509103
Model1,2pop,3,201,300,9,0.559575,0.32817
Model1,2pop,3,301,400,9,0.484988,0.230227
Model1,2pop,3,401,500,6,0.429283,0.308427
Model1,2pop,3,501,600,5,0.537856,0.288241
Model1,2pop,3,601,700,7,0.549504,0.38505
Model1,2pop,3,701,800,2,0.601677,0.321029
Model1,2pop,3,801,900,4,0.0636704,0.0423977
Model1,2pop,3,901,1000,11,0.431124,0.24778
Model1,2pop,9,1,100,6,0.345029,0.117003
Model1,2pop,9,101,200,9,0.269231,0.0973625
Model1,2pop,9,201,300,7,0.0962963,0.0555556
Model1,2pop,9,301,400,8,0.323232,0.171086
Model1,2pop,9,401,500,6,0.229167,0.087963
Model1,2pop,9,501,600,5,0.214815,0.157071
Model1,2pop,9,601,700,5,0.196078,0.121429
Model1,2pop,9,701,800,9,0.121212,0.0685185
Model1,2pop,9,801,900,4,0.328042,0.236111
Model1,2pop,9,901,1000,7,0.290598,0.141053
Model1,2pop,3,1,100,11,0.129087,0.114523
Model1,2pop,3,101,200,11,0.112158,0.0957735
Model1,2pop,3,201,300,16,0.136285,0.109888
Model1,2pop,3,301,400,12,0.136508,0.111501
Model1,2pop,3,401,500,15,0.162904,0.142005
Model1,2pop,3,501,600,14,0.268386,0.169925
Model1,2pop,3,601,700,14,0.193295,0.132164
Model1,2pop,3,701,800,12,0.375,0.162466
Model1,2pop,3,801,900,8,0.141933,0.0942947
Model1,2pop,3,901,1000,4,0.0909091,0.0555356
Model1,2pop,15,1,100,11,0.288681,0.166573
Model1,2pop,15,101,200,4,0.0,0.0
Model1,2pop,15,201,300,5,0.217172,0.140784
Model1,2pop,15,301,400,9,0.289461,0.162063
Model1,2pop,15,401,500,7,0.298541,0.187517
Model1,2pop,15,501,600,8,0.278402,0.156759
Model1,2pop,15,601,700,2,0.279101,0.256309
Model1,2pop,15,701,800,9,0.237589,0.11268
Model1,2pop,15,801,900,10,0.21916,0.136155
Model1,2pop,15,901,1000,4,0.372694,0.233371
Model1,2pop,2,1,100,7,0.558405,0.246872
Model1,2pop,2,101,200,7,0.185645,0.0531136
Model1,2pop,2,201,300,5,0.70129,0.438207
Model1,2pop,2,301,400,9,0.529641,0.275899
Model1,2pop,2,401,500,7,0.444444,0.137343
Model1,2pop,2,501,600,8,0.540138,0.212572
Model1,2pop,2,601,700,5,0.632822,0.295671
Model1,2pop,2,701,800,7,0.0228013,0.014784
Model1,2pop,2,801,900,5,0.503968,0.168206
Model1,2pop,2,901,1000,5,0.469802,0.166304
Model1,2pop,3,1,100,9,0.0192744,0.0239446
Model1,2pop,3,101,200,7,0.169622,0.0949727
Model1,2pop,3,201,300,7,0.213546,0.142654
Model1,2pop,3,301,400,9,0.301196,0.189361
Model1,2pop,3,401,500,8,0.20897,0.148027
Model1,2pop,3,501,600,6,0.0626429,0.0498084
Model1,2pop,3,601,700,14,0.116548,0.0557644
Model1,2pop,3,701,800,11,0.190871,0.10634
Model1,2pop,3,801,900,9,0.113507,0.0598144
Model1,2pop,3,901,1000,3,0.0115883,0.026255
Model1,2pop,6,1,100,10,0.434802,0.261419
Model1,2pop,6,101,200,14,0.388687,0.223872
Model1,2pop,6,201,300,10,0.213715,0.128761
Model1,2pop,6,301,400,11,0.549874,0.429144
Model1,2pop,6,401,500,16,0.528076,0.239686
Model1,2pop,6,501,600,9,0.132791,0.0627866
Model1,2pop,6,601,700,6,0.609053,0.421652
Model1,2pop,6,701,800,13,0.531746,0.286352
Model1,2pop,6,801,900,8,0.560606,0.237179
Model1,2pop,6,901,1000,10,0.38238,0.264591
Model1,2pop,0,1,100,9,0.504968,0.263108
Model1,2pop,0,101,200,19,0.582112,0.435573
Model1,2pop,0,201,300,17,0.609261,0.49481
Model1,2pop,0,301,400,7,0.269841,0.203175
Model1,2pop,0,401,500,18,0.587791,0.383333
Model1,2pop,0,501,600,11,0.567771,0.368385
Model1,2pop,0,601,700,14,0.623698,0.405241
Model1,2pop,0,701,800,17,0.582129,0.396691
Model1,2pop,0,801,900,11,0.692904,0.4573
Model1,2pop,0,901,1000,14,0.583033,0.35305
Model1,2pop,13,1,100,7,0.175187,0.0727807
Model1,2pop,13,101,200,10,0.105812,0.0915369
Model1,2pop,13,201,300,7,0.0615191,0.0391493
Model1,2pop,13,301,400,3,0.0987654,0.0987654
Model1,2pop,13,401,500,8,0.0309747,0.0412834
Model1,2pop,13,501,600,10,0.146887,0.113376
Model1,2pop,13,601,700,5,0.0750436,0.0720721
Model1,2pop,13,701,800,11,0.0640523,0.0561053
Model1,2pop,13,801,900,7,0.0612395,0.0336919
Model1,2pop,13,901,1000,10,0.198441,0.158584
Model1,2pop,12,1,100,7,-0.00786627,0.0086675
Model1,2pop,12,101,200,12,0.133473,0.0939229
Model1,2pop,12,201,300,7,0.0410053,0.029926
Model1,2pop,12,301,400,8,0.159335,0.0870246
Model1,2pop,12,401,500,7,0.0298507,0.0150376
Model1,2pop,12,501,600,4,0.0972222,0.0555556
Model1,2pop,12,601,700,7,0.057971,0.0295336
Model1,2pop,12,701,800,2,-0.00775194,-0.00438596
Model1,2pop,12,801,900,6,0.109977,0.0580618
Model1,2pop,12,901,1000,7,-0.0252525,-0.00396825
Model1,2pop,7,1,100,7,0.0131125,0.0406037
Model1,2pop,7,101,200,8,0.0507437,0.0577381
Model1,2pop,7,201,300,6,0.00479616,0.0410053
Model1,2pop,7,301,400,9,0.140485,0.0812993
Model1,2pop,7,401,500,8,0.170897,0.141689
Model1,2pop,7,501,600,6,0.0177134,0.0134668
Model1,2pop,7,601,700,3,0.0740741,0.0555556
Model1,2pop,7,701,800,5,0.0972222,0.0936508
Model1,2pop,7,801,900,5,0.0808081,0.0666667
Model1,2pop,7,901,1000,6,0.00098912,0.0184651
Model1,2pop,18,1,100,8,0.438006,0.270001
Model1,2pop,18,101,200,7,0.477124,0.31285
Model1,2pop,18,201,300,15,0.285589,0.234674
Model1,2pop,18,301,400,15,0.362844,0.201538
Model1,2pop,18,401,500,14,0.354981,0.216002
Model1,2pop,18,501,600,10,0.356895,0.248781
Model1,2pop,18,601,700,17,0.267825,0.209218
Model1,2pop,18,701,800,9,0.53373,0.287067
Model1,2pop,18,801,900,13,0.291379,0.147458
Model1,2pop,18,901,1000,13,0.211029,0.144539
Model1,2pop,9,1,100,5,0.166667,0.0962963
Model1,2pop,9,101,200,7,0.124877,0.0974235
Model1,2pop,9,201,300,4,0.157706,0.130702
Model1,2pop,9,301,400,7,0.0534979,0.0611916
Model1,2pop,9,401,500,3,0.0,0.0
Model1,2pop,9,501,600,3,0.115226,0.0818713
Model1,2pop,9,601,700,4,0.0509259,0.0362319
Model1,2pop,9,701,800,4,0.152422,0.102469
Model1,2pop,9,801,900,6,0.0985325,0.0640892
Model1,2pop,9,901,1000,4,0.0880503,0.0307018
Model1,2pop,19,1,100,12,-0.018018,-0.00200693
Model1,2pop,19,101,200,13,0.137026,0.0793251
Model1,2pop,19,201,300,8,0.199046,0.101245
Model1,2pop,19,301,400,12,0.125514,0.0586686
Model1,2pop,19,401,500,9,0.286265,0.153008
Model1,2pop,19,501,600,12,0.093674,0.0449872
Model1,2pop,19,601,700,9,-0.0071475,0.0131971
Model1,2pop,19,701,800,12,0.118166,0.062516
Model1,2pop,19,801,900,10,0.124294,0.0600766
Model1,2pop,19,901,1000,19,0.152489,0.0816092
Model1,2pop,16,1,100,9,0.244747,0.188596
Model1,2pop,16,101,200,8,0.142157,0.0833333
Model1,2pop,16,201,300,10,0.158092,0.131454
Model1,2pop,16,301,400,11,0.162037,0.126263
Model1,2pop,16,401,500,12,0.218864,0.173143
Model1,2pop,16,501,600,8,0.164629,0.129996
Model1,2pop,16,601,700,13,0.156939,0.10114
Model1,2pop,16,701,800,11,0.150327,0.125486
Model1,2pop,16,801,900,15,0.157435,0.118519
Model1,2pop,16,901,1000,12,0.190157,0.157748
Model1,2pop,10,1,100,7,0.556327,0.346719
Model1,2pop,10,101,200,10,0.152263,0.0944444
Model1,2pop,10,201,300,11,0.515033,0.283226
Model1,2pop,10,301,400,11,0.3964,0.259309
Model1,2pop,10,401,500,8,0.404762,0.187049
Model1,2pop,10,501,600,7,0.441157,0.283447
Model1,2pop,10,601,700,10,0.614907,0.348047
Model1,2pop,10,701,800,12,0.467641,0.311452
Model1,2pop,10,801,900,13,0.528706,0.382769
Model1,2pop,10,901,1000,7,0.313333,0.230689
Model1,2pop,16,1,100,7,0.306358,0.150428
Model1,2pop,16,101,200,7,0.241379,0.167328
Model1,2pop,16,201,300,10,0.311365,0.208034
Model1,2pop,16,301,400,8,0.188034,0.10709
Model1,2pop,16,401,500,5,0.236584,0.202826
Model1,2pop,16,501,600,7,0.386401,0.19888
Model1,2pop,16,601,700,6,0.331337,0.182139
Model1,2pop,16,701,800,7,0.218107,0.161311
Model1,2pop,16,801,900,6,0.253086,0.10571
Model1,2pop,16,901,1000,6,0.166667,0.0921517
Model1,2pop,17,1,100,6,0.514991,0.38464
Model1,2pop,17,101,200,11,0.377417,0.299221
Model1,2pop,17,201,300,6,0.169444,0.105478
Model1,2pop,17,301,400,6,0.256039,0.0924816
Model1,2pop,17,401,500,9,0.306949,0.199991
Model1,2pop,17,501,600,6,0.136414,0.0892348
Model1,2pop,17,601,700,7,0.462827,0.281668
Model1,2pop,17,701,800,11,0.235149,0.152863
Model1,2pop,17,801,900,9,0.38711,0.254402
Model1,2pop,17,901,1000,9,0.375,0.192553
Model1,2pop,8,1,100,10,0.632954,0.474339
Model1,2pop,8,101,200,10,0.544232,0.312554
Model1,2pop,8,201,300,8,0.357977,0.201971
Model1,2pop,8,301,400,6,0.509642,0.393252
Model1,2pop,8,401,500,5,0.583639,0.343411
Model1,2pop,8,501,600,6,0.118357,0.0896991
Model1,2pop,8,601,700,6,0.349518,0.200905
Model1,2pop,8,701,800,7,0.289145,0.180277
Model1,2pop,8,801,900,7,0.274376,0.153354
Model1,2pop,8,901,1000,7,0.239603,0.147035
Model1,2pop,19,1,100,11,0.291246,0.267228
Model1,2pop,19,101,200,12,0.281046,0.187669
Model1,2pop,19,201,300,12,0.457622,0.372831
Model1,2pop,19,301,400,10,0.362859,0.265062
Model1,2pop,19,401,500,7,0.49697,0.333333
Model1,2pop,19,501,600,4,0.421456,0.326543
Model1,2pop,19,601,700,11,0.406077,0.245791
Model1,2pop,19,701,800,12,0.290256,0.189249
Model1,2pop,19,801,900,16,0.362585,0.209062
Model1,2pop,19,901,1000,12,0.29005,0.221579
Model1,2pop,7,1,100,5,0.253112,0.176679
Model1,2pop,7,101,200,5,0.170635,0.136851
Model1,2pop,7,201,300,7,0.194396,0.185042
Model1,2pop,7,301,400,4,0.198966,0.147019
Model1,2pop,7,401,500,8,0.15609,0.124968
Model1,2pop,7,501,600,6,0.0770609,0.0685773
Model1,2pop,7,601,700,10,0.193608,0.153227
Model1,2pop,7,701,800,11,0.20577,0.160984
Model1,2pop,7,801,900,8,0.233079,0.183674
Model1,2pop,7,901,1000,5,0.207788,0.164323
Model1,2pop,1,1,100,3,0.483846,0.334423
Model1,2pop,1,101,200,5,0.275753,0.0922696
Model1,2pop,1,201,300,11,0.287381,0.147785
Model1,2pop,1,301,400,7,0.337184,0.148938
Model1,2pop,1,401,500,7,0.371345,0.160032
Model1,2pop,1,501,600,5,0.20257,0.0808824
Model1,2pop,1,601,700,6,0.305155,0.154052
Model1,2pop,1,701,800,8,0.118016,0.102491
Model1,2pop,1,801,900,6,0.360532,0.178528
Model1,2pop,1,901,1000,10,0.320609,0.160117
Model1,2pop,13,1,100,11,-0.0291275,-0.0157128
Model1,2pop,13,101,200,16,0.0101371,0.0259083
Model1,2pop,13,201,300,11,0.0166801,0.0129459
Model1,2pop,13,301,400,11,-0.00858369,0.00594471
Model1,2pop,13,401,500,15,0.00670323,0.0192367
Model1,2pop,13,501,600,19,-0.00231777,0.00571463
Model1,2pop,13,601,700,18,0.00811101,0.0211723
Model1,2pop,13,701,800,14,-0.00944081,-0.00100505
Model1,2pop,13,801,900,16,-0.00570244,-0.00713102
Model1,2pop,13,901,1000,22,-0.0195707,0.0039625
Model1,2pop,14,1,100,12,0.260606,0.196759
Model1,2pop,14,101,200,4,0.532164,0.373366
Model1,2pop,14,201,300,10,0.391616,0.286383
Model1,2pop,14,301,400,8,0.328798,0.281636
Model1,2pop,14,401,500,8,0.642058,0.336267
Model1,2pop,14,501,600,7,0.250896,0.190476
Model1,2pop,14,601,700,6,0.25,0.203704
Model1,2pop,14,701,800,12,0.475997,0.369164
Model1,2pop,14,801,900,6,0.5625,0.378059
Model1,2pop,14,901,1000,13,0.340502,0.20696
Model1,2pop,10,1,100,3,0.142857,0.0666667
Model1,2pop,10,101,200,4,0.154589,0.102969
Model1,2pop,10,201,300,4,0.224034,0.189176
Model1,2pop,10,301,400,1,0.259259,0.259259
Model1,2pop,10,401,500,2,0.215168,0.116858
Model1,2pop,10,501,600,9,0.150327,0.0851374
Model1,2pop,10,601,700,10,0.204605,0.158157
Model1,2pop,10,701,800,5,0.159722,0.117778
Model1,2pop,10,801,900,6,0.150327,0.0898148
Model1,2pop,10,901,1000,7,0.196366,0.162008
Model1,2pop,9,1,100,10,0.61667,0.347766
Model1,2pop,9,101,200,4,0.672822,0.35639
Model1,2pop,9,201,300,3,0.722222,0.299564
Model1,2pop,9,301,400,4,0.673203,0.380818
Model1,2pop,9,401,500,5,0.486111,0.196296
Model1,2pop,9,501,600,6,0.707729,0.353062
Model1,2pop,9,601,700,6,0.628726,0.311158
Model1,2pop,9,701,800,9,0.676411,0.347902
Model1,2pop,9,801,900,8,0.734362,0.421808
Model1,2pop,9,901,1000,6,0.470899,0.133598
Model1,2pop,1,1,100,10,0.0190609,0.0355669
Model1,2pop,1,101,200,12,0.0690943,0.0659587
Model1,2pop,1,201,300,12,0.0325203,0.0412342
Model1,2pop,1,301,400,10,0.010989,0.0318032
Model1,2pop,1,401,500,13,0.0836812,0.0715973
Model1,2pop,1,501,600,15,0.040404,0.063643
Model1,2pop,1,601,700,12,-0.00663933,0.00928934
Model1,2pop,1,701,800,8,0.00918012,0.0336791
Model1,2pop,1,801,900,10,0.0533981,0.0763889
Model1,2pop,1,901,1000,8,0.16,0.116071
Model1,2pop,6,1,100,9,0.286001,0.188582
Model1,2pop,6,101,200,6,0.382498,0.325587
Model1,2pop,6,201,300,9,0.354005,0.210257
Model1,2pop,6,301,400,6,0.36104,0.209092
Model1,2pop,6,401,500,11,0.388362,0.275316
Model1,2pop,6,501,600,6,0.354276,0.217924
Model1,2pop,6,601,700,8,0.369547,0.305687
Model1,2pop,6,701,800,7,0.310516,0.178073
Model1,2pop,6,801,900,4,0.286016,0.162724
Model1,2pop,6,901,1000,9,0.27548,0.141019
Model1,2pop,16,1,100,21,0.391587,0.299978
Model1,2pop,16,101,200,14,0.359667,0.325955
Model1,2pop,16,201,300,6,0.379548,0.361484
Model1,2pop,16,301,400,17,0.395725,0.346912
Model1,2pop,16,401,500,7,0.266612,0.183602
Model1,2pop,16,501,600,16,0.348806,0.309561
Model1,2pop,16,601,700,13,0.444017,0.393922
Model1,2pop,16,701,800,12,0.412462,0.302849
Model1,2pop,16,801,900,14,0.382609,0.349825
Model1,2pop,16,901,1000,17,0.321164,0.254281
Model1,2pop,15,1,100,4,-0.00809419,0.0192519
Model1,2pop,15,101,200,4,0.21147,0.106349
Model1,2pop,15,201,300,5,0.0824373,0.0734007
Model1,2pop,15,301,400,5,0.125973,0.0913419
Model1,2pop,15,401,500,5,0.0329218,0.0306878
Model1,2pop,15,501,600,8,0.198543,0.113931
Model1,2pop,15,601,700,6,0.215686,0.176029
Model1,2pop,15,701,800,8,0.0267335,0.0346681
Model1,2pop,15,801,900,4,0.031339,0.0198413
Model1,2pop,15,901,1000,1,0.0,0.0
Model1,2pop,12,1,100,8,0.0533333,0.0530754
Model1,2pop,12,101,200,10,0.21106,0.116326
Model1,2pop,12,201,300,4,0.121557,0.1283
Model1,2pop,12,301,400,5,0.228801,0.187825
Model1,2pop,12,401,500,4,0.0238095,0.0367063
Model1,2pop,12,501,600,4,0.0888889,0.0671296
Model1,2pop,12,601,700,3,0.123457,0.0925926
Model1,2pop,12,701,800,3,0.098916,0.109338
Model1,2pop,12,801,900,8,0.0338164,0.0415651
Model1,2pop,12,901,1000,4,0.0793651,0.0347222
Model1,2pop,16,1,100,12,0.201114,0.168651
Model1,2pop,16,101,200,9,0.148838,0.111839
Model1,2pop,16,201,300,8,0.169103,0.118552
Model1,2pop,16,301,400,6,0.17686,0.158069
Model1,2pop,16,401,500,10,0.248264,0.166974
Model1,2pop,16,501,600,15,0.211396,0.165813
Model1,2pop,16,601,700,9,0.233831,0.205074
Model1,2pop,16,701,800,14,0.235364,0.210159
Model1,2pop,16,801,900,6,0.211225,0.199784
Model1,2pop,16,901,1000,12,0.205866,0.173545
Model1,2pop,8,1,100,9,0.457071,0.20205
Model1,2pop,8,101,200,9,0.733082,0.562495
Model1,2pop,8,201,300,4,0.741667,0.471569
Model1,2pop,8,301,400,9,0.627184,0.376014
Model1,2pop,8,401,500,10,0.764912,0.449346
Model1,2pop,8,501,600,7,0.53719,0.354711
Model1,2pop,8,601,700,8,0.502924,0.199528
Model1,2pop,8,701,800,8,0.424731,0.304334
Model1,2pop,8,801,900,11,0.539337,0.238524
Model1,2pop,8,901,1000,6,0.235043,0.114815
Model1,2pop,8,1,100,3,0.111111,0.0802469
Model1,2pop,8,101,200,6,0.816667,0.475309
Model1,2pop,8,201,300,5,0.48814,0.277553
Model1,2pop,8,301,400,4,0.405113,0.188821
Model1,2pop,8,401,500,3,0.632479,0.632479
Model1,2pop,8,501,600,9,0.51782,0.363559
Model1,2pop,8,601,700,7,0.57162,0.286225
Model1,2pop,8,701,800,6,0.571642,0.391909
Model1,2pop,8,801,900,3,0.493827,0.266382
Model1,2pop,8,901,1000,7,0.265873,0.181345
Model1,2pop,17,1,100,7,0.400783,0.184766
Model1,2pop,17,101,200,12,0.306331,0.236749
Model1,2pop,17,201,300,10,0.272606,0.239698
Model1,2pop,17,301,400,11,0.374226,0.201508
Model1,2pop,17,401,500,9,0.323457,0.213889
Model1,2pop,17,501,600,15,0.320194,0.182237
Model1,2pop,17,601,700,10,0.417427,0.289159
Model1,2pop,17,701,800,11,0.289384,0.194669
Model1,2pop,17,801,900,9,0.251894,0.139893
Model1,2pop,17,901,1000,8,0.422123,0.231935
Model1,2pop,5,1,100,7,0.112466,0.065498
Model1,2pop,5,101,200,6,0.428571,0.372194
Model1,2pop,5,201,300,10,0.29798,0.178716
Model1,2pop,5,301,400,15,0.236729,0.155873
Model1,2pop,5,401,500,9,0.358576,0.242976
Model1,2pop,5,501,600,9,0.255725,0.208171
Model1,2pop,5,601,700,10,0.239892,0.229843
Model1,2pop,5,701,800,3,0.239316,0.17284
Model1,2pop,5,801,900,7,0.324324,0.223184
Model1,2pop,5,901,1000,6,0.395062,0.260887
Model1,2pop,1,1,100,9,0.203423,0.120893
Model1,2pop,1,101,200,10,0.334967,0.229915
Model1,2pop,1,201,300,8,0.327869,0.238319
Model1,2pop,1,301,400,9,0.353333,0.216366
Model1,2pop,1,401,500,9,0.262108,0.182442
Model1,2pop,1,501,600,4,0.290598,0.157407
Model1,2pop,1,601,700,6,0.466667,0.300332
Model1,2pop,1,701,800,4,0.283951,0.188272
Model1,2pop,1,801,900,9,0.461056,0.262414
Model1,2pop,1,901,1000,9,0.247863,0.14952
Model1,2pop,16,1,100,7,0.279693,0.168084
Model1,2pop,16,101,200,2,0.409283,0.329096
Model1,2pop,16,201,300,6,0.275556,0.168981
Model1,2pop,16,301,400,2,0.037037,0.0277778
Model1,2pop,16,401,500,3,0.608135,0.323216
Model1,2pop,16,501,600,5,0.343972,0.131638
Model1,2pop,16,601,700,4,0.38172,0.258298
Model1,2pop,16,701,800,5,0.0777778,0.0444444
Model1,2pop,16,801,900,4,0.546166,0.313444
Model1,2pop,16,901,1000,7,0.396011,0.200879
Model1,2pop,11,1,100,4,0.0608466,0.0656566
Model1,2pop,11,101,200,9,-0.002541,0.00585217
Model1,2pop,11,201,300,6,0.161706,0.108305
Model1,2pop,11,301,400,7,0.00419287,0.0165945
Model1,2pop,11,401,500,8,0.0165165,0.0090062
Model1,2pop,11,501,600,4,0.121061,0.0744949
Model1,2pop,11,601,700,2,-0.0353535,-0.0353535
Model1,2pop,11,701,800,9,0.0972222,0.0557426
Model1,2pop,11,801,900,5,0.193989,0.1633
Model1,2pop,11,901,1000,9,0.12963,0.090535
Model1,2pop,14,1,100,6,0.057971,0.031339
Model1,2pop,14,101,200,10,0.0674241,0.0554233
Model1,2pop,14,201,300,9,0.124615,0.0952607
Model1,2pop,14,301,400,10,0.148771,0.101448
Model1,2pop,14,401,500,7,0.165602,0.113655
Model1,2pop,14,501,600,12,0.033189,0.00819088
Model1,2pop,14,601,700,8,0.137451,0.0883221
Model1,2pop,14,701,800,6,0.045214,0.049264
Model1,2pop,14,801,900,12,0.051542,0.0302707
Model1,2pop,14,901,1000,8,0.0625,0.0454357
Model1,2pop,9,1,100,8,0.487363,0.247448
Model1,2pop,9,101,200,9,0.486145,0.346629
Model1,2pop,9,201,300,8,0.399293,0.253197
Model1,2pop,9,301,400,10,0.290012,0.203067
Model1,2pop,9,401,500,8,0.32567,0.138889
Model1,2pop,9,501,600,5,0.454248,0.301852
Model1,2pop,9,601,700,7,0.474197,0.261226
Model1,2pop,9,701,800,6,0.47076,0.279835
Model1,2pop,9,801,900,6,0.518689,0.256569
Model1,2pop,9,901,1000,9,0.422222,0.211248
Model1,2pop,1,1,100,11,0.357054,0.10729
Model1,2pop,1,101,200,9,0.439379,0.131498
Model1,2pop,1,201,300,5,0.0789474,0.0565217
Model1,2pop,1,301,400,11,0.339831,0.144181
Model1,2pop,1,401,500,9,0.610473,0.224627
Model1,2pop,1,501,600,10,0.0632603,0.0398551
Model1,2pop,1,601,700,9,0.0928007,0.0622652
Model1,2pop,1,701,800,12,0.442195,0.147436
Model1,2pop,1,801,900,13,0.345863,0.142085
Model1,2pop,1,901,1000,12,0.596282,0.18414
Model1,2pop,4,1,100,6,0.699454,0.488142
Model1,2pop,4,101,200,10,0.643137,0.400292
Model1,2pop,4,201,300,16,0.7156,0.472592
Model1,2pop,4,301,400,15,0.659203,0.497884
Model1,2pop,4,401,500,7,0.641026,0.481312
Model1,2pop,4,501,600,8,0.61691,0.432149
Model1,2pop,4,601,700,7,0.713675,0.537037
Model1,2pop,4,701,800,9,0.697272,0.535455
Model1,2pop,4,801,900,16,0.722884,0.502614
Model1,2pop,4,901,1000,8,0.677249,0.50463
Model1,2pop,10,1,100,9,0.215873,0.154321
Model1,2pop,10,101,200,5,0.131313,0.0666667
Model1,2pop,10,201,300,9,0.225941,0.134116
Model1,2pop,10,301,400,14,0.260615,0.152816
Model1,2pop,10,401,500,9,0.223177,0.140446
Model1,2pop,10,501,600,7,0.12963,0.0873016
Model1,2pop,10,601,700,8,0.207773,0.206516
Model1,2pop,10,701,800,7,0.351074,0.27235
Model1,2pop,10,801,900,10,0.29557,0.152424
Model1,2pop,10,901,1000,10,0.382716,0.231902
Model1,2pop,15,1,100,20,0.221621,0.176679
Model1,2pop,15,101,200,18,0.262392,0.185471
Model1,2pop,15,201,300,21,0.241192,0.180888
Model1,2pop,15,301,400,11,0.240037,0.190205
Model1,2pop,15,401,500,11,0.178241,0.116555
Model1,2pop,15,501,600,19,0.211668,0.164731
Model1,2pop,15,601,700,14,0.237134,0.180764
Model1,2pop,15,701,800,12,0.283828,0.217111
Model1,2pop,15,801,900,17,0.223368,0.176112
Model1,2pop,15,901,1000,20,0.187924,0.124145
Model1,2pop,7,1,100,6,0.259259,0.0846105
Model1,2pop,7,101,200,7,0.143026,0.0923645
Model1,2pop,7,201,300,4,0.317829,0.227948
Model1,2pop,7,301,400,8,0.233025,0.161111
Model1,2pop,7,401,500,11,0.225899,0.115473
Model1,2pop,7,501,600,10,0.308511,0.127592
Model1,2pop,7,601,700,8,0.24024,0.125
Model1,2pop,7,701,800,9,0.189815,0.126211
Model1,2pop,7,801,900,9,0.137931,0.072375
Model1,2pop,7,901,1000,10,0.203117,0.130657
Model1,2pop,18,1,100,19,0.165938,0.122084
Model1,2pop,18,101,200,16,0.239837,0.213542
Model1,2pop,18,201,300,20,0.278455,0.188727
Model1,2pop,18,301,400,15,0.208812,0.143915
Model1,2pop,18,401,500,13,0.230893,0.196581
Model1,2pop,18,501,600,12,0.222222,0.135141
Model1,2pop,18,601,700,13,0.220273,0.178063
Model1,2pop,18,701,800,16,0.246319,0.217593
Model1,2pop,18,801,900,15,0.233177,0.192593
Model1,2pop,18,901,1000,9,0.263285,0.215951
Model1,2pop,13,1,100,19,0.404694,0.163727
Model1,2pop,13,101,200,18,0.416296,0.151511
Model1,2pop,13,201,300,15,0.368803,0.16611
Model1,2pop,13,301,400,19,0.388207,0.139225
Model1,2pop,13,401,500,14,0.415744,0.188754
Model1,2pop,13,501,600,22,0.0195754,-0.00776554
Model1,2pop,13,601,700,22,0.395888,0.189117
Model1,2pop,13,701,800,17,0.476807,0.230567
Model1,2pop,13,801,900,14,0.0191867,-0.0103175
Model1,2pop,13,901,1000,13,0.582611,0.303947
Model1,2pop,7,1,100,12,0.024,0.0510984
Model1,2pop,7,101,200,19,0.00102881,0.0270955
Model1,2pop,7,201,300,19,0.00631616,0.0220116
Model1,2pop,7,301,400,13,-0.0215488,-0.00310338
Model1,2pop,7,401,500,14,0.0526841,0.0502864
Model1,2pop,7,501,600,14,0.0174054,0.0348248
Model1,2pop,7,601,700,13,0.0386831,0.0731703
Model1,2pop,7,701,800,13,-0.00156495,0.0264957
Model1,2pop,7,801,900,12,-0.0241546,-0.00235891
Model1,2pop,7,901,1000,23,-0.0154621,0.00963883
Model1,2pop,1,1,100,7,0.0915033,0.0867725
Model1,2pop,1,101,200,10,0.08,0.0551852
Model1,2pop,1,201,300,7,0.356551,0.136711
Model1,2pop,1,301,400,4,0.0555556,0.0555556
Model1,2pop,1,401,500,8,0.59322,0.300386
Model1,2pop,1,501,600,12,0.152047,0.111111
Model1,2pop,1,601,700,7,0.444444,0.226808
Model1,2pop,1,701,800,5,0.465021,0.22
Model1,2pop,1,801,900,8,0.360269,0.215456
Model1,2pop,1,901,1000,11,0.553968,0.281257
Model1,2pop,12,1,100,11,0.108713,0.0808081
Model1,2pop,12,101,200,6,0.219653,0.136563
Model1,2pop,12,201,300,10,0.0732654,0.0529982
Model1,2pop,12,301,400,8,0.193274,0.134243
Model1,2pop,12,401,500,5,0.185884,0.177778
Model1,2pop,12,501,600,10,0.124956,0.0861047
Model1,2pop,12,601,700,10,0.162442,0.112833
Model1,2pop,12,701,800,7,0.17735,0.0710289
Model1,2pop,12,801,900,7,0.180748,0.121214
Model1,2pop,12,901,1000,8,0.171007,0.0835262
Model1,2pop,2,1,100,13,-0.00311184,-0.00412326
Model1,2pop,2,101,200,13,0.00969426,0.0196438
Model1,2pop,2,201,300,14,-0.00132706,0.0060765
Model1,2pop,2,301,400,14,-0.0031464,0.00477049
Model1,2pop,2,401,500,13,-0.014631,-0.0117069
Model1,2pop,2,501,600,8,-0.0326378,-0.032563
Model1,2pop,2,601,700,6,0.0637037,0.0646786
Model1,2pop,2,701,800,13,0.00603865,0.012451
Model1,2pop,2,801,900,7,0.119001,0.102042
Model1,2pop,2,901,1000,14,0.0131422,0.0182873
Model1,2pop,19,1,100,5,0.309524,0.160606
Model1,2pop,19,101,200,9,0.304363,0.220982
Model1,2pop,19,201,300,4,0.379085,0.17298
Model1,2pop,19,301,400,7,0.223798,0.193987
Model1,2pop,19,401,500,3,0.417178,0.414459
Model1,2pop,19,501,600,7,0.163105,0.0947889
Model1,2pop,19,601,700,5,0.206349,0.1645
Model1,2pop,19,701,800,9,0.199288,0.151839
Model1,2pop,19,801,900,5,0.301733,0.239787
Model1,2pop,19,901,1000,2,0.481481,0.262626
Model1,2pop,13,1,100,5,0.348399,0.223774
Model1,2pop,13,101,200,5,0.362745,0.202817
Model1,2pop,13,201,300,1,0.0,0.0
Model1,2pop,13,301,400,6,0.419603,0.347056
Model1,2pop,13,401,500,2,0.037037,0.0277778
Model1,2pop,13,501,600,4,0.2,0.137897
Model1,2pop,13,601,700,8,0.319865,0.165278
Model1,2pop,13,701,800,8,0.370878,0.306345
Model1,2pop,13,801,900,7,0.296296,0.173243
Model1,2pop,13,901,1000,6,0.382716,0.199177
Model1,2pop,12,1,100,11,0.235751,0.173525
Model1,2pop,12,101,200,8,0.146621,0.123069
Model1,2pop,12,201,300,6,0.180791,0.114533
Model1,2pop,12,301,400,8,0.162831,0.124896
Model1,2pop,12,401,500,12,0.235863,0.162888
Model1,2pop,12,501,600,10,0.19243,0.121338
Model1,2pop,12,601,700,6,0.173249,0.147619
Model1,2pop,12,701,800,8,0.209745,0.13946
Model1,2pop,12,801,900,8,0.280093,0.15766
Model1,2pop,12,901,1000,8,0.239865,0.173109
Model1,2pop,16,1,100,14,0.453876,0.332696
Model1,2pop,16,101,200,12,0.512912,0.410798
Model1,2pop,16,201,300,13,0.460881,0.30885
Model1,2pop,16,301,400,7,0.495757,0.320955
Model1,2pop,16,401,500,11,0.373036,0.253218
Model1,2pop,16,501,600,9,0.332512,0.178049
Model1,2pop,16,601,700,12,0.34595,0.232609
Model1,2pop,16,701,800,13,0.360302,0.255934
Model1,2pop,16,801,900,9,0.225899,0.14579
Model1,2pop,16,901,1000,7,0.531611,0.327782
Model1,2pop,17,1,100,5,0.317172,0.154566
Model1,2pop,17,101,200,7,0.477249,0.283176
Model1,2pop,17,201,300,8,0.555556,0.444017
Model1,2pop,17,301,400,9,0.434191,0.241509
Model1,2pop,17,401,500,7,0.470405,0.291112
Model1,2pop,17,501,600,10,0.379272,0.227925
Model1,2pop,17,601,700,5,0.351111,0.214815
Model1,2pop,17,701,800,8,0.405644,0.258378
Model1,2pop,17,801,900,2,0.377778,0.330859
Model1,2pop,17,901,1000,9,0.503948,0.232669
Model1,2pop,11,1,100,11,0.195804,0.0941248
Model1,2pop,11,101,200,6,0.179828,0.125051
Model1,2pop,11,201,300,10,0.251437,0.234891
Model1,2pop,11,301,400,6,0.086994,0.0688792
Model1,2pop,11,401,500,12,0.212513,0.10759
Model1,2pop,11,501,600,10,0.0970072,0.0795483
Model1,2pop,11,601,700,8,0.157428,0.111939
Model1,2pop,11,701,800,10,0.16309,0.0995683
Model1,2pop,11,801,900,15,0.205068,0.170499
Model1,2pop,11,901,1000,9,0.00908824,0.00868992
Model1,2pop,18,1,100,8,0.0277778,0.0384804
Model1,2pop,18,101,200,10,0.0801259,0.040925
Model1,2pop,18,201,300,8,0.00419287,0.00440613
Model1,2pop,18,301,400,4,0.377778,0.209877
Model1,2pop,18,401,500,7,0.118322,0.0572078
Model1,2pop,18,501,600,8,0.0806223,0.0760153
Model1,2pop,18,601,700,7,0.249728,0.157763
Model1,2pop,18,701,800,5,0.214489,0.140018
Model1,2pop,18,801,900,6,0.144385,0.105954
Model1,2pop,18,901,1000,9,0.0849673,0.0516451
Model1,2pop,8,1,100,10,0.665588,0.540465
Model1,2pop,8,101,200,6,0.5671,0.301887
Model1,2pop,8,201,300,15,0.619713,0.483665
Model1,2pop,8,301,400,12,0.670205,0.596232
Model1,2pop,8,401,500,12,0.644514,0.455259
Model1,2pop,8,501,600,15,0.693331,0.595634
Model1,2pop,8,601,700,16,0.665648,0.533324
Model1,2pop,8,701,800,7,0.716682,0.454864
Model1,2pop,8,801,900,16,0.657546,0.526713
Model1,2pop,8,901,1000,9,0.61194,0.471049
Model1,2pop,14,1,100,19,0.207495,0.172896
Model1,2pop,14,101,200,18,0.234234,0.202273
Model1,2pop,14,201,300,13,0.20294,0.190671
Model1,2pop,14,301,400,16,0.243273,0.204786
Model1,2pop,14,401,500,9,0.143407,0.0899301
Model1,2pop,14,501,600,18,0.194496,0.150332
Model1,2pop,14,601,700,21,0.18664,0.167773
Model1,2pop,14,701,800,16,0.204051,0.163194
Model1,2pop,14,801,900,9,0.195343,0.141166
Model1,2pop,14,901,1000,11,0.184353,0.138305
Model1,2pop,11,1,100,6,0.321637,0.11532
Model1,2pop,11,101,200,5,0.283333,0.151111
Model1,2pop,11,201,300,7,0.0502888,0.0518588
Model1,2pop,11,301,400,13,0.234127,0.12643
Model1,2pop,11,401,500,5,0.0606061,0.0518519
Model1,2pop,11,501,600,7,0.191358,0.0853175
Model1,2pop,11,601,700,6,0.137585,0.11257
Model1,2pop,11,701,800,7,0.143646,0.0732288
Model1,2pop,11,801,900,7,0.109615,0.104047
Model1,2pop,11,901,1000,7,0.0322581,0.0432008
Model1,2pop,9,1,100,4,0.444444,0.175654
Model1,2pop,9,101,200,9,0.60373,0.247575
Model1,2pop,9,201,300,15,0.649778,0.363247
Model1,2pop,9,301,400,9,0.387387,0.140681
Model1,2pop,9,401,500,5,0.454123,0.190584
Model1,2pop,9,501,600,10,0.560952,0.165659
Model1,2pop,9,601,700,10,0.496997,0.234056
Model1,2pop,9,701,800,5,0.525284,0.218235
Model1,2pop,9,801,900,8,0.484208,0.231798
Model1,2pop,9,901,1000,5,0.593496,0.280877
Model1,2pop,16,1,100,15,0.357037,0.205585
Model1,2pop,16,101,200,16,0.386416,0.272624
Model1,2pop,16,201,300,17,0.282511,0.214852
Model1,2pop,16,301,400,20,0.271236,0.248032
Model1,2pop,16,401,500,15,0.260741,0.205761
Model1,2pop,16,501,600,17,0.310019,0.257632
Model1,2pop,16,601,700,15,0.212814,0.216813
Model1,2pop,16,701,800,19,0.381101,0.227861
Model1,2pop,16,801,900,15,0.264669,0.220106
Model1,2pop,16,901,1000,16,0.416713,0.316039
Model1,2pop,17,1,100,5,0.567329,0.284938
Model1,2pop,17,101,200,4,0.163059,0.1114
Model1,2pop,17,201,300,10,0.590643,0.33642
Model1,2pop,17,301,400,8,0.669841,0.404321
Model1,2pop,17,401,500,7,0.582656,0.252205
Model1,2pop,17,501,600,4,0.125683,0.111652
Model1,2pop,17,601,700,11,0.419166,0.135273
Model1,2pop,17,701,800,10,0.404911,0.196758
Model1,2pop,17,801,900,6,0.659351,0.345142
Model1,2pop,17,901,1000,4,0.111111,0.0444444
Model1,2pop,11,1,100,14,0.216168,0.148392
Model1,2pop,11,101,200,9,0.2,0.158951
Model1,2pop,11,201,300,13,0.261615,0.18153
Model1,2pop,11,301,400,14,0.285597,0.182675
Model1,2pop,11,401,500,13,0.199377,0.138759
Model1,2pop,11,501,600,12,0.282449,0.193186
Model1,2pop,11,601,700,7,0.316025,0.231615
Model1,2pop,11,701,800,13,0.176341,0.14156
Model1,2pop,11,801,900,16,0.217331,0.16064
Model1,2pop,11,901,1000,13,0.347496,0.179455
Model1,2pop,17,1,100,4,0.394693,0.281021
Model1,2pop,17,101,200,9,0.351032,0.217455
Model1,2pop,17,201,300,10,0.306023,0.187463
Model1,2pop,17,301,400,9,0.398794,0.270763
Model1,2pop,17,401,500,8,0.342922,0.172115
Model1,2pop,17,501,600,7,0.372574,0.283093
Model1,2pop,17,601,700,10,0.285714,0.22497
Model1,2pop,17,701,800,15,0.280668,0.209537
Model1,2pop,17,801,900,10,0.303693,0.229481
Model1,2pop,17,901,1000,13,0.355183,0.239916
Model1,2pop,17,1,100,7,0.198873,0.145103
Model1,2pop,17,101,200,6,0.192229,0.114368
Model1,2pop,17,201,300,4,0.196429,0.0670732
Model1,2pop,17,301,400,7,0.312431,0.224563
Model1,2pop,17,401,500,4,0.0948814,0.0896465
Model1,2pop,17,501,600,5,0.0777778,0.0555556
Model1,2pop,17,601,700,2,0.0833333,0.0555556
Model1,2pop,17,701,800,3,0.194444,0.0864198
Model1,2pop,17,801,900,1,0.0,0.0
Model1,2pop,17,901,1000,4,0.12037,0.121366
Model1,2pop,14,1,100,2,0.427861,0.231183
Model1,2pop,14,101,200,8,0.511785,0.227457
Model1,2pop,14,201,300,5,0.444444,0.173874
Model1,2pop,14,301,400,5,0.449113,0.180541
Model1,2pop,14,401,500,4,0.693166,0.530983
Model1,2pop,14,501,600,2,0.554455,0.370897
Model1,2pop,14,601,700,3,0.62704,0.42735
Model1,2pop,14,701,800,5,0.256039,0.195556
Model1,2pop,14,801,900,2,0.037037,0.0277778
Model1,2pop,14,901,1000,7,0.397849,0.151735
Model1,2pop,2,1,100,9,0.50272,0.367744
Model1,2pop,2,101,200,7,0.281346,0.0885417
Model1,2pop,2,201,300,9,0.52381,0.282714
Model1,2pop,2,301,400,11,0.59715,0.2928
Model1,2pop,2,401,500,5,0.601817,0.406366
Model1,2pop,2,501,600,9,0.558052,0.394158
Model1,2pop,2,601,700,6,0.436354,0.269018
Model1,2pop,2,701,800,9,0.422619,0.235865
Model1,2pop,2,801,900,10,0.573366,0.43496
Model1,2pop,2,901,1000,3,0.68599,0.471985
Model1,2pop,6,1,100,3,0.696697,0.603855
Model1,2pop,6,101,200,2,0.037037,0.0277778
Model1,2pop,6,201,300,4,0.813333,0.277778
Model1,2pop,6,401,500,3,0.797101,0.352827
Model1,2pop,6,501,600,3,0.760943,0.528752
Model1,2pop,6,601,700,2,0.9,0.473684
Model1,2pop,6,701,800,6,0.678417,0.17214
Model1,2pop,6,801,900,3,0.902778,0.650097
Model1,2pop,6,901,1000,6,0.793478,0.348197
Model1,2pop,15,1,100,5,0.273504,0.197937
Model1,2pop,15,101,200,5,0.12037,0.0777778
Model1,2pop,15,201,300,6,0.601533,0.204733
Model1,2pop,15,301,400,2,0.166667,0.1
Model1,2pop,15,401,500,5,0.519444,0.36472
Model1,2pop,15,501,600,4,0.45845,0.24512
Model1,2pop,15,601,700,6,0.412998,0.216323
Model1,2pop,15,701,800,9,0.322222,0.187559
Model1,2pop,15,801,900,8,0.219298,0.191667
Model1,2pop,15,901,1000,6,0.251208,0.153292
Model1,2pop,15,1,100,9,0.00724254,0.00937764
Model1,2pop,15,101,200,4,0.0909091,0.087963
Model1,2pop,15,201,300,6,0.241002,0.101732
Model1,2pop,15,301,400,5,0.18239,0.104762
Model1,2pop,15,401,500,12,0.153548,0.0971758
Model1,2pop,15,501,600,6,0.0662932,0.0313515
Model1,2pop,15,601,700,8,0.0447461,0.0344087
Model1,2pop,15,701,800,6,0.203354,0.0842152
Model1,2pop,15,801,900,10,0.191358,0.138889
Model1,2pop,15,901,1000,12,0.167537,0.0789474
Model1,2pop,15,1,100,14,0.443575,0.413067
Model1,2pop,15,101,200,12,0.430057,0.347591
Model1,2pop,15,201,300,9,0.402254,0.314426
Model1,2pop,15,301,400,16,0.402594,0.325685
Model1,2pop,15,401,500,19,0.363015,0.228446
Model1,2pop,15,501,600,17,0.398134,0.318615
Model1,2pop,15,601,700,12,0.368941,0.300559
Model1,2pop,15,701,800,19,0.370089,0.27324
Model1,2pop,15,801,900,14,0.376322,0.294395
Model1,2pop,15,901,1000,11,0.410179,0.310275
Model1,2pop,3,1,100,18,0.189289,0.157666
Model1,2pop,3,101,200,16,0.219875,0.195139
Model1,2pop,3,201,300,17,0.179688,0.136952
Model1,2pop,3,301,400,21,0.200341,0.174889
Model1,2pop,3,401,500,29,0.207509,0.167456
Model1,2pop,3,501,600,16,0.199567,0.168972
Model1,2pop,3,601,700,20,0.212235,0.178089
Model1,2pop,3,701,800,11,0.16845,0.12233
Model1,2pop,3,801,900,16,0.186191,0.1473
Model1,2pop,3,901,1000,20,0.19787,0.169378
Model1,2pop,0,1,100,7,0.0826023,0.0569672
Model1,2pop,0,101,200,10,0.095032,0.0528338
Model1,2pop,0,201,300,11,0.12645,0.088833
Model1,2pop,0,301,400,10,0.162464,0.102328
Model1,2pop,0,401,500,7,0.173333,0.0870053
Model1,2pop,0,501,600,12,0.11198,0.0914099
Model1,2pop,0,601,700,9,0.072104,0.0429293
Model1,2pop,0,701,800,7,0.116309,0.0582354
Model1,2pop,0,801,900,11,0.029029,0.0254721
Model1,2pop,0,901,1000,11,0.132747,0.0740009
Model1,2pop,0,1,100,3,0.211111,0.211111
Model1,2pop,0,101,200,10,0.34127,0.238519
Model1,2pop,0,201,300,9,0.37265,0.267078
Model1,2pop,0,301,400,8,0.283688,0.15787
Model1,2pop,0,401,500,8,0.20341,0.115104
Model1,2pop,0,501,600,5,0.233367,0.145029
Model1,2pop,0,601,700,9,0.174603,0.103292
Model1,2pop,0,701,800,4,0.421053,0.199074
Model1,2pop,0,801,900,10,0.372054,0.245556
Model1,2pop,0,901,1000,6,0.173333,0.0796296
Model1,2pop,14,1,100,8,0.697842,0.393739
Model1,2pop,14,101,200,8,0.628415,0.341415
Model1,2pop,14,201,300,6,0.768824,0.510498
Model1,2pop,14,301,400,9,0.361552,0.128352
Model1,2pop,14,401,500,7,0.336861,0.157309
Model1,2pop,14,501,600,9,0.698049,0.324425
Model1,2pop,14,601,700,9,0.497556,0.385748
Model1,2pop,14,701,800,7,0.42624,0.232579
Model1,2pop,14,801,900,6,0.62807,0.352275
Model1,2pop,14,901,1000,9,0.551402,0.240613
Model1,2pop,4,1,100,8,0.328571,0.288443
Model1,2pop,4,101,200,6,0.452778,0.295455
Model1,2pop,4,201,300,5,0.471014,0.437879
Model1,2pop,4,301,400,5,0.223301,0.126543
Model1,2pop,4,401,500,6,0.427984,0.415331
Model1,2pop,4,501,600,7,0.188889,0.0952381
Model1,2pop,4,601,700,10,0.413512,0.175343
Model1,2pop,4,701,800,8,0.483761,0.380871
Model1,2pop,4,801,900,7,0.409722,0.388938
Model1,2pop,4,901,1000,8,0.440873,0.297237
Model1,2pop,17,1,100,9,0.634105,0.194188
Model1,2pop,17,101,200,12,0.384809,0.100228
Model1,2pop,17,201,300,8,0.739414,0.344199
Model1,2pop,17,301,400,13,0.723517,0.352669
Model1,2pop,17,401,500,8,0.517615,0.215553
Model1,2pop,17,501,600,14,0.755788,0.302274
Model1,2pop,17,601,700,13,0.722876,0.346408
Model1,2pop,17,701,800,12,0.743335,0.370317
Model1,2pop,17,801,900,10,0.685922,0.310147
Model1,2pop,17,901,1000,12,0.524941,0.130943
Model1,2pop,5,1,100,11,0.40613,0.299706
Model1,2pop,5,101,200,10,0.447117,0.285366
Model1,2pop,5,201,300,9,0.47601,0.205357
Model1,2pop,5,301,400,14,0.197288,0.103175
Model1,2pop,5,401,500,10,0.419569,0.275366
Model1,2pop,5,501,600,8,0.378991,0.257198
Model1,2pop,5,601,700,14,0.359335,0.20654
Model1,2pop,5,701,800,8,0.302968,0.128844
Model1,2pop,5,801,900,6,0.122316,0.0853175
Model1,2pop,5,901,1000,15,0.484389,0.317318
Model1,2pop,13,1,100,7,0.746732,0.460317
Model1,2pop,13,101,200,16,0.721187,0.480035
Model1,2pop,13,201,300,6,0.534535,0.275042
Model1,2pop,13,301,400,10,0.590278,0.368914
Model1,2pop,13,401,500,14,0.691095,0.47806
Model1,2pop,13,501,600,10,0.670543,0.400303
Model1,2pop,13,601,700,15,0.669488,0.509801
Model1,2pop,13,701,800,10,0.471254,0.282007
Model1,2pop,13,801,900,13,0.579035,0.297392
Model1,2pop,13,901,1000,13,0.659069,0.422047
Model1,2pop,9,1,100,9,0.586439,0.296719
Model1,2pop,9,101,200,4,0.492894,0.367461
Model1,2pop,9,201,300,3,0.471095,0.354326
Model1,2pop,9,301,400,5,0.392898,0.304391
Model1,2pop,9,401,500,6,0.514991,0.360053
Model1,2pop,9,501,600,6,0.292929,0.157308
Model1,2pop,9,601,700,4,0.324619,0.185036
Model1,2pop,9,701,800,6,0.537972,0.397634
Model1,2pop,9,801,900,5,0.0185185,0.0111111
Model1,2pop,9,901,1000,12,0.287397,0.165465
Model1,2pop,0,1,100,7,0.341985,0.262802
Model1,2pop,0,101,200,11,0.451411,0.241155
Model1,2pop,0,201,300,5,0.35049,0.173563
Model1,2pop,0,301,400,12,0.378772,0.190088
Model1,2pop,0,401,500,7,0.285714,0.167292
Model1,2pop,0,501,600,7,0.333333,0.176984
Model1,2pop,0,601,700,10,0.362683,0.222407
Model1,2pop,0,701,800,11,0.302765,0.191745
Model1,2pop,0,801,900,7,0.457023,0.341192
Model1,2pop,0,901,1000,7,0.425837,0.242962
Model1,2pop,10,1,100,7,0.459976,0.260684
Model1,2pop,10,101,200,12,0.471842,0.247134
Model1,2pop,10,201,300,7,0.492173,0.349206
Model1,2pop,10,301,400,2,0.277778,0.185185
Model1,2pop,10,401,500,10,0.531401,0.318519
Model1,2pop,10,501,600,10,0.25812,0.0917379
Model1,2pop,10,601,700,6,0.291773,0.12963
Model1,2pop,10,701,800,8,0.269406,0.122715
Model1,2pop,10,801,900,6,0.479622,0.309829
Model1,2pop,10,901,1000,3,0.338164,0.26749
Model1,2pop,10,1,100,13,0.449637,0.180629
Model1,2pop,10,101,200,12,0.55848,0.27662
Model1,2pop,10,201,300,12,0.577962,0.406794
Model1,2pop,10,301,400,8,0.671273,0.429346
Model1,2pop,10,401,500,11,0.796552,0.634131
Model1,2pop,10,501,600,14,0.723121,0.391927
Model1,2pop,10,601,700,11,0.51782,0.203509
Model1,2pop,10,701,800,13,0.606918,0.258904
Model1,2pop,10,801,900,5,0.490345,0.301801
Model1,2pop,10,901,1000,12,0.556714,0.273229
Model1,2pop,12,1,100,9,0.106049,0.0967432
Model1,2pop,12,101,200,7,0.128315,0.0932237
Model1,2pop,12,201,300,8,0.109428,0.0650679
Model1,2pop,12,301,400,5,0.143991,0.121386
Model1,2pop,12,401,500,12,0.105521,0.0605225
Model1,2pop,12,501,600,8,0.0834269,0.0693488
Model1,2pop,12,601,700,2,0.141825,0.131422
Model1,2pop,12,701,800,9,0.132624,0.109454
Model1,2pop,12,801,900,6,0.119586,0.0505775
Model1,2pop,12,901,1000,9,0.111111,0.0862584
Model1,2pop,14,1,100,14,0.306846,0.261023
Model1,2pop,14,101,200,11,0.264886,0.187396
Model1,2pop,14,201,300,14,0.299137,0.211417
Model1,2pop,14,301,400,22,0.321745,0.245947
Model1,2pop,14,401,500,16,0.357975,0.338843
Model1,2pop,14,501,600,12,0.371445,0.310414
Model1,2pop,14,601,700,18,0.303006,0.257249
Model1,2pop,14,701,800,20,0.326981,0.267625
Model1,2pop,14,801,900,14,0.281046,0.245192
Model1,2pop,14,901,1000,17,0.333333,0.285353
Model1,2pop,14,1,100,11,0.774531,0.533006
Model1,2pop,14,101,200,17,0.75952,0.591503
Model1,2pop,14,201,300,20,0.764511,0.472361
Model1,2pop,14,301,400,18,0.718519,0.421811
Model1,2pop,14,401,500,18,0.738523,0.437346
Model1,2pop,14,501,600,17,0.646384,0.340523
Model1,2pop,14,601,700,17,0.674129,0.362337
Model1,2pop,14,701,800,13,0.759082,0.531775
Model1,2pop,14,801,900,8,0.777778,0.411458
Model1,2pop,14,901,1000,11,0.666667,0.492929
Model1,2pop,8,1,100,6,0.584229,0.334847
Model1,2pop,8,101,200,3,0.594659,0.350943
Model1,2pop,8,201,300,6,0.560943,0.248308
Model1,2pop,8,301,400,6,0.464646,0.298369
Model1,2pop,8,401,500,4,0.699454,0.415303
Model1,2pop,8,501,600,4,0.481758,0.219404
Model1,2pop,8,601,700,6,0.172577,0.109687
Model1,2pop,8,701,800,3,0.638752,0.295387
Model1,2pop,8,801,900,10,0.677213,0.474625
Model1,2pop,8,901,1000,5,0.0909091,0.0666667
Model1,2pop,7,1,100,10,0.240184,0.175807
Model1,2pop,7,101,200,16,0.252973,0.159604
Model1,2pop,7,201,300,11,0.231846,0.139621
Model1,2pop,7,301,400,13,0.259649,0.180822
Model1,2pop,7,401,500,10,0.172623,0.0971737
Model1,2pop,7,501,600,15,0.232734,0.143761
Model1,2pop,7,601,700,11,0.295357,0.194849
Model1,2pop,7,701,800,11,0.281546,0.211076
Model1,2pop,7,801,900,10,0.194299,0.158271
Model1,2pop,7,901,1000,8,0.263087,0.17305
Model1,2pop,11,1,100,5,0.0877648,0.0467098
Model1,2pop,11,101,200,4,0.0764791,0.0480769
Model1,2pop,11,201,300,7,0.20068,0.159675
Model1,2pop,11,301,400,7,0.14324,0.0825775
Model1,2pop,11,401,500,12,0.101909,0.0747994
Model1,2pop,11,501,600,11,0.131743,0.0742517
Model1,2pop,11,601,700,8,0.0912436,0.0464616
Model1,2pop,11,701,800,15,0.0785071,0.0566899
Model1,2pop,11,801,900,10,0.134935,0.0845615
Model1,2pop,11,901,1000,6,-0.00823045,-0.0102881
Model1,2pop,14,1,100,12,0.57978,0.337538
Model1,2pop,14,101,200,3,0.3,0.125
Model1,2pop,14,201,300,10,0.330263,0.247638
Model1,2pop,14,301,400,15,0.380711,0.262884
Model1,2pop,14,401,500,17,0.495192,0.304956
Model1,2pop,14,501,600,18,0.407856,0.308197
Model1,2pop,14,601,700,11,0.349753,0.17103
Model1,2pop,14,701,800,7,0.493333,0.327381
Model1,2pop,14,801,900,3,0.229521,0.146522
Model1,2pop,14,901,1000,10,0.434069,0.250879
Model1,2pop,18,1,100,13,0.0676884,0.0569542
Model1,2pop,18,101,200,8,0.245742,0.113351
Model1,2pop,18,201,300,18,0.0706538,0.0545338
Model1,2pop,18,301,400,11,0.191321,0.0792233
Model1,2pop,18,401,500,11,0.10101,0.0538721
Model1,2pop,18,501,600,6,0.0793651,0.0740741
Model1,2pop,18,601,700,12,0.0646259,0.0560816
Model1,2pop,18,701,800,9,0.044072,0.0436356
Model1,2pop,18,801,900,13,0.260028,0.116852
Model1,2pop,18,901,1000,10,0.0493827,0.0444444
Model1,2pop,7,1,100,8,0.583333,0.226962
Model1,2pop,7,101,200,13,0.478738,0.266043
Model1,2pop,7,201,300,9,0.668254,0.361454
Model1,2pop,7,301,400,9,0.463101,0.2454
Model1,2pop,7,401,500,10,0.22807,0.154167
Model1,2pop,7,501,600,10,0.501624,0.315408
Model1,2pop,7,601,700,8,0.793842,0.496142
Model1,2pop,7,701,800,7,0.572911,0.405773
Model1,2pop,7,801,900,9,0.448802,0.253772
Model1,2pop,7,901,1000,7,0.635701,0.394684
Model1,2pop,10,1,100,8,0.0277778,0.0357143
Model1,2pop,10,101,200,12,-0.00517891,-0.00219724
Model1,2pop,10,201,300,6,0.457425,0.257275
Model1,2pop,10,301,400,9,1.89243e-17,0.021164
Model1,2pop,10,401,500,8,0.0123457,0.013332
Model1,2pop,10,501,600,9,-0.003367,0.00917108
Model1,2pop,10,601,700,11,-0.00600601,0.00396825
Model1,2pop,10,701,800,7,0.300766,0.161086
Model1,2pop,10,801,900,6,-0.00558659,-0.000132275
Model1,2pop,10,901,1000,13,0.322457,0.183394
Model1,2pop,13,1,100,7,0.180328,0.113922
Model1,2pop,13,101,200,11,0.372213,0.219858
Model1,2pop,13,201,300,8,0.307359,0.137314
Model1,2pop,13,301,400,6,0.263374,0.188272
Model1,2pop,13,401,500,8,0.342765,0.185755
Model1,2pop,13,501,600,5,0.222222,0.134392
Model1,2pop,13,601,700,6,0.345825,0.229382
Model1,2pop,13,701,800,2,0.333333,0.333333
Model1,2pop,13,801,900,4,0.19686,0.147445
Model1,2pop,13,901,1000,10,0.290025,0.232359
Model1,2pop,1,1,100,8,0.364723,0.212515
Model1,2pop,1,101,200,15,0.367388,0.232753
Model1,2pop,1,201,300,13,0.274657,0.244628
Model1,2pop,1,301,400,8,0.305556,0.237652
Model1,2pop,1,401,500,14,0.304388,0.171807
Model1,2pop,1,501,600,12,0.270782,0.208554
Model1,2pop,1,601,700,16,0.212963,0.178435
Model1,2pop,1,701,800,6,0.306306,0.266358
Model1,2pop,1,801,900,10,0.383987,0.29127
Model1,2pop,1,901,1000,17,0.263325,0.183168
Model1,2pop,2,1,100,10,0.164319,0.0615814
Model1,2pop,2,101,200,12,0.051945,0.0385079
Model1,2pop,2,201,300,11,0.124909,0.0701299
Model1,2pop,2,301,400,12,0.0281259,0.0339891
Model1,2pop,2,401,500,8,0.0765432,0.0745873
Model1,2pop,2,501,600,12,0.0922295,0.0710478
Model1,2pop,2,601,700,6,0.241789,0.151349
Model1,2pop,2,701,800,13,0.25952,0.177507
Model1,2pop,2,801,900,9,0.206676,0.138984
Model1,2pop,2,901,1000,11,0.139601,0.0847912
Model1,2pop,0,1,100,9,0.345679,0.231041
Model1,2pop,0,101,200,5,0.72963,0.558207
Model1,2pop,0,201,300,6,0.375375,0.259259
Model1,2pop,0,301,400,10,0.625758,0.460175
Model1,2pop,0,401,500,10,0.695906,0.419766
Model1,2pop,0,501,600,12,0.43514,0.328171
Model1,2pop,0,601,700,9,0.361111,0.275661
Model1,2pop,0,701,800,6,0.575163,0.346784
Model1,2pop,0,801,900,15,0.288462,0.117143
Model1,2pop,0,901,1000,6,0.61311,0.460269
Model1,2pop,9,1,100,10,0.187396,0.118866
Model1,2pop,9,101,200,9,0.201597,0.168712
Model1,2pop,9,201,300,9,0.153553,0.116237
Model1,2pop,9,301,400,6,0.267677,0.221644
Model1,2pop,9,401,500,10,0.35051,0.238347
Model1,2pop,9,501,600,2,0.129129,0.0746528
Model1,2pop,9,601,700,9,0.294591,0.20123
Model1,2pop,9,701,800,9,0.216109,0.167328
Model1,2pop,9,801,900,6,0.282051,0.178075
Model1,2pop,9,901,1000,6,0.240648,0.180473
Model1,2pop,4,1,100,7,0.0508096,0.0335394
Model1,2pop,4,101,200,4,0.229167,0.152778
Model1,2pop,4,201,300,10,0.0604891,0.0373665
Model1,2pop,4,301,400,2,0.366667,0.203704
Model1,2pop,4,401,500,7,0.0606061,0.0277778
Model1,2pop,4,501,600,7,0.275104,0.203869
Model1,2pop,4,601,700,7,0.0151515,0.0171995
Model1,2pop,4,701,800,4,0.122807,0.103853
Model1,2pop,4,801,900,11,0.168925,0.0885441
Model1,2pop,4,901,1000,6,0.20915,0.0925926
Model1,2pop,11,1,100,10,0.175054,0.128571
Model1,2pop,11,101,200,9,0.111792,0.0784832
Model1,2pop,11,201,300,10,0.128343,0.0933352
Model1,2pop,11,301,400,9,0.323413,0.20047
Model1,2pop,11,401,500,9,0.175118,0.104448
Model1,2pop,11,501,600,8,0.212121,0.114776
Model1,2pop,11,601,700,10,0.237525,0.174008
Model1,2pop,11,701,800,10,0.157589,0.140476
Model1,2pop,11,801,900,8,0.256997,0.249945
Model1,2pop,11,901,1000,13,0.16003,0.119459
Model1,2pop,17,1,100,8,0.148148,0.128125
Model1,2pop,17,101,200,7,0.176537,0.150475
Model1,2pop,17,201,300,9,0.129288,0.114224
Model1,2pop,17,301,400,8,0.192426,0.143471
Model1,2pop,17,401,500,5,0.134921,0.0944444
Model1,2pop,17,501,600,3,0.0814815,0.037037
Model1,2pop,17,601,700,3,0.081316,0.0790598
Model1,2pop,17,701,800,9,0.16439,0.133914
Model1,2pop,17,801,900,3,0.0952381,0.0648148
Model1,2pop,17,901,1000,2,0.0577778,0.0814815
Model1,2pop,8,1,100,12,0.46573,0.388999
Model1,2pop,8,101,200,3,0.323063,0.274621
Model1,2pop,8,201,300,7,0.453704,0.218326
Model1,2pop,8,301,400,12,0.429775,0.252009
Model1,2pop,8,401,500,12,0.35304,0.233146
Model1,2pop,8,501,600,10,0.382265,0.322547
Model1,2pop,8,601,700,11,0.276078,0.133507
Model1,2pop,8,701,800,11,0.405601,0.22888
Model1,2pop,8,801,900,9,0.430556,0.318322
Model1,2pop,8,901,1000,5,0.358025,0.138384
Model1,2pop,4,1,100,8,0.251529,0.154354
Model1,2pop,4,101,200,8,0.173405,0.106319
Model1,2pop,4,201,300,2,0.383754,0.20948
Model1,2pop,4,301,400,6,-0.0123457,-0.00830686
Model1,2pop,4,401,500,3,0.115044,0.046595
Model1,2pop,4,501,600,7,0.297535,0.174591
Model1,2pop,4,601,700,4,0.0980392,0.0649763
Model1,2pop,4,701,800,3,0.300654,0.239418
Model1,2pop,4,801,900,7,0.153169,0.0935572
Model1,2pop,4,901,1000,2,0.0833333,0.0555556
Model1,2pop,2,1,100,20,-2.27505e-18,0.0134681
Model1,2pop,2,101,200,10,0.00164002,0.00745221
Model1,2pop,2,201,300,10,-0.0221598,-0.00391506
Model1,2pop,2,301,400,11,-0.0400176,-0.0203469
Model1,2pop,2,401,500,16,-0.0251904,-0.0171139
Model1,2pop,2,501,600,14,0.0575397,0.0619476
Model1,2pop,2,601,700,10,0.0343348,0.0357143
Model1,2pop,2,701,800,10,0.0500241,0.043729
Model1,2pop,2,801,900,14,-0.0412926,-0.0281085
Model1,2pop,2,901,1000,7,-0.0243701,-0.0026455
Model1,2pop,2,1,100,14,0.0356599,0.0291352
Model1,2pop,2,101,200,14,0.049469,0.042985
Model1,2pop,2,201,300,21,0.0461216,0.0486145
Model1,2pop,2,301,400,14,0.0491738,0.0474214
Model1,2pop,2,401,500,15,0.0216755,0.0230724
Model1,2pop,2,501,600,9,0.0192206,0.0224739
Model1,2pop,2,601,700,15,0.0280496,0.0371114
Model1,2pop,2,701,800,13,0.0356306,0.0319427
Model1,2pop,2,801,900,22,0.0269833,0.0265803
Model1,2pop,2,901,1000,19,0.0489063,0.0526602
Model1,2pop,2,1,100,11,0.622057,0.193186
Model1,2pop,2,101,200,10,0.771318,0.400617
Model1,2pop,2,201,300,12,0.657916,0.292698
Model1,2pop,2,301,400,11,0.800599,0.405489
Model1,2pop,2,401,500,8,0.850615,0.674453
Model1,2pop,2,501,600,8,0.733638,0.219797
Model1,2pop,2,601,700,5,0.705314,0.190123
Model1,2pop,2,701,800,6,0.807461,0.426524
Model1,2pop,2,801,900,7,0.78425,0.394936
Model1,2pop,2,901,1000,7,0.748462,0.405275
Model1,2pop,11,1,100,7,0.433107,0.125342
Model1,2pop,11,101,200,2,0.00584795,0.034188
Model1,2pop,11,201,300,8,0.587484,0.488663
Model1,2pop,11,301,400,11,0.454078,0.282602
Model1,2pop,11,401,500,5,0.650794,0.441236
Model1,2pop,11,501,600,4,0.620072,0.519157
Model1,2pop,11,601,700,7,0.259259,0.152381
Model1,2pop,11,701,800,5,0.671395,0.419013
Model1,2pop,11,801,900,8,0.533923,0.296616
Model1,2pop,11,901,1000,5,0.511111,0.222146
Model1,2pop,3,1,100,7,0.51275,0.280123
Model1,2pop,3,101,200,9,0.494253,0.245707
Model1,2pop,3,201,300,5,0.201389,0.125023
Model1,2pop,3,301,400,11,0.501302,0.285412
Model1,2pop,3,401,500,11,0.508626,0.366552
Model1,2pop,3,501,600,10,0.395712,0.170396
Model1,2pop,3,601,700,6,0.436834,0.287561
Model1,2pop,3,701,800,11,0.475044,0.275897
Model1,2pop,3,801,900,11,0.532104,0.354506
Model1,2pop,3,901,1000,5,0.59308,0.397829
Model1,2pop,9,1,100,10,0.199475,0.1371
Model1,2pop,9,101,200,9,0.152542,0.154829
Model1,2pop,9,201,300,14,0.121651,0.103628
Model1,2pop,9,301,400,9,0.102397,0.0964821
Model1,2pop,9,401,500,16,0.0467938,0.0589697
Model1,2pop,9,501,600,15,0.134045,0.115562
Model1,2pop,9,601,700,9,0.0525114,0.0458289
Model1,2pop,9,701,800,14,0.110624,0.128743
Model1,2pop,9,801,900,8,0.0671331,0.0902793
Model1,2pop,9,901,1000,5,0.0857393,0.0702982
Model1,2pop,10,1,100,6,0.376499,0.154295
Model1,2pop,10,101,200,8,0.490896,0.270483
Model1,2pop,10,201,300,9,0.342949,0.137599
Model1,2pop,10,301,400,7,0.500715,0.345052
Model1,2pop,10,401,500,14,0.385707,0.249414
Model1,2pop,10,501,600,13,0.313112,0.231204
Model1,2pop,10,601,700,12,0.0347924,0.0149782
Model1,2pop,10,701,800,12,0.290241,0.107172
Model1,2pop,10,801,900,7,0.500279,0.215019
Model1,2pop,10,901,1000,7,0.048433,0.0375459
Model1,2pop,10,1,100,16,0.312369,0.20873
Model1,2pop,10,101,200,12,0.310185,0.195833
Model1,2pop,10,201,300,10,0.347222,0.18119
Model1,2pop,10,301,400,8,0.303704,0.271536
Model1,2pop,10,401,500,5,0.214035,0.120215
Model1,2pop,10,501,600,6,0.295977,0.226075
Model1,2pop,10,601,700,10,0.252874,0.163862
Model1,2pop,10,701,800,10,0.376543,0.245476
Model1,2pop,10,801,900,11,0.274467,0.211953
Model1,2pop,10,901,1000,14,0.372405,0.254242
Model1,2pop,10,1,100,13,0.443202,0.292685
Model1,2pop,10,101,200,7,0.53684,0.281757
Model1,2pop,10,201,300,12,0.484835,0.254161
Model1,2pop,10,301,400,8,0.466568,0.233476
Model1,2pop,10,401,500,4,0.527066,0.468661
Model1,2pop,10,501,600,11,0.578971,0.400006
Model1,2pop,10,601,700,7,0.606294,0.52973
Model1,2pop,10,701,800,8,0.460816,0.236023
Model1,2pop,10,801,900,11,0.500086,0.25517
Model1,2pop,10,901,1000,10,0.440248,0.330482
Model1,2pop,12,1,100,7,0.0809693,0.0439657
Model1,2pop,12,101,200,6,0.213597,0.0598306
Model1,2pop,12,201,300,3,0.344569,0.203704
Model1,2pop,12,301,400,4,0.148551,0.123949
Model1,2pop,12,401,500,4,0.00497512,0.00225225
Model1,2pop,12,501,600,6,-0.00793651,-0.00522745
Model1,2pop,12,601,700,5,0.105943,0.0605128
Model1,2pop,12,701,800,2,0.0,0.0
Model1,2pop,12,801,900,7,0.0456714,0.0333781
Model1,2pop,12,901,1000,3,0.047619,0.04004
Model1,2pop,7,1,100,3,0.647059,0.244444
Model1,2pop,7,101,200,7,0.0175439,0.0238095
Model1,2pop,7,201,300,8,0.167608,0.0881283
Model1,2pop,7,301,400,4,0.314815,0.104938
Model1,2pop,7,401,500,4,0.125,0.05
Model1,2pop,7,501,600,7,0.508889,0.319408
Model1,2pop,7,601,700,7,0.197531,0.0833333
Model1,2pop,7,701,800,5,0.111111,0.0888889
Model1,2pop,7,801,900,5,0.31401,0.191919
Model1,2pop,7,901,1000,11,0.306233,0.205482
Model1,2pop,6,1,100,8,0.316498,0.164047
Model1,2pop,6,101,200,5,0.047619,0.0222222
Model1,2pop,6,201,300,12,0.242063,0.0698302
Model1,2pop,6,301,400,8,0.28125,0.157986
Model1,2pop,6,401,500,9,0.236379,0.0898311
Model1,2pop,6,501,600,9,0.286325,0.0967078
Model1,2pop,6,601,700,5,0.36214,0.229141
Model1,2pop,6,701,800,8,0.151515,0.0921296
Model1,2pop,6,801,900,8,0.20439,0.124493
Model1,2pop,6,901,1000,12,0.115741,0.0464815
Model1,2pop,5,1,100,7,0.406966,0.296825
Model1,2pop,5,101,200,11,0.397778,0.184481
Model1,2pop,5,201,300,10,0.381178,0.22372
Model1,2pop,5,301,400,4,0.333333,0.137963
Model1,2pop,5,401,500,10,0.450292,0.346263
Model1,2pop,5,501,600,5,0.280754,0.14
Model1,2pop,5,601,700,9,0.421456,0.286008
Model1,2pop,5,701,800,5,0.291667,0.186667
Model1,2pop,5,801,900,8,0.262295,0.186752
Model1,2pop,5,901,1000,9,0.376441,0.213985
Model1,2pop,5,1,100,11,0.448925,0.354913
Model1,2pop,5,101,200,11,0.457885,0.308939
Model1,2pop,5,201,300,22,0.412384,0.361012
Model1,2pop,5,301,400,11,0.477234,0.422712
Model1,2pop,5,401,500,13,0.310995,0.180125
Model1,2pop,5,501,600,12,0.448316,0.357707
Model1,2pop,5,601,700,10,0.438812,0.374922
Model1,2pop,5,701,800,14,0.413893,0.331648
Model1,2pop,5,801,900,13,0.33676,0.210422
Model1,2pop,5,901,1000,17,0.429842,0.344144
Model1,2pop,6,1,100,12,0.305756,0.162279
Model1,2pop,6,101,200,8,0.381001,0.24917
Model1,2pop,6,201,300,9,0.277146,0.179757
Model1,2pop,6,301,400,13,0.251497,0.133665
Model1,2pop,6,401,500,4,0.416467,0.245072
Model1,2pop,6,501,600,9,0.343993,0.17511
Model1,2pop,6,601,700,10,0.255698,0.149382
Model1,2pop,6,701,800,7,0.388635,0.231311
Model1,2pop,6,801,900,9,0.349415,0.217322
Model1,2pop,6,901,1000,9,0.33203,0.222332
Model1,2pop,15,1,100,12,0.390681,0.218548
Model1,2pop,15,101,200,10,0.423805,0.268672
Model1,2pop,15,201,300,11,0.428886,0.33036
Model1,2pop,15,301,400,6,0.393939,0.234421
Model1,2pop,15,401,500,8,0.446373,0.309716
Model1,2pop,15,501,600,10,0.412944,0.304012
Model1,2pop,15,601,700,15,0.447246,0.321193
Model1,2pop,15,701,800,14,0.232968,0.153101
Model1,2pop,15,801,900,8,0.350453,0.251543
Model1,2pop,15,901,1000,7,0.500926,0.385015
Model1,2pop,19,1,100,10,0.225456,0.181121
Model1,2pop,19,101,200,12,0.206477,0.125033
Model1,2pop,19,201,300,5,0.184329,0.121685
Model1,2pop,19,301,400,3,0.0789474,0.0726496
Model1,2pop,19,401,500,14,0.0896686,0.0818071
Model1,2pop,19,501,600,7,0.13371,0.1221
Model1,2pop,19,601,700,6,0.217976,0.152422
Model1,2pop,19,701,800,14,0.260611,0.168229
Model1,2pop,19,801,900,5,0.201135,0.155128
Model1,2pop,19,901,1000,10,0.143173,0.120688
Model1,2pop,5,1,100,7,0.0522876,0.0481137
Model1,2pop,5,101,200,7,0.185185,0.148148
Model1,2pop,5,201,300,12,0.0669516,0.0553297
Model1,2pop,5,301,400,7,0.163474,0.129664
Model1,2pop,5,401,500,7,0.0769231,0.0436508
Model1,2pop,5,501,600,5,0.0306122,0.0329012
Model1,2pop,5,601,700,7,0.0682611,0.053321
Model1,2pop,5,701,800,4,0.0902052,0.113611
Model1,2pop,5,801,900,6,0.12963,0.104938
Model1,2pop,5,901,1000,3,0.01566,0.0409652
Model1,2pop,5,1,100,5,0.00688299,0.0046252
Model1,2pop,5,101,200,7,-0.0434783,-0.037594
Model1,2pop,5,201,300,5,0.112979,0.0561404
Model1,2pop,5,301,400,8,0.313299,0.15159
Model1,2pop,5,401,500,6,0.0486565,0.0316321
Model1,2pop,5,501,600,9,0.0863669,0.0359231
Model1,2pop,5,601,700,6,0.0956072,0.0406108
Model1,2pop,5,701,800,10,0.132859,0.106281
Model1,2pop,5,801,900,9,0.0818988,0.037549
Model1,2pop,5,901,1000,10,0.45574,0.18192
Model1,2pop,12,1,100,8,0.124444,0.0904431
Model1,2pop,12,101,200,11,0.137255,0.0915119
Model1,2pop,12,201,300,7,0.129915,0.121315
Model1,2pop,12,301,400,6,0.0895742,0.0420659
Model1,2pop,12,401,500,3,0.149206,0.136684
Model1,2pop,12,501,600,8,0.219678,0.090015
Model1,2pop,12,601,700,8,0.112847,0.0643188
Model1,2pop,12,701,800,7,0.123457,0.0823885
Model1,2pop,12,801,900,8,0.200229,0.10149
Model1,2pop,12,901,1000,3,0.126525,0.0857339
Model1,2pop,5,1,100,8,0.931992,0.710567
Model1,2pop,5,101,200,9,0.855831,0.647802
Model1,2pop,5,201,300,9,0.78279,0.406069
Model1,2pop,5,301,400,10,0.800654,0.300877
Model1,2pop,5,401,500,7,0.914952,0.556809
Model1,2pop,5,501,600,10,0.877778,0.622573
Model1,2pop,5,601,700,11,0.79902,0.270158
Model1,2pop,5,701,800,11,0.897354,0.450292
Model1,2pop,5,801,900,12,0.932083,0.710576
Model1,2pop,5,901,1000,13,0.874833,0.619393
Model1,2pop,4,1,100,7,0.564327,0.235147
Model1,2pop,4,101,200,10,0.671807,0.384371
Model1,2pop,4,201,300,7,0.655395,0.468519
Model1,2pop,4,301,400,5,0.589147,0.329365
Model1,2pop,4,401,500,4,0.648258,0.35873
Model1,2pop,4,501,600,4,0.638889,0.211806
Model1,2pop,4,601,700,7,0.482759,0.168651
Model1,2pop,4,701,800,5,0.020202,0.0320635
Model1,2pop,4,801,900,6,0.305556,0.143386
Model1,2pop,4,901,1000,6,0.770833,0.65
Model1,2pop,5,1,100,10,0.305556,0.220853
Model1,2pop,5,101,200,9,0.344729,0.178704
Model1,2pop,5,201,300,10,0.31694,0.190988
Model1,2pop,5,301,400,6,0.309368,0.135494
Model1,2pop,5,401,500,11,0.393766,0.207475
Model1,2pop,5,501,600,8,0.524715,0.376811
Model1,2pop,5,601,700,6,0.34767,0.224074
Model1,2pop,5,701,800,5,0.246962,0.150594
Model1,2pop,5,801,900,8,0.430138,0.25065
Model1,2pop,5,901,1000,3,0.376068,0.177778
Model1,2pop,9,1,100,3,0.522719,0.371066
Model1,2pop,9,101,200,7,0.0327738,0.00823789
Model1,2pop,9,201,300,6,0.0583804,0.0320976
Model1,2pop,9,301,400,4,0.158448,0.0937814
Model1,2pop,9,401,500,9,0.383412,0.150074
Model1,2pop,9,501,600,6,0.0677507,0.0360659
Model1,2pop,9,601,700,9,0.0947547,0.061669
Model1,2pop,9,701,800,9,0.258297,0.104596
Model1,2pop,9,801,900,11,0.0658639,0.0301798
Model1,2pop,9,901,1000,5,0.389881,0.302696
Model1,2pop,5,1,100,13,0.172369,0.171124
Model1,2pop,5,101,200,12,0.111357,0.099263
Model1,2pop,5,201,300,8,0.191919,0.163021
Model1,2pop,5,301,400,7,0.216549,0.173984
Model1,2pop,5,401,500,13,0.217119,0.208832
Model1,2pop,5,501,600,9,0.208174,0.124825
Model1,2pop,5,601,700,8,0.181957,0.125
Model1,2pop,5,701,800,10,0.227414,0.165345
Model1,2pop,5,801,900,11,0.171456,0.144474
Model1,2pop,5,901,1000,8,0.216667,0.191667
Model1,2pop,17,1,100,4,0.351852,0.234813
Model1,2pop,17,101,200,5,0.409479,0.215066
Model1,2pop,17,201,300,4,0.35571,0.299099
Model1,2pop,17,301,400,4,0.318895,0.256837
Model1,2pop,17,401,500,9,0.444444,0.211728
Model1,2pop,17,501,600,5,0.440845,0.3863
Model1,2pop,17,601,700,4,0.355159,0.195023
Model1,2pop,17,701,800,2,0.197531,0.175926
Model1,2pop,17,801,900,6,0.466837,0.350416
Model1,2pop,17,901,1000,12,0.3834,0.32806
Model1,2pop,19,1,100,9,0.137931,0.126677
Model1,2pop,19,101,200,8,0.150538,0.118827
Model1,2pop,19,201,300,11,0.177054,0.134033
Model1,2pop,19,301,400,8,0.208333,0.166667
Model1,2pop,19,401,500,16,0.113838,0.0945427
Model1,2pop,19,501,600,10,0.174041,0.122515
Model1,2pop,19,601,700,11,0.204938,0.171717
Model1,2pop,19,701,800,10,0.0999768,0.100107
Model1,2pop,19,801,900,15,0.161055,0.153869
Model1,2pop,19,901,1000,12,0.106003,0.0907148
Model1,2pop,4,1,100,9,0.126214,0.111389
Model1,2pop,4,101,200,10,0.133373,0.102954
Model1,2pop,4,201,300,7,0.166667,0.166667
Model1,2pop,4,301,400,10,0.140893,0.108236
Model1,2pop,4,401,500,8,0.142165,0.144948
Model1,2pop,4,501,600,15,0.138418,0.134611
Model1,2pop,4,601,700,8,0.192308,0.125
Model1,2pop,4,701,800,9,0.109063,0.128877
Model1,2pop,4,801,900,10,0.181929,0.157672
Model1,2pop,4,901,1000,17,0.182222,0.167558
Model1,2pop,3,1,100,6,0.166667,0.0837743
Model1,2pop,3,101,200,2,0.037037,0.0277778
Model1,2pop,3,201,300,5,0.633333,0.158333
Model1,2pop,3,301,400,6,0.0865385,0.0615701
Model1,2pop,3,401,500,5,0.531746,0.241728
Model1,2pop,3,501,600,5,0.0864198,0.0444444
Model1,2pop,3,601,700,2,0.684211,0.451389
Model1,2pop,3,701,800,5,0.47601,0.270489
Model1,2pop,3,801,900,3,0.788824,0.541236
Model1,2pop,3,901,1000,4,0.521017,0.348514
Model1,2pop,0,1,100,8,0.113688,0.107767
Model1,2pop,0,101,200,19,0.124199,0.114198
Model1,2pop,0,201,300,10,0.138123,0.12608
Model1,2pop,0,301,400,7,0.111675,0.0731922
Model1,2pop,0,401,500,14,0.142247,0.124905
Model1,2pop,0,501,600,14,0.190149,0.166152
Model1,2pop,0,601,700,4,0.126157,0.0775966
Model1,2pop,0,701,800,12,0.186813,0.18047
Model1,2pop,0,801,900,9,0.12152,0.108653
Model1,2pop,0,901,1000,8,0.211886,0.199846
Model1,2pop,0,1,100,7,0.333333,0.157718
Model1,2pop,0,101,200,2,0.0,0.0
Model1,2pop,0,201,300,4,-4.62593e-17,-3.46945e-17
Model1,2pop,0,301,400,5,-0.00740741,0.00617284
Model1,2pop,0,401,500,4,0.0862573,0.082265
Model1,2pop,0,501,600,4,0.0410959,0.0394737
Model1,2pop,0,601,700,7,0.334845,0.138468
Model1,2pop,0,701,800,5,0.147789,0.0843567
Model1,2pop,0,801,900,3,0.0555556,0.037037
Model1,2pop,0,901,1000,2,-4.62593e-17,-3.46945e-17
Model1,2pop,12,1,100,25,-0.012473,-8.67776e-05
Model1,2pop,12,101,200,18,-0.0108845,-0.0145095
Model1,2pop,12,201,300,26,-0.00726183,0.000293621
Model1,2pop,12,301,400,23,0.0237074,0.0426379
Model1,2pop,12,401,500,25,-0.0337734,-0.0250245
Model1,2pop,12,501,600,19,-0.0397483,-0.0279522
Model1,2pop,12,601,700,20,0.00397315,0.0150032
Model1,2pop,12,701,800,15,-0.0507133,-0.0360623
Model1,2pop,12,801,900,17,-0.0436137,-0.032469
Model1,2pop,12,901,1000,18,-0.0021585,0.014752
Model1,2pop,6,1,100,7,0.0666667,0.0443709
Model1,2pop,6,101,200,9,0.16953,0.0928025
Model1,2pop,6,201,300,7,0.301901,0.146726
Model1,2pop,6,301,400,8,0.104478,0.0902778
Model1,2pop,6,401,500,6,0.236467,0.0997942
Model1,2pop,6,501,600,13,0.107338,0.0925963
Model1,2pop,6,601,700,10,0.193376,0.145808
Model1,2pop,6,701,800,15,0.262653,0.154726
Model1,2pop,6,801,900,7,0.103175,0.0873016
Model1,2pop,6,901,1000,7,0.272612,0.209206
Model1,2pop,18,1,100,7,0.173376,0.0692776
Model1,2pop,18,101,200,11,0.214035,0.124725
Model1,2pop,18,201,300,13,0.256705,0.119281
Model1,2pop,18,301,400,8,0.3062,0.239017
Model1,2pop,18,401,500,11,0.242317,0.22411
Model1,2pop,18,501,600,7,0.22304,0.146247
Model1,2pop,18,601,700,13,0.165312,0.0662454
Model1,2pop,18,701,800,10,0.269654,0.196152
Model1,2pop,18,801,900,8,0.291877,0.190632
Model1,2pop,18,901,1000,5,0.304724,0.207595
Model1,2pop,4,1,100,12,0.331608,0.228863
Model1,2pop,4,101,200,12,0.45935,0.288678
Model1,2pop,4,201,300,9,0.508947,0.295663
Model1,2pop,4,301,400,15,0.555556,0.356366
Model1,2pop,4,401,500,11,0.509527,0.292198
Model1,2pop,4,501,600,5,0.138768,0.117303
Model1,2pop,4,601,700,11,0.525295,0.394271
Model1,2pop,4,701,800,8,0.425926,0.174653
Model1,2pop,4,801,900,10,0.650617,0.415859
Model1,2pop,4,901,1000,10,0.452687,0.261465
Model1,2pop,3,1,100,8,0.326599,0.218754
Model1,2pop,3,101,200,10,0.253766,0.149835
Model1,2pop,3,201,300,10,0.274274,0.226862
Model1,2pop,3,301,400,7,0.275144,0.225536
Model1,2pop,3,401,500,10,0.254761,0.232184
Model1,2pop,3,501,600,5,0.32758,0.251202
Model1,2pop,3,601,700,6,0.2837,0.211945
Model1,2pop,3,701,800,6,0.191445,0.17538
Model1,2pop,3,801,900,6,0.202552,0.160604
Model1,2pop,3,901,1000,7,0.248737,0.142621
Model1,2pop,8,1,100,11,0.268337,0.197103
Model1,2pop,8,101,200,12,0.171657,0.142349
Model1,2pop,8,201,300,7,0.16479,0.115841
Model1,2pop,8,301,400,12,0.216207,0.158634
Model1,2pop,8,401,500,16,0.263566,0.191475
Model1,2pop,8,501,600,13,0.236909,0.201181
Model1,2pop,8,601,700,10,0.104829,0.0857174
Model1,2pop,8,701,800,9,0.253472,0.136831
Model1,2pop,8,801,900,8,0.159596,0.153068
Model1,2pop,8,901,1000,11,0.214005,0.165962
Model1,2pop,18,1,100,10,0.649951,0.53039
Model1,2pop,18,101,200,14,0.525955,0.312902
Model1,2pop,18,201,300,4,0.2,0.0714286
Model1,2pop,18,301,400,8,0.519192,0.307705
Model1,2pop,18,401,500,8,0.613027,0.333333
Model1,2pop,18,501,600,6,0.44186,0.32716
Model1,2pop,18,601,700,14,0.586137,0.35771
Model1,2pop,18,701,800,6,0.562648,0.362654
Model1,2pop,18,801,900,8,0.419444,0.209491
Model1,2pop,18,901,1000,10,0.568075,0.322222
Model1,2pop,8,1,100,6,0.146199,0.12037
Model1,2pop,8,101,200,8,0.436508,0.134259
Model1,2pop,8,201,300,6,0.412145,0.249399
Model1,2pop,8,301,400,12,0.632058,0.21808
Model1,2pop,8,401,500,10,0.537856,0.298353
Model1,2pop,8,501,600,9,0.384809,0.150834
Model1,2pop,8,601,700,14,0.563767,0.261608
Model1,2pop,8,701,800,9,0.134974,0.115741
Model1,2pop,8,801,900,8,0.372497,0.18505
Model1,2pop,8,901,1000,11,0.115556,0.0681818
Model1,2pop,10,1,100,5,0.455409,0.219192
Model1,2pop,10,101,200,8,0.305898,0.148216
Model1,2pop,10,201,300,7,0.16388,0.0840098
Model1,2pop,10,301,400,13,0.420242,0.268454
Model1,2pop,10,401,500,10,0.430599,0.246002
Model1,2pop,10,501,600,11,0.456033,0.255595
Model1,2pop,10,601,700,7,0.412145,0.172439
Model1,2pop,10,701,800,12,0.459266,0.333449
Model1,2pop,10,801,900,8,0.379112,0.259795
Model1,2pop,10,901,1000,7,0.324194,0.201299
Model1,2pop,1,1,100,11,0.103118,0.0668382
Model1,2pop,1,101,200,12,0.148746,0.0760141
Model1,2pop,1,201,300,9,0.18829,0.11505
Model1,2pop,1,301,400,15,0.160165,0.121021
Model1,2pop,1,401,500,14,0.135333,0.0826531
Model1,2pop,1,501,600,12,0.14944,0.114295
Model1,2pop,1,601,700,3,0.0922295,0.0520282
Model1,2pop,1,701,800,7,0.100204,0.0525321
Model1,2pop,1,801,900,6,0.195876,0.17231
Model1,2pop,1,901,1000,7,0.211437,0.15271
Model1,2pop,12,1,100,6,0.321481,0.184547
Model1,2pop,12,101,200,7,0.362007,0.236754
Model1,2pop,12,201,300,5,0.16756,0.149695
Model1,2pop,12,301,400,7,0.469593,0.26456
Model1,2pop,12,401,500,4,0.203481,0.103785
Model1,2pop,12,501,600,8,0.187948,0.172131
Model1,2pop,12,601,700,9,0.40519,0.318553
Model1,2pop,12,701,800,11,0.278846,0.177397
Model1,2pop,12,801,900,9,0.243827,0.15517
Model1,2pop,12,901,1000,16,0.465668,0.314347
Model1,2pop,13,1,100,18,0.570843,0.506108
Model1,2pop,13,101,200,12,0.563319,0.460881
Model1,2pop,13,201,300,4,0.573643,0.440476
Model1,2pop,13,301,400,12,0.583144,0.513363
Model1,2pop,13,401,500,10,0.571607,0.441697
Model1,2pop,13,501,600,5,0.613594,0.611437
Model1,2pop,13,601,700,9,0.507117,0.443511
Model1,2pop,13,701,800,10,0.565359,0.416667
Model1,2pop,13,801,900,5,0.492429,0.384044
Model1,2pop,13,901,1000,8,0.590278,0.586769
Model1,2pop,18,1,100,15,0.16069,0.11668
Model1,2pop,18,101,200,12,0.158833,0.0994098
Model1,2pop,18,201,300,10,0.295393,0.20186
Model1,2pop,18,301,400,7,0.140508,0.134911
Model1,2pop,18,401,500,4,0.12963,0.0930556
Model1,2pop,18,501,600,5,0.140947,0.0666538
Model1,2pop,18,601,700,6,0.120219,0.106914
Model1,2pop,18,701,800,6,0.152455,0.0673733
Model1,2pop,18,801,900,8,0.170404,0.114112
Model1,2pop,18,901,1000,9,0.136938,0.137609
Model1,2pop,3,1,100,7,0.449495,0.283825
Model1,2pop,3,101,200,14,0.551768,0.406329
Model1,2pop,3,201,300,4,0.224422,0.17149
Model1,2pop,3,301,400,9,0.405478,0.213021
Model1,2pop,3,401,500,5,0.176955,0.095393
Model1,2pop,3,501,600,16,0.395815,0.26956
Model1,2pop,3,601,700,8,0.142857,0.0868056
Model1,2pop,3,701,800,10,0.467722,0.304498
Model1,2pop,3,801,900,11,0.566522,0.442661
Model1,2pop,3,901,1000,14,0.497342,0.323056
Model1,2pop,19,1,100,9,0.188246,0.0903844
Model1,2pop,19,101,200,10,0.354839,0.29691
Model1,2pop,19,201,300,8,0.229287,0.163949
Model1,2pop,19,301,400,9,0.416291,0.250827
Model1,2pop,19,401,500,11,0.365079,0.284709
Model1,2pop,19,501,600,4,0.21147,0.207986
Model1,2pop,19,601,700,9,0.37812,0.171754
Model1,2pop,19,701,800,11,0.221828,0.184861
Model1,2pop,19,801,900,7,0.178338,0.127058
Model1,2pop,19,901,1000,6,0.347545,0.177978
Model1,2pop,13,1,100,9,0.287212,0.25485
Model1,2pop,13,101,200,11,0.286062,0.249423
Model1,2pop,13,201,300,9,0.0795207,0.0523058
Model1,2pop,13,301,400,5,0.293907,0.268783
Model1,2pop,13,401,500,6,0.170752,0.101607
Model1,2pop,13,501,600,6,0.272401,0.214286
Model1,2pop,13,601,700,8,0.193948,0.155541
Model1,2pop,13,701,800,7,0.163399,0.0718065
Model1,2pop,13,801,900,10,0.249158,0.121164
Model1,2pop,13,901,1000,8,0.261438,0.16369
Model1,2pop,0,1,100,11,0.087485,0.0823274
Model1,2pop,0,101,200,6,0.0681004,0.0445232
Model1,2pop,0,201,300,8,0.0285537,0.0250591
Model1,2pop,0,301,400,4,0.037037,0.0185185
Model1,2pop,0,401,500,5,0.259259,0.130123
Model1,2pop,0,501,600,4,0.017094,0.010582
Model1,2pop,0,601,700,6,0.213066,0.197024
Model1,2pop,0,701,800,5,0.142857,0.0814815
Model1,2pop,0,801,900,7,0.0974883,0.0562338
Model1,2pop,0,901,1000,10,0.152263,0.106833
Model1,2pop,3,1,100,9,0.191534,0.119295
Model1,2pop,3,101,200,6,0.567901,0.265907
Model1,2pop,3,201,300,7,0.348659,0.161783
Model1,2pop,3,301,400,10,0.530303,0.181481
Model1,2pop,3,401,500,9,0.530262,0.29139
Model1,2pop,3,501,600,8,0.5271,0.204861
Model1,2pop,3,601,700,11,0.295508,0.16747
Model1,2pop,3,701,800,7,0.496947,0.22868
Model1,2pop,3,801,900,5,0.412998,0.144227
Model1,2pop,3,901,1000,5,0.389831,0.172004
Model1,2pop,19,1,100,12,0.121181,0.0982226
Model1,2pop,19,101,200,12,0.197426,0.133036
Model1,2pop,19,201,300,21,0.141359,0.110335
Model1,2pop,19,301,400,18,0.213632,0.141928
Model1,2pop,19,401,500,12,0.147468,0.105045
Model1,2pop,19,501,600,7,0.166667,0.11678
Model1,2pop,19,601,700,12,0.134078,0.0978836
Model1,2pop,19,701,800,13,0.169924,0.121277
Model1,2pop,19,801,900,20,0.169133,0.121182
Model1,2pop,19,901,1000,7,0.0762167,0.0696614
Model1,2pop,11,1,100,6,-0.00118835,0.0126366
Model1,2pop,11,101,200,7,0.0106117,0.0201907
Model1,2pop,11,201,300,11,0.00900901,0.0284263
Model1,2pop,11,301,400,5,-0.0149573,-0.00955654
Model1,2pop,11,401,500,10,0.00655864,0.0136181
Model1,2pop,11,501,600,8,0.0215589,0.0329161
Model1,2pop,11,601,700,5,0.0387016,0.0336508
Model1,2pop,11,701,800,10,0.0209365,0.0324511
Model1,2pop,11,801,900,12,0.0360046,0.030196
Model1,2pop,11,901,1000,6,0.0877193,0.0699397
Model1,2pop,4,1,100,7,0.559387,0.375258
Model1,2pop,4,101,200,10,0.311111,0.236508
Model1,2pop,4,201,300,9,0.445431,0.247776
Model1,2pop,4,301,400,11,0.217865,0.20202
Model1,2pop,4,401,500,20,0.308642,0.215459
Model1,2pop,4,501,600,8,0.183183,0.168981
Model1,2pop,4,601,700,7,0.202381,0.166667
Model1,2pop,4,701,800,9,0.358974,0.247972
Model1,2pop,4,801,900,9,0.389864,0.266314
Model1,2pop,4,901,1000,6,0.174603,0.138889
Model1,2pop,19,1,100,6,0.511983,0.345238
Model1,2pop,19,101,200,9,0.473118,0.275426
Model1,2pop,19,201,300,5,0.55303,0.347619
Model1,2pop,19,301,400,9,0.398804,0.279801
Model1,2pop,19,401,500,6,0.574913,0.485741
Model1,2pop,19,501,600,4,0.513889,0.31746
Model1,2pop,19,601,700,8,0.540741,0.289683
Model1,2pop,19,701,800,8,0.428184,0.193452
Model1,2pop,19,801,900,6,0.365549,0.185159
Model1,2pop,19,901,1000,3,0.386401,0.170609
Model1,2pop,18,1,100,5,0.20915,0.127778
Model1,2pop,18,101,200,3,0.259259,0.157407
Model1,2pop,18,201,300,8,0.382716,0.226497
Model1,2pop,18,301,400,3,0.0972222,0.0925926
Model1,2pop,18,401,500,8,0.486829,0.303511
Model1,2pop,18,501,600,5,0.317585,0.169724
Model1,2pop,18,601,700,8,0.368192,0.180518
Model1,2pop,18,701,800,7,0.302832,0.200954
Model1,2pop,18,801,900,12,0.400626,0.239267
Model1,2pop,18,901,1000,8,0.373959,0.221408
Model1,2pop,17,1,100,14,0.0888588,0.0569322
Model1,2pop,17,101,200,9,0.196392,0.136493
Model1,2pop,17,201,300,10,0.125026,0.088157
Model1,2pop,17,301,400,11,0.157736,0.110811
Model1,2pop,17,401,500,6,0.16833,0.100843
Model1,2pop,17,501,600,9,0.0356394,0.0249297
Model1,2pop,17,601,700,9,0.114825,0.0532941
Model1,2pop,17,701,800,14,0.11482,0.0589522
Model1,2pop,17,801,900,10,0.147569,0.0975488
Model1,2pop,17,901,1000,11,0.12037,0.0658678
Model1,2pop,18,1,100,14,-0.010101,-0.012657
Model1,2pop,18,101,200,14,-0.0219164,-0.0236206
Model1,2pop,18,201,300,14,0.0130719,0.00895794
Model1,2pop,18,301,400,12,0.0241998,0.0224446
Model1,2pop,18,401,500,20,-0.00328176,-0.00885522
Model1,2pop,18,501,600,16,0.0343434,0.00923974
Model1,2pop,18,601,700,13,0.0335306,0.0118935
Model1,2pop,18,701,800,9,-0.00331675,0.00964389
Model1,2pop,18,801,900,14,0.0146751,0.00801312
Model1,2pop,18,901,1000,10,-0.00401606,-0.000844309
Model1,2pop,6,1,100,6,0.0439276,0.0483539
Model1,2pop,6,101,200,6,0.0729167,0.0783339
Model1,2pop,6,201,300,6,0.0374677,0.0421811
Model1,2pop,6,301,400,8,0.12037,0.119573
Model1,2pop,6,401,500,7,0.040404,0.031746
Model1,2pop,6,501,600,8,0.0925926,0.0694444
Model1,2pop,6,601,700,7,0.138889,0.0992063
Model1,2pop,6,701,800,3,0.0923318,0.0967078
Model1,2pop,6,801,900,6,0.0350877,0.0298354
Model1,2pop,6,901,1000,8,0.0518519,0.0486111
Model1,2pop,19,1,100,8,0.329465,0.21666
Model1,2pop,19,101,200,5,0.382056,0.129484
Model1,2pop,19,201,300,3,0.188889,0.123457
Model1,2pop,19,301,400,14,0.340641,0.17029
Model1,2pop,19,401,500,6,0.534972,0.418658
Model1,2pop,19,501,600,10,0.366043,0.264024
Model1,2pop,19,601,700,9,0.488399,0.379012
Model1,2pop,19,701,800,3,0.401709,0.351609
Model1,2pop,19,801,900,7,0.364947,0.348469
Model1,2pop,19,901,1000,7,0.551309,0.500761
Model1,2pop,19,1,100,2,0.277778,0.15873
Model1,2pop,19,101,200,6,0.705128,0.176413
Model1,2pop,19,201,300,4,0.212121,0.093254
Model1,2pop,19,301,400,9,0.322858,0.114354
Model1,2pop,19,401,500,4,0.638365,0.447216
Model1,2pop,19,501,600,4,0.78744,0.250731
Model1,2pop,19,601,700,4,0.481105,0.16538
Model1,2pop,19,701,800,3,0.171717,0.148148
Model1,2pop,19,801,900,8,0.796557,0.415779
Model1,2pop,19,901,1000,3,-0.0136452,-0.00700701
Model1,2pop,3,1,100,10,0.0727836,0.0679325
Model1,2pop,3,101,200,9,0.0492554,0.0346508
Model1,2pop,3,201,300,15,0.0387183,0.0269105
Model1,2pop,3,301,400,14,0.0618304,0.0432086
Model1,2pop,3,401,500,7,0.076639,0.0698526
Model1,2pop,3,501,600,20,0.0578888,0.0481801
Model1,2pop,3,601,700,17,0.0487509,0.0509686
Model1,2pop,3,701,800,11,0.0781338,0.0685095
Model1,2pop,3,801,900,10,0.0431889,0.0380494
Model1,2pop,3,901,1000,19,0.0577015,0.0502815
Model1,2pop,8,1,100,15,0.00656814,0.0188742
Model1,2pop,8,101,200,16,-0.00816471,0.0111921
Model1,2pop,8,201,300,10,0.132514,0.0551603
Model1,2pop,8,301,400,13,-0.0185185,-0.00353029
Model1,2pop,8,401,500,5,-0.0308972,-0.025538
Model1,2pop,8,501,600,7,-0.0334275,-0.0250957
Model1,2pop,8,601,700,5,-0.0308972,-0.025538
Model1,2pop,8,701,800,12,-0.0284238,-0.022143
Model1,2pop,8,801,900,10,0.21021,0.142503
Model1,2pop,8,901,1000,12,0.00281294,0.0271611
Model1,2pop,0,1,100,15,0.218695,0.168959
Model1,2pop,0,101,200,8,0.158436,0.122768
Model1,2pop,0,201,300,11,0.191479,0.13672
Model1,2pop,0,301,400,14,0.0976536,0.100717
Model1,2pop,0,401,500,15,0.0692371,0.0819117
Model1,2pop,0,501,600,12,0.0410959,0.0543464
Model1,2pop,0,601,700,18,0.25098,0.19562
Model1,2pop,0,701,800,13,0.190776,0.137749
Model1,2pop,0,801,900,11,0.144664,0.115924
Model1,2pop,0,901,1000,12,0.157603,0.118539
Model1,2pop,5,1,100,2,0.111111,0.0694444
Model1,2pop,5,101,200,4,0.0555556,0.0462963
Model1,2pop,5,201,300,3,0.0658174,0.0529101
Model1,2pop,5,301,400,10,0.272401,0.110185
Model1,2pop,5,401,500,10,0.297778,0.0796296
Model1,2pop,5,501,600,2,0.0,0.0
Model1,2pop,5,601,700,3,0.0740741,0.0555556
Model1,2pop,5,701,800,4,0.0,0.0
Model1,2pop,5,801,900,6,0.0444444,0.0308642
Model1,2pop,5,901,1000,7,0.483951,0.283115
Model1,2pop,7,1,100,10,0.430029,0.356814
Model1,2pop,7,101,200,10,0.447882,0.400047
Model1,2pop,7,201,300,17,0.424411,0.342833
Model1,2pop,7,301,400,18,0.449458,0.35361
Model1,2pop,7,401,500,15,0.508041,0.416424
Model1,2pop,7,501,600,14,0.426921,0.333901
Model1,2pop,7,601,700,15,0.440188,0.346312
Model1,2pop,7,701,800,11,0.446885,0.371814
Model1,2pop,7,801,900,11,0.467635,0.404554
Model1,2pop,7,901,1000,23,0.440002,0.343826
Model1,2pop,11,1,100,8,0.408767,0.196676
Model1,2pop,11,101,200,10,0.377173,0.20618
Model1,2pop,11,201,300,11,0.551445,0.332686
Model1,2pop,11,301,400,14,0.35805,0.215044
Model1,2pop,11,401,500,10,0.640996,0.516723
Model1,2pop,11,501,600,6,0.525926,0.284467
Model1,2pop,11,601,700,6,0.540771,0.377723
Model1,2pop,11,701,800,12,0.415571,0.341239
Model1,2pop,11,801,900,12,0.557843,0.387809
Model1,2pop,11,901,1000,14,0.569554,0.386494
Model1,2pop,13,1,100,11,0.192953,0.125528
Model1,2pop,13,101,200,13,0.197103,0.12327
Model1,2pop,13,201,300,2,0.037037,0.0277778
Model1,2pop,13,301,400,3,0.200283,0.139668
Model1,2pop,13,401,500,4,0.250441,0.184612
Model1,2pop,13,501,600,11,0.245425,0.146583
Model1,2pop,13,601,700,5,0.0915033,0.0777778
Model1,2pop,13,701,800,11,0.0761832,0.0590756
Model1,2pop,13,801,900,6,0.0729783,0.0375244
Model1,2pop,13,901,1000,5,0.0430622,0.0198441
Model1,2pop,15,1,100,20,0.0414968,0.0156157
Model1,2pop,15,101,200,23,0.0254561,0.0100984
Model1,2pop,15,201,300,17,-0.0424392,-0.0357859
Model1,2pop,15,301,400,14,0.0259259,0.00489933
Model1,2pop,15,401,500,10,-0.0481332,-0.0373563
Model1,2pop,15,501,600,22,-0.0413461,-0.0335353
Model1,2pop,15,601,700,14,-0.0388717,-0.0229387
Model1,2pop,15,701,800,14,-0.0547009,-0.0520625
Model1,2pop,15,801,900,11,0.0137566,-0.00482823
Model1,2pop,15,901,1000,17,-0.0438144,-0.0280595
Model1,2pop,0,1,100,7,0.366531,0.156143
Model1,2pop,0,101,200,5,0.290323,0.222222
Model1,2pop,0,201,300,3,0.15873,0.0740741
Model1,2pop,0,301,400,8,0.272222,0.145139
Model1,2pop,0,401,500,8,0.283224,0.193056
Model1,2pop,0,501,600,8,0.267782,0.166171
Model1,2pop,0,601,700,6,0.170139,0.139286
Model1,2pop,0,701,800,10,0.234343,0.155657
Model1,2pop,0,801,900,6,0.269841,0.147222
Model1,2pop,0,901,1000,11,0.270955,0.170875
Model1,2pop,4,1,100,6,0.239669,0.217556
Model1,2pop,4,101,200,4,0.153005,0.0833333
Model1,2pop,4,201,300,6,0.128352,0.087963
Model1,2pop,4,301,400,5,0.306931,0.226496
Model1,2pop,4,401,500,12,0.223891,0.167521
Model1,2pop,4,501,600,8,0.461438,0.220679
Model1,2pop,4,601,700,9,0.260592,0.147436
Model1,2pop,4,701,800,11,0.239226,0.174165
Model1,2pop,4,801,900,8,0.137597,0.0833333
Model1,2pop,4,901,1000,5,0.424242,0.177607
Model1,2pop,16,1,100,12,0.505125,0.298668
Model1,2pop,16,101,200,13,0.267501,0.135487
Model1,2pop,16,201,300,12,0.197684,0.124505
Model1,2pop,16,301,400,17,0.208022,0.102659
Model1,2pop,16,401,500,17,0.196725,0.156054
Model1,2pop,16,501,600,11,0.318097,0.172101
Model1,2pop,16,601,700,12,0.0824916,0.0656759
Model1,2pop,16,701,800,9,0.465508,0.308391
Model1,2pop,16,801,900,8,0.0436705,0.0265705
Model1,2pop,16,901,1000,12,0.432885,0.23971
Model1,2pop,12,1,100,14,0.295635,0.219161
Model1,2pop,12,101,200,16,0.321751,0.255173
Model1,2pop,12,201,300,13,0.305136,0.259009
Model1,2pop,12,301,400,13,0.283106,0.234757
Model1,2pop,12,401,500,12,0.343841,0.283688
Model1,2pop,12,501,600,20,0.344159,0.243752
Model1,2pop,12,601,700,15,0.331201,0.288709
Model1,2pop,12,701,800,11,0.37131,0.341212
Model1,2pop,12,801,900,11,0.295082,0.19899
Model1,2pop,12,901,1000,15,0.310183,0.257545
Model1,2pop,6,1,100,5,0.404476,0.181362
Model1,2pop,6,101,200,9,0.417148,0.305114
Model1,2pop,6,201,300,8,0.44364,0.335113
Model1,2pop,6,301,400,13,0.412305,0.286173
Model1,2pop,6,401,500,7,0.329971,0.265003
Model1,2pop,6,501,600,12,0.425209,0.307094
Model1,2pop,6,601,700,8,0.356113,0.234896
Model1,2pop,6,701,800,7,0.363846,0.184341
Model1,2pop,6,801,900,6,0.354083,0.181531
Model1,2pop,6,901,1000,9,0.335233,0.207024
Model1,2pop,1,1,100,11,0.276076,0.202474
Model1,2pop,1,101,200,11,0.346795,0.289652
Model1,2pop,1,201,300,14,0.285926,0.214566
Model1,2pop,1,301,400,11,0.3008,0.216978
Model1,2pop,1,401,500,10,0.270353,0.19854
Model1,2pop,1,501,600,12,0.36477,0.287862
Model1,2pop,1,601,700,3,0.290598,0.140741
Model1,2pop,1,701,800,11,0.358312,0.29333
Model1,2pop,1,801,900,11,0.296974,0.255695
Model1,2pop,1,901,1000,13,0.293393,0.256405
Model1,2pop,18,1,100,24,0.287022,0.111765
Model1,2pop,18,101,200,14,0.380745,0.154651
Model1,2pop,18,201,300,15,0.0497934,0.0150097
Model1,2pop,18,301,400,12,0.152654,0.0104428
Model1,2pop,18,401,500,18,0.200751,0.0404541
Model1,2pop,18,501,600,17,0.242871,0.0696523
Model1,2pop,18,601,700,16,0.292018,0.0904229
Model1,2pop,18,701,800,18,0.193635,0.0236167
Model1,2pop,18,801,900,12,-0.0362694,-0.0307018
Model1,2pop,18,901,1000,17,0.237321,0.0667865
Model1,2pop,4,1,100,10,0.343954,0.209352
Model1,2pop,4,101,200,15,0.270083,0.145592
Model1,2pop,4,201,300,6,0.128655,0.0925926
Model1,2pop,4,301,400,17,0.0717736,0.0767028
Model1,2pop,4,401,500,14,0.16911,0.0800152
Model1,2pop,4,501,600,18,0.0992663,0.0794983
Model1,2pop,4,601,700,14,0.13261,0.0811811
Model1,2pop,4,701,800,8,0.33059,0.15964
Model1,2pop,4,801,900,17,0.173646,0.0910342
Model1,2pop,4,901,1000,22,0.19431,0.104769
Model1,2pop,9,1,100,12,0.240402,0.210811
Model1,2pop,9,101,200,19,0.197281,0.172322
Model1,2pop,9,201,300,19,0.240202,0.207228
Model1,2pop,9,301,400,20,0.406107,0.297437
Model1,2pop,9,401,500,28,0.342691,0.229894
Model1,2pop,9,501,600,21,0.226547,0.184927
Model1,2pop,9,601,700,13,0.328419,0.198877
Model1,2pop,9,701,800,15,0.396563,0.295143
Model1,2pop,9,801,900,24,0.358501,0.240714
Model1,2pop,9,901,1000,22,0.31836,0.262822
Model1,2pop,14,1,100,9,0.594718,0.359692
Model1,2pop,14,101,200,9,0.490976,0.312434
Model1,2pop,14,201,300,5,0.331104,0.261432
Model1,2pop,14,301,400,11,0.393739,0.179712
Model1,2pop,14,401,500,6,0.55818,0.34682
Model1,2pop,14,501,600,5,0.365539,0.243745
Model1,2pop,14,601,700,7,0.387057,0.208031
Model1,2pop,14,701,800,6,0.332306,0.161305
Model1,2pop,14,801,900,6,0.469697,0.29473
Model1,2pop,14,901,1000,4,0.449612,0.376709
