CHROM,BIN_START,BIN_END,N_VARIANTS,WEIGHTED_FST,MEAN_FST
8,1,100,62,0.982985,0.95011
8,101,200,61,0.982884,0.929599
8,201,300,64,0.984272,0.931037
8,301,400,55,0.979876,0.932985
8,401,500,61,0.97607,0.904829
8,501,600,63,0.969554,0.934982
8,601,700,57,0.973502,0.90823
8,701,800,61,0.980386,0.895971
8,801,900,63,0.98596,0.9411
8,901,1000,70,0.991059,0.970952
17,1,100,53,0.97332,0.918671
17,101,200,51,0.993556,0.975003
17,201,300,63,0.987765,0.947329
17,301,400,64,0.995255,0.965671
17,401,500,56,0.988029,0.963999
17,501,600,53,0.98641,0.961723
17,601,700,59,0.98706,0.965783
17,701,800,57,0.985724,0.968957
17,801,900,58,0.977727,0.928616
17,901,1000,61,0.988499,0.976986
15,1,100,60,0.986475,0.974074
15,101,200,56,0.974049,0.948724
15,201,300,55,0.97552,0.945106
15,301,400,60,0.973774,0.916719
15,401,500,57,0.997418,0.980615
15,501,600,61,0.98888,0.976078
15,601,700,68,0.988,0.974719
15,701,800,59,0.994832,0.978814
15,801,900,66,0.98532,0.954506
15,901,1000,58,0.978886,0.908716
5,1,100,61,0.979435,0.928818
5,101,200,55,0.979532,0.954773
5,201,300,62,0.970978,0.937985
5,301,400,51,0.992282,0.954876
5,401,500,61,0.99368,0.962045
5,501,600,49,0.97994,0.931025
5,601,700,55,0.98707,0.956501
5,701,800,51,0.976988,0.951988
5,801,900,60,0.984678,0.928405
5,901,1000,56,0.980509,0.940898
10,1,100,63,0.985173,0.934009
10,101,200,59,0.983509,0.929891
10,201,300,56,0.988735,0.967325
10,301,400,61,0.995486,0.987037
10,401,500,58,0.982741,0.930651
10,501,600,54,0.961496,0.923875
10,601,700,68,0.977517,0.931347
10,701,800,60,0.978296,0.953427
10,801,900,57,0.97993,0.965757
10,901,1000,52,0.986688,0.9859
9,1,100,57,0.971723,0.912357
9,101,200,49,0.977849,0.946663
9,201,300,61,0.990558,0.952596
9,301,400,56,0.989706,0.972917
9,401,500,58,0.970497,0.929629
9,501,600,57,0.984977,0.984944
9,601,700,56,0.991437,0.935516
9,701,800,60,0.995777,0.985789
9,801,900,58,0.990193,0.973878
9,901,1000,52,0.966219,0.899743
12,1,100,47,0.981544,0.936761
12,101,200,60,0.986396,0.965234
12,201,300,56,0.980879,0.95202
12,301,400,56,0.990408,0.988866
12,401,500,49,0.986928,0.965675
12,501,600,55,0.98401,0.976667
12,601,700,60,0.973407,0.955856
12,701,800,47,0.985209,0.91223
12,801,900,59,0.985326,0.950314
12,901,1000,55,0.982869,0.942679
15,1,100,63,0.988889,0.975407
15,101,200,54,0.978888,0.938326
15,201,300,55,0.992649,0.941212
15,301,400,59,0.991712,0.973626
15,401,500,64,0.993567,0.94184
15,501,600,55,0.988596,0.954444
15,601,700,68,0.980027,0.956872
15,701,800,58,0.97608,0.908333
15,801,900,55,0.990954,0.94486
15,901,1000,58,0.984395,0.956992
6,1,100,52,0.989546,0.988181
6,101,200,57,0.985386,0.931533
6,201,300,55,0.987748,0.951515
6,301,400,58,0.983008,0.937162
6,401,500,59,0.982456,0.957739
6,501,600,54,0.994103,0.992372
6,601,700,45,0.977081,0.916363
6,701,800,55,0.989414,0.964588
6,801,900,72,0.9875,0.9875
6,901,1000,57,0.994609,0.975146
9,1,100,63,0.977972,0.901071
9,101,200,61,0.989967,0.963934
9,201,300,56,0.984127,0.969012
9,301,400,64,0.988088,0.90432
9,401,500,58,0.982451,0.906793
9,501,600,58,0.985884,0.942078
9,601,700,56,0.976771,0.963678
9,701,800,59,0.970749,0.864008
9,801,900,66,0.967604,0.90857
9,901,1000,59,0.989079,0.936809
10,1,100,61,0.978299,0.931308
10,101,200,70,0.982199,0.952193
10,201,300,49,0.983328,0.982538
10,301,400,58,0.974775,0.939721
10,401,500,56,0.97361,0.933146
10,501,600,58,0.975455,0.93617
10,601,700,62,0.970899,0.937652
10,701,800,55,0.984641,0.945561
10,801,900,53,0.985976,0.965106
10,901,1000,59,0.982203,0.982203
11,1,100,66,0.985705,0.924327
11,101,200,54,0.992997,0.983022
11,201,300,54,0.986783,0.949005
11,301,400,57,0.994846,0.979973
11,401,500,60,0.993481,0.961645
11,501,600,58,0.992465,0.896648
11,601,700,63,0.988962,0.958571
11,701,800,62,0.996909,0.983244
11,801,900,55,0.98676,0.95141
11,901,1000,49,0.987533,0.930823
0,1,100,42,0.980676,0.956324
7,1,100,57,0.983717,0.941887
7,101,200,52,0.981997,0.918697
7,201,300,53,0.990215,0.954717
7,301,400,57,0.978196,0.972139
7,401,500,55,0.990003,0.963838
7,501,600,56,0.992291,0.958584
7,601,700,58,0.990575,0.96315
7,701,800,67,0.993168,0.964969
7,801,900,61,0.984772,0.961501
7,901,1000,66,0.990076,0.988348
10,1,100,54,0.984082,0.963735
10,101,200,64,0.985905,0.944102
10,201,300,52,0.992276,0.964637
10,301,400,55,0.984035,0.931003
10,401,500,63,0.987831,0.987831
10,501,600,54,0.979356,0.942801
10,601,700,56,0.980006,0.941071
10,701,800,54,0.985834,0.923048
10,801,900,52,0.991098,0.970513
10,901,1000,55,0.990361,0.971364
4,1,100,64,0.989709,0.988269
4,101,200,57,0.998244,0.998199
4,201,300,60,0.996704,0.980882
4,301,400,55,0.995469,0.978092
4,401,500,54,0.996226,0.978655
4,501,600,50,0.990415,0.933167
4,601,700,62,0.991055,0.949248
4,701,800,61,0.989873,0.960018
4,801,900,65,0.989062,0.974575
4,901,1000,64,0.990629,0.965799
9,1,100,60,0.981373,0.981345
9,101,200,63,0.979652,0.924757
9,201,300,54,0.981262,0.933387
9,301,400,56,0.977948,0.920817
9,401,500,51,0.988351,0.965765
9,501,600,63,0.995767,0.995767
9,601,700,65,0.983388,0.928813
9,701,800,56,0.994768,0.962798
9,801,900,52,0.976511,0.915006
9,901,1000,49,0.986667,0.961036
4,1,100,50,0.995366,0.980333
4,101,200,64,0.974227,0.900103
4,201,300,57,0.984489,0.914731
4,301,400,52,0.978261,0.965224
4,401,500,44,0.986485,0.963491
4,501,600,59,0.995927,0.993771
4,601,700,57,0.952263,0.91907
4,701,800,55,0.979439,0.964497
4,801,900,61,0.978782,0.955629
4,901,1000,60,0.986493,0.934581
11,1,100,59,0.973726,0.926418
11,101,200,70,0.986904,0.961602
11,201,300,60,0.983343,0.937714
11,301,400,51,0.965671,0.935036
11,401,500,62,0.983381,0.932437
11,501,600,61,0.988056,0.980425
11,601,700,74,0.979628,0.956169
11,701,800,62,0.990709,0.940104
11,801,900,56,0.985401,0.970475
11,901,1000,54,0.991171,0.952321
9,1,100,55,0.987281,0.952054
9,101,200,62,0.98822,0.947804
9,201,300,47,0.986465,0.9487
9,301,400,63,0.971528,0.917207
9,401,500,59,0.984944,0.935447
9,501,600,59,0.981861,0.946379
9,601,700,68,0.979188,0.940417
9,701,800,55,0.987479,0.956768
9,801,900,62,0.986752,0.954617
9,901,1000,67,0.982783,0.930004
16,1,100,60,0.983096,0.96801
16,101,200,53,0.988684,0.969613
16,201,300,49,0.98883,0.961297
16,301,400,67,0.989491,0.971559
16,401,500,59,0.98346,0.919303
16,501,600,63,0.984617,0.930511
16,601,700,52,0.989778,0.956869
16,701,800,61,0.984901,0.935872
16,801,900,59,0.984405,0.90904
16,901,1000,52,0.984991,0.98199
3,1,100,51,0.977984,0.938849
3,101,200,59,0.982415,0.947363
3,201,300,67,0.982199,0.970679
3,301,400,61,0.983573,0.978227
3,401,500,58,0.983945,0.966989
3,501,600,53,0.986044,0.968489
3,601,700,65,0.992832,0.975049
3,701,800,55,0.972034,0.927023
3,801,900,51,0.993133,0.965251
3,901,1000,58,0.958213,0.878597
6,1,100,61,0.98652,0.941601
6,101,200,62,0.980958,0.937771
6,201,300,62,0.978871,0.958726
6,301,400,59,0.975776,0.932775
6,401,500,58,0.986726,0.966252
6,501,600,57,0.969621,0.927987
6,601,700,57,0.975458,0.930493
6,701,800,61,0.98704,0.952689
6,801,900,51,0.995207,0.995207
6,901,1000,61,0.98381,0.934386
7,1,100,63,0.984948,0.965201
7,101,200,59,0.976082,0.955811
7,201,300,57,0.978811,0.930247
7,301,400,58,0.995282,0.993664
7,401,500,64,0.982118,0.982118
7,501,600,56,0.942332,0.841402
7,601,700,49,0.972585,0.920279
7,701,800,57,0.982999,0.955631
7,801,900,54,0.979886,0.953775
7,901,1000,52,0.979697,0.948184
15,1,100,59,0.992213,0.98869
15,101,200,55,0.982898,0.962259
15,201,300,54,0.981266,0.948875
15,301,400,60,0.989551,0.977039
15,401,500,60,0.978181,0.96125
15,501,600,60,0.980409,0.94812
15,601,700,50,0.975806,0.961735
15,701,800,56,0.96109,0.919492
15,801,900,57,0.977799,0.905276
15,901,1000,59,0.975025,0.914459
16,1,100,61,0.971522,0.929918
16,101,200,52,0.972444,0.947244
16,201,300,65,0.986566,0.980319
16,301,400,61,0.985614,0.953916
16,401,500,53,0.967185,0.921461
16,501,600,56,0.980144,0.954516
16,601,700,65,0.990004,0.961911
16,701,800,63,0.978409,0.953001
16,801,900,60,0.984937,0.984262
16,901,1000,58,0.978723,0.922212
2,1,100,60,0.959147,0.924512
2,101,200,57,0.977571,0.930713
2,201,300,56,0.989069,0.982341
2,301,400,54,0.988557,0.953564
2,401,500,60,0.98835,0.955913
2,501,600,62,0.980808,0.968369
2,601,700,68,0.985837,0.962228
2,701,800,59,0.984018,0.979483
2,801,900,57,0.99056,0.985965
2,901,1000,69,0.991663,0.969646
19,1,100,60,0.992426,0.9608
19,101,200,59,0.980612,0.94275
19,201,300,49,0.990115,0.989907
19,301,400,58,0.987621,0.945476
19,401,500,56,0.98762,0.968289
19,501,600,59,0.989247,0.965254
19,601,700,64,0.996393,0.984635
19,701,800,52,0.992981,0.987984
19,801,900,54,0.987369,0.953326
19,901,1000,60,0.978576,0.938611
8,1,100,57,0.985058,0.966096
8,101,200,59,0.989514,0.972491
8,201,300,63,0.986825,0.948283
8,301,400,56,0.986191,0.920671
8,401,500,65,0.996874,0.954701
8,501,600,73,0.993156,0.985236
8,601,700,56,0.992956,0.992956
8,701,800,45,0.990886,0.986283
8,801,900,69,0.991905,0.93869
8,901,1000,56,0.994263,0.982044
18,1,100,54,0.979644,0.957751
18,101,200,54,0.987839,0.985096
18,201,300,56,0.9667,0.889395
18,301,400,58,0.987126,0.954789
18,401,500,59,0.968095,0.915835
18,501,600,63,0.972708,0.939142
18,601,700,59,0.988183,0.965656
18,701,800,52,0.970063,0.896825
18,801,900,63,0.978285,0.923914
18,901,1000,56,0.974401,0.881209
15,1,100,54,0.982773,0.945481
15,101,200,67,0.987383,0.973383
15,201,300,56,0.974115,0.956474
15,301,400,50,0.976867,0.920651
15,401,500,55,0.978315,0.932065
15,501,600,55,0.985575,0.962455
15,601,700,58,0.984294,0.974488
15,701,800,53,0.971919,0.934341
15,801,900,56,0.959903,0.918294
15,901,1000,62,0.97843,0.974428
13,1,100,56,0.968314,0.939088
13,101,200,60,0.966576,0.890935
13,201,300,56,0.983747,0.959108
13,301,400,60,0.974598,0.941246
13,401,500,59,0.97619,0.947503
13,501,600,59,0.976603,0.963926
13,601,700,65,0.985968,0.962705
13,701,800,57,0.968959,0.904903
13,801,900,54,0.991345,0.94808
13,901,1000,57,0.971757,0.930477
14,1,100,58,0.992579,0.951086
14,101,200,49,0.99058,0.990536
14,201,300,58,0.978971,0.934653
14,301,400,64,0.960533,0.871455
14,401,500,61,0.97438,0.952785
14,501,600,59,0.975076,0.954828
14,601,700,61,0.979953,0.949772
14,701,800,56,0.980398,0.950427
14,801,900,55,0.977385,0.964638
14,901,1000,56,0.982434,0.925198
0,1,100,52,0.965077,0.889514
3,1,100,66,0.976537,0.9542
3,101,200,60,0.984141,0.932949
3,201,300,62,0.996903,0.983074
3,301,400,50,0.978358,0.977611
3,401,500,59,0.970844,0.873363
3,501,600,67,0.990397,0.978764
3,601,700,60,0.980811,0.886528
3,701,800,47,0.978779,0.881754
3,801,900,59,0.985476,0.902769
3,901,1000,59,0.987654,0.931147
4,1,100,62,0.944114,0.889865
4,101,200,54,0.975642,0.919593
4,201,300,59,0.973583,0.926587
4,301,400,69,0.951878,0.876218
4,401,500,58,0.969002,0.939306
4,501,600,58,0.973848,0.936608
4,601,700,60,0.949095,0.906285
4,701,800,58,0.96909,0.918863
4,801,900,58,0.96991,0.92703
4,901,1000,56,0.974246,0.927981
1,1,100,64,0.980099,0.922737
1,101,200,46,0.993594,0.975242
1,201,300,64,0.990009,0.924132
1,301,400,58,0.989792,0.972613
1,401,500,56,0.995974,0.98373
1,501,600,61,0.996309,0.985064
1,601,700,52,0.988217,0.964316
1,701,800,49,0.994832,0.963719
1,801,900,59,0.988379,0.988151
1,901,1000,60,0.994624,0.979838
18,1,100,63,0.983165,0.936863
18,101,200,57,0.972453,0.932478
18,201,300,61,0.983754,0.964494
18,301,400,56,0.990655,0.957044
18,401,500,52,0.988944,0.973077
18,501,600,56,0.985716,0.964834
18,601,700,52,0.986312,0.924519
18,701,800,56,0.985892,0.953522
18,801,900,59,0.991243,0.959322
18,901,1000,46,0.982242,0.974049
0,1,100,55,0.971779,0.952808
0,101,200,59,0.964003,0.922657
0,201,300,60,0.957848,0.905168
0,301,400,61,0.968877,0.88246
0,401,500,63,0.967982,0.915108
0,501,600,61,0.971375,0.954848
0,601,700,60,0.97007,0.928443
0,701,800,56,0.975481,0.945058
0,801,900,58,0.968304,0.926964
0,901,1000,56,0.95159,0.878447
12,1,100,57,0.984576,0.952393
12,101,200,53,0.990656,0.924948
12,201,300,65,0.991857,0.941156
12,301,400,56,1.0,1.0
12,401,500,65,0.992681,0.967234
12,501,600,58,0.994652,0.962069
12,601,700,51,0.999019,0.998968
12,701,800,61,0.990487,0.954346
12,801,900,44,0.99697,0.99697
12,901,1000,57,0.994932,0.994932
1,1,100,54,0.988704,0.938326
1,101,200,63,0.991267,0.931338
1,201,300,56,0.986111,0.974405
1,301,400,57,0.983339,0.909608
1,401,500,61,0.9975,0.981924
1,501,600,61,0.991006,0.968493
1,601,700,60,0.986408,0.969274
1,701,800,54,0.992431,0.974516
1,801,900,59,0.983954,0.928934
1,901,1000,53,0.989988,0.954458
4,1,100,58,0.988626,0.979627
4,101,200,55,0.980041,0.937792
4,201,300,60,0.984353,0.92647
4,301,400,56,0.991928,0.99145
4,401,500,62,0.989941,0.918015
4,501,600,61,0.992512,0.981522
4,601,700,67,0.992731,0.954736
4,701,800,61,0.988559,0.933252
4,801,900,52,0.98111,0.898196
4,901,1000,55,0.995469,0.978092
14,1,100,59,0.981885,0.970846
14,101,200,52,0.98366,0.973225
14,201,300,57,0.976167,0.886853
14,301,400,57,0.97532,0.945793
14,401,500,55,0.987561,0.955253
14,501,600,56,0.974609,0.906269
14,601,700,64,0.973889,0.92956
14,701,800,56,0.984491,0.962004
14,801,900,64,0.988386,0.947145
14,901,1000,58,0.982477,0.952217
17,1,100,56,0.993169,0.985469
17,101,200,60,0.985285,0.915789
17,201,300,68,0.992158,0.985754
17,301,400,61,0.994316,0.991621
17,401,500,57,0.981499,0.937209
17,501,600,58,0.985984,0.935286
17,601,700,51,0.986197,0.948844
17,701,800,54,0.998148,0.998148
17,801,900,57,0.983996,0.948735
17,901,1000,68,0.989594,0.944771
3,1,100,57,0.990459,0.976218
3,101,200,50,0.976584,0.955667
3,201,300,68,0.969635,0.939585
3,301,400,50,0.981271,0.960949
3,401,500,55,0.970617,0.918708
3,501,600,56,0.972196,0.927331
3,601,700,57,0.971155,0.929152
3,701,800,53,0.981013,0.929669
3,801,900,50,0.982133,0.961077
3,901,1000,51,0.9815,0.975851
19,1,100,52,0.978009,0.960817
19,101,200,53,0.979967,0.892548
19,201,300,58,0.98185,0.979143
19,301,400,59,0.981867,0.964999
19,401,500,63,0.96271,0.911322
19,501,600,49,0.974566,0.872115
19,601,700,62,0.983722,0.97183
19,701,800,62,0.978572,0.917948
19,801,900,52,0.980828,0.965181
19,901,1000,52,0.993583,0.946581
2,1,100,67,0.990236,0.978753
2,101,200,46,0.998913,0.998913
2,201,300,53,0.991437,0.97479
2,301,400,51,0.986949,0.93542
2,401,500,53,0.997118,0.979245
2,501,600,53,0.991036,0.941355
2,601,700,61,0.988765,0.950503
2,701,800,58,0.984455,0.907003
2,801,900,54,0.985484,0.952577
2,901,1000,57,0.991119,0.941122
0,1,100,50,0.966822,0.92765
12,1,100,53,0.99717,0.99717
12,101,200,59,0.983992,0.983508
12,201,300,56,0.995135,0.995092
12,301,400,63,0.983684,0.957835
12,401,500,59,0.996749,0.982392
12,501,600,55,0.97971,0.9351
12,601,700,59,0.982186,0.920577
12,701,800,57,0.969925,0.923017
12,801,900,52,0.992117,0.988926
12,901,1000,54,0.99197,0.944662
15,1,100,57,0.979205,0.943401
15,101,200,57,0.991063,0.976689
15,201,300,60,0.987101,0.944131
15,301,400,59,0.99247,0.973493
15,401,500,63,0.981338,0.931965
15,501,600,65,0.990054,0.950272
15,601,700,49,0.983194,0.929234
15,701,800,54,0.990343,0.964781
15,801,900,61,0.991557,0.933017
15,901,1000,52,0.982528,0.928877
18,1,100,62,0.990748,0.98618
18,101,200,54,0.990569,0.94347
18,201,300,62,0.989882,0.969285
18,301,400,62,0.987126,0.955624
18,401,500,55,0.978114,0.948235
18,501,600,61,0.98329,0.938002
18,601,700,56,0.984388,0.970328
18,701,800,62,0.990617,0.959217
18,801,900,57,0.992968,0.967985
18,901,1000,59,0.991378,0.967514
14,1,100,55,0.960225,0.911508
14,101,200,66,0.985969,0.958454
14,201,300,62,0.999193,0.999151
14,301,400,55,0.990542,0.966414
14,401,500,62,0.974102,0.936117
14,501,600,52,0.974577,0.93317
14,601,700,51,0.985012,0.964701
14,701,800,58,0.976831,0.944104
14,801,900,62,0.986523,0.947103
14,901,1000,57,0.980212,0.972498
16,1,100,69,0.987459,0.954321
16,101,200,49,0.968323,0.907116
16,201,300,56,0.982929,0.978472
16,301,400,68,0.97998,0.968524
16,401,500,61,0.985633,0.966781
16,501,600,66,0.984509,0.938611
16,601,700,58,0.987838,0.973372
16,701,800,55,0.990634,0.942208
16,801,900,54,0.981767,0.947857
16,901,1000,65,0.976047,0.926778
10,1,100,61,0.970368,0.953039
10,101,200,60,0.968578,0.930168
10,201,300,59,0.975612,0.953479
10,301,400,60,0.980757,0.953266
10,401,500,59,0.985372,0.963677
10,501,600,61,0.987058,0.945515
10,601,700,64,0.988889,0.909385
10,701,800,58,0.979745,0.971504
10,801,900,67,0.988948,0.974316
10,901,1000,62,0.985,0.958669
8,1,100,71,0.988762,0.980636
8,101,200,65,0.988341,0.976952
8,201,300,57,0.987599,0.968973
8,301,400,55,0.985917,0.965892
8,401,500,54,0.996867,0.984568
8,501,600,57,0.989568,0.960415
8,601,700,70,0.983243,0.958059
8,701,800,54,0.981171,0.93083
8,801,900,50,0.971475,0.950466
8,901,1000,49,0.983548,0.941723
11,1,100,52,0.979749,0.97776
11,101,200,58,0.978672,0.934302
11,201,300,56,0.972527,0.88507
11,301,400,60,0.974668,0.88429
11,401,500,65,0.981006,0.931444
11,501,600,55,0.982834,0.960954
11,601,700,53,0.981408,0.934079
11,701,800,48,0.988991,0.897338
11,801,900,54,0.977561,0.933036
11,901,1000,64,0.98582,0.92365
6,1,100,55,0.986513,0.936606
6,101,200,50,0.97435,0.915432
6,201,300,63,0.97927,0.903298
6,301,400,61,0.983591,0.920858
6,401,500,56,0.984723,0.965857
6,501,600,62,0.975417,0.903355
6,601,700,56,0.982595,0.965738
6,701,800,55,0.985319,0.947306
6,801,900,55,0.986941,0.921901
6,901,1000,65,0.972063,0.924397
6,1,100,62,0.973449,0.900582
6,101,200,61,0.980252,0.864448
6,201,300,63,0.970508,0.91229
6,301,400,61,0.967125,0.872351
6,401,500,63,0.982869,0.916047
6,501,600,64,0.980186,0.91597
6,601,700,56,0.984577,0.937257
6,701,800,57,0.988633,0.944301
6,801,900,52,0.971558,0.891659
6,901,1000,65,0.977003,0.896707
11,1,100,56,0.979448,0.916975
11,101,200,61,0.981232,0.964015
11,201,300,53,0.980068,0.937526
11,301,400,61,0.994248,0.993877
11,401,500,47,0.997951,0.979905
11,501,600,55,0.973432,0.885339
11,601,700,57,0.990699,0.970544
11,701,800,59,0.986913,0.942876
11,801,900,58,0.977549,0.918128
11,901,1000,47,0.986872,0.982549
5,1,100,59,0.988613,0.982533
5,101,200,62,0.989592,0.978741
5,201,300,52,0.966238,0.926267
5,301,400,64,0.983676,0.952228
5,401,500,58,0.974118,0.909037
5,501,600,57,0.97378,0.942958
5,601,700,65,0.970134,0.925052
5,701,800,62,0.985933,0.96022
5,801,900,58,0.967608,0.962103
5,901,1000,57,0.991445,0.98694
13,1,100,59,0.978529,0.966279
13,101,200,62,0.998362,0.983065
13,201,300,56,0.984966,0.955715
13,301,400,62,0.979628,0.906409
13,401,500,54,0.985611,0.945642
13,501,600,58,0.99019,0.952682
13,601,700,57,0.982442,0.905458
13,701,800,48,0.972475,0.906005
13,801,900,66,0.983373,0.952485
13,901,1000,63,0.976579,0.932116
16,1,100,54,0.981912,0.945267
16,101,200,69,0.978959,0.928106
16,201,300,57,0.991123,0.973515
16,301,400,57,0.981549,0.942996
16,401,500,70,0.995414,0.981905
16,501,600,51,0.992797,0.96179
16,601,700,53,0.994891,0.981971
16,701,800,61,0.990232,0.963853
16,801,900,60,0.981449,0.953837
16,901,1000,64,0.984861,0.93614
17,1,100,59,0.991616,0.972881
17,101,200,64,0.976293,0.927066
17,201,300,59,0.96759,0.902137
17,301,400,67,0.976474,0.925484
17,401,500,61,0.980243,0.959431
17,501,600,57,0.976422,0.94922
17,601,700,51,0.969317,0.925717
17,701,800,68,0.972134,0.918781
17,801,900,51,0.974633,0.93829
17,901,1000,62,0.986619,0.965624
4,1,100,64,0.994093,0.994056
4,101,200,59,0.984342,0.930004
4,201,300,64,0.993822,0.965721
4,301,400,60,0.9911,0.96428
4,401,500,55,0.976568,0.939628
4,501,600,54,0.98859,0.957316
4,601,700,58,0.996534,0.965568
4,701,800,58,0.993372,0.97865
4,801,900,62,0.98183,0.928047
4,901,1000,53,0.986068,0.912264
0,1,100,58,0.979243,0.930706
0,101,200,61,0.980967,0.876336
0,201,300,61,0.98707,0.9551
0,301,400,58,0.981847,0.954221
0,401,500,61,0.984955,0.967433
0,501,600,57,0.973466,0.926202
0,601,700,63,0.992254,0.950441
0,701,800,66,0.988533,0.941879
0,801,900,53,0.975918,0.923428
0,901,1000,50,0.987054,0.978349
7,1,100,68,0.987331,0.946067
7,101,200,58,0.973676,0.931015
7,201,300,50,0.973548,0.920535
7,301,400,56,0.992892,0.942361
7,401,500,57,0.979478,0.931411
7,501,600,47,0.993203,0.993203
7,601,700,55,0.976447,0.915634
7,701,800,54,0.987435,0.982819
7,801,900,62,0.983268,0.947192
7,901,1000,50,0.983768,0.963947
9,1,100,59,0.982224,0.973205
9,101,200,57,0.980799,0.921898
9,201,300,64,0.980755,0.947666
9,301,400,56,0.983509,0.973313
9,401,500,61,0.968474,0.93625
9,501,600,59,0.985399,0.936074
9,601,700,58,0.984524,0.96214
9,701,800,62,0.993556,0.970609
9,801,900,58,0.980445,0.943762
9,901,1000,55,0.973265,0.934555
8,1,100,63,0.977759,0.926707
8,101,200,58,0.974733,0.91684
8,201,300,61,0.989633,0.961593
8,301,400,53,0.980521,0.910121
8,401,500,57,0.982013,0.944407
8,501,600,57,0.97289,0.93836
8,601,700,53,0.976166,0.913682
8,701,800,52,0.967355,0.903017
8,801,900,57,0.978862,0.949065
8,901,1000,56,0.974235,0.916648
2,1,100,64,0.988675,0.967937
2,101,200,57,0.978152,0.926443
2,201,300,49,0.97265,0.918767
2,301,400,64,0.994356,0.980999
2,401,500,57,0.984948,0.965492
2,501,600,64,0.984245,0.936892
2,601,700,58,0.981465,0.930087
2,701,800,55,0.981879,0.917486
2,801,900,61,0.981513,0.946152
2,901,1000,51,0.984355,0.944337
0,1,100,56,0.983441,0.963872
0,101,200,60,0.98881,0.939956
0,201,300,58,0.992042,0.958461
0,301,400,59,0.991863,0.9672
0,401,500,57,0.984698,0.966474
0,501,600,56,0.990921,0.956184
0,601,700,56,0.975654,0.917574
0,701,800,65,0.99001,0.98013
0,801,900,53,0.978067,0.930937
0,901,1000,56,0.985272,0.979718
10,1,100,61,0.991159,0.991123
10,101,200,63,0.974765,0.920683
10,201,300,57,0.971387,0.91769
10,301,400,66,0.979597,0.942911
10,401,500,61,0.992475,0.979422
10,501,600,57,0.975188,0.972772
10,601,700,52,0.983242,0.924604
10,701,800,50,0.990075,0.970029
10,801,900,51,0.980544,0.92156
10,901,1000,57,0.987568,0.932548
0,1,100,40,0.978419,0.950357
17,1,100,63,0.992211,0.977249
17,101,200,51,0.986676,0.935879
17,201,300,55,0.99531,0.967273
17,301,400,61,0.990741,0.968761
17,401,500,63,0.994885,0.994885
17,501,600,58,0.998217,0.965517
17,601,700,60,0.998307,0.9825
17,701,800,58,0.982445,0.900148
17,801,900,54,0.991929,0.97624
17,901,1000,53,0.983366,0.919311
3,1,100,56,0.985213,0.947272
3,101,200,55,0.989091,0.989091
3,201,300,57,0.993218,0.974501
3,301,400,63,0.990166,0.969526
3,401,500,58,0.990408,0.955556
3,501,600,57,0.989462,0.949575
3,601,700,57,0.989494,0.973002
3,701,800,48,0.993295,0.965278
3,801,900,64,0.992115,0.952344
3,901,1000,58,0.991514,0.965326
2,1,100,56,0.985213,0.947272
2,101,200,55,0.989091,0.989091
2,201,300,57,0.993218,0.974501
2,301,400,63,0.990166,0.969526
2,401,500,58,0.990408,0.955556
2,501,600,57,0.989462,0.949575
2,601,700,57,0.989494,0.973002
2,701,800,48,0.993295,0.965278
2,801,900,64,0.992115,0.952344
2,901,1000,58,0.991514,0.965326
19,1,100,62,0.985536,0.944587
19,101,200,59,0.986532,0.969904
19,201,300,60,0.983277,0.96795
19,301,400,67,0.984927,0.958459
19,401,500,70,0.980516,0.935731
19,501,600,58,0.975501,0.943424
19,601,700,59,0.972192,0.922972
19,701,800,54,0.972407,0.953501
19,801,900,52,0.979898,0.954285
19,901,1000,57,0.984084,0.956555
5,1,100,56,0.982493,0.909408
5,101,200,58,0.985844,0.981214
5,201,300,63,0.988403,0.975974
5,301,400,62,0.976864,0.952102
5,401,500,59,0.977557,0.92534
5,501,600,53,0.971048,0.947551
5,601,700,57,0.988102,0.984412
5,701,800,52,0.989909,0.955612
5,801,900,56,0.986427,0.939152
5,901,1000,56,0.970412,0.934082
9,1,100,52,0.987323,0.974825
9,101,200,51,0.980547,0.930939
9,201,300,61,0.992104,0.952403
9,301,400,53,0.985944,0.932762
9,401,500,59,0.986495,0.91516
9,501,600,49,0.985417,0.968153
9,601,700,59,0.988219,0.922128
9,701,800,57,0.986574,0.96775
9,801,900,59,0.984364,0.954975
9,901,1000,56,0.984755,0.95754
18,1,100,65,0.986592,0.944831
18,101,200,65,0.988379,0.947873
18,201,300,57,0.996784,0.996784
18,301,400,48,0.995698,0.938657
18,401,500,60,0.990272,0.963796
18,501,600,56,0.9912,0.930754
18,601,700,52,0.991661,0.944608
18,701,800,57,0.994532,0.994358
18,801,900,55,0.985725,0.936417
18,901,1000,63,0.994157,0.978486
1,1,100,56,0.973387,0.947556
1,101,200,56,0.972871,0.948267
1,201,300,60,0.974812,0.904967
1,301,400,57,0.982581,0.938225
1,401,500,58,0.959288,0.913528
1,501,600,61,0.953021,0.911566
1,601,700,50,0.976715,0.962
1,701,800,48,0.986695,0.984009
1,801,900,56,0.977142,0.9539
1,901,1000,64,0.9845,0.952115
15,1,100,56,0.996515,0.965608
15,101,200,54,0.977933,0.924138
15,201,300,61,0.968527,0.906962
15,301,400,53,0.984284,0.947544
15,401,500,53,0.97138,0.924273
15,501,600,52,0.975596,0.93924
15,601,700,59,0.970016,0.922505
15,701,800,58,0.976227,0.911686
15,801,900,55,0.975874,0.929569
15,901,1000,62,0.968612,0.917806
9,1,100,61,0.970422,0.934876
9,101,200,62,0.978583,0.961683
9,201,300,57,0.966295,0.908171
9,301,400,54,0.951396,0.893552
9,401,500,60,0.980155,0.973148
9,501,600,45,0.969588,0.915356
9,601,700,57,0.988929,0.967386
9,701,800,59,0.954985,0.909639
9,801,900,53,0.994557,0.97673
9,901,1000,59,0.9833,0.970615
9,1,100,73,0.98015,0.953015
9,101,200,61,0.986245,0.928519
9,201,300,54,0.982045,0.96342
9,301,400,58,0.98787,0.981191
9,401,500,55,0.986946,0.971669
9,501,600,59,0.994265,0.963936
9,601,700,54,0.988639,0.984348
9,701,800,54,0.991654,0.980658
9,801,900,61,0.998335,0.982787
9,901,1000,54,0.990443,0.974126
14,1,100,59,0.975298,0.925711
14,101,200,57,0.977903,0.923657
14,201,300,65,0.972755,0.906909
14,301,400,62,0.977232,0.938356
14,401,500,61,0.981594,0.937186
14,501,600,54,0.989224,0.980585
14,601,700,56,0.975607,0.949471
14,701,800,68,0.975433,0.939018
14,801,900,63,0.984272,0.949534
14,901,1000,67,0.952618,0.865568
11,1,100,63,0.986304,0.968104
11,101,200,61,0.979442,0.947417
11,201,300,60,0.99746,0.981667
11,301,400,57,0.986667,0.956754
11,401,500,64,0.976976,0.923729
11,501,600,73,0.983662,0.950942
11,601,700,57,0.973899,0.923518
11,701,800,55,0.998254,0.982828
11,801,900,61,0.972825,0.965195
11,901,1000,54,0.993023,0.984891
2,1,100,57,0.986427,0.921672
2,101,200,61,0.978398,0.930475
2,201,300,52,0.971864,0.950053
2,301,400,68,0.979821,0.943573
2,401,500,62,0.966333,0.85048
2,501,600,64,0.987139,0.977188
2,601,700,67,0.977641,0.961157
2,701,800,69,0.985413,0.947021
2,801,900,57,0.970288,0.93218
2,901,1000,58,0.977943,0.917146
6,1,100,60,0.969603,0.881481
6,101,200,60,0.979658,0.953889
6,201,300,55,0.967714,0.932817
6,301,400,56,0.95894,0.886012
6,401,500,57,0.982009,0.976389
6,501,600,55,0.96848,0.945027
6,601,700,68,0.963086,0.869639
6,701,800,58,0.973372,0.961622
6,801,900,66,0.956755,0.916517
6,901,1000,64,0.970833,0.924555
3,1,100,56,0.977778,0.912802
3,101,200,59,0.989483,0.964548
3,201,300,58,0.986296,0.966842
3,301,400,51,0.991417,0.98368
3,401,500,53,0.974997,0.96322
3,501,600,60,0.973214,0.917207
3,601,700,65,0.988588,0.960171
3,701,800,57,0.992773,0.967446
3,801,900,60,0.990822,0.94537
3,901,1000,53,0.982808,0.904088
19,1,100,55,0.981645,0.921219
19,101,200,55,0.988759,0.927071
19,201,300,64,0.983522,0.934852
19,301,400,58,0.991667,0.991667
19,401,500,61,0.984073,0.954446
19,501,600,64,0.979294,0.927801
19,601,700,59,0.986853,0.945998
19,701,800,65,0.990123,0.973724
19,801,900,56,0.982302,0.942394
19,901,1000,57,0.978395,0.937221
13,1,100,57,0.986683,0.932141
13,101,200,61,0.977334,0.935272
13,201,300,53,0.991963,0.961641
13,301,400,62,0.99522,0.992622
13,401,500,57,0.970458,0.91854
13,501,600,55,0.966506,0.919332
13,601,700,59,0.972695,0.88716
13,701,800,65,0.982788,0.94035
13,801,900,50,0.961005,0.920062
13,901,1000,62,0.980771,0.93541
2,1,100,52,0.982083,0.910435
2,101,200,56,0.981413,0.957833
2,201,300,64,0.990618,0.937934
2,301,400,59,0.986,0.944821
2,401,500,62,0.989949,0.964158
2,501,600,56,0.997013,0.99628
2,601,700,57,0.987287,0.93861
2,701,800,62,0.994847,0.990549
2,801,900,58,0.993603,0.972222
2,901,1000,64,0.988506,0.968425
1,1,100,54,0.988921,0.963586
1,101,200,59,0.977661,0.954001
1,201,300,55,0.990237,0.945455
1,301,400,53,0.980946,0.936376
1,401,500,59,0.994459,0.967142
1,501,600,56,0.977124,0.955418
1,601,700,56,0.991524,0.967328
1,701,800,60,0.991632,0.990928
1,801,900,58,0.987478,0.956859
1,901,1000,51,0.988556,0.974891
7,1,100,57,0.982004,0.958804
7,101,200,62,0.979468,0.94449
7,201,300,55,0.985291,0.945687
7,301,400,57,0.974691,0.932824
7,401,500,63,0.973463,0.908256
7,501,600,54,0.978529,0.950892
7,601,700,58,0.974992,0.938605
7,701,800,64,0.988434,0.911202
7,801,900,63,0.986875,0.974283
7,901,1000,61,0.976226,0.923052
15,1,100,59,0.97986,0.948836
15,101,200,61,0.968986,0.93024
15,201,300,55,0.970859,0.889674
15,301,400,63,0.985642,0.954801
15,401,500,62,0.975778,0.959302
15,501,600,54,0.982911,0.965359
15,601,700,63,0.980821,0.952662
15,701,800,61,0.98864,0.979063
15,801,900,62,0.972441,0.910693
15,901,1000,63,0.985634,0.962257
7,1,100,65,0.963235,0.926755
7,101,200,52,0.977964,0.908301
7,201,300,54,0.981212,0.939129
7,301,400,50,0.962518,0.897477
7,401,500,60,0.953041,0.907797
7,501,600,62,0.935723,0.824713
7,601,700,69,0.954396,0.9031
7,701,800,57,0.968336,0.868569
7,801,900,65,0.961345,0.905799
7,901,1000,58,0.967503,0.882467
11,1,100,53,0.986611,0.962369
11,101,200,50,0.987111,0.987111
11,201,300,59,0.979658,0.970897
11,301,400,62,0.9838,0.934622
11,401,500,53,0.981646,0.941944
11,501,600,59,0.991057,0.960829
11,601,700,65,0.987754,0.954318
11,701,800,62,0.987334,0.930571
11,801,900,54,0.988596,0.940026
11,901,1000,61,0.995282,0.981378
19,1,100,64,0.978787,0.919259
19,101,200,58,0.988388,0.950287
19,201,300,55,0.992876,0.945051
19,301,400,60,0.991127,0.957407
19,401,500,53,0.989244,0.970295
19,501,600,47,0.989077,0.93505
19,601,700,58,0.990807,0.961143
19,701,800,64,0.992685,0.992057
19,801,900,52,0.985896,0.923774
19,901,1000,67,0.992126,0.944113
8,1,100,57,0.989044,0.939599
8,101,200,58,0.972871,0.94685
8,201,300,61,0.986667,0.956664
8,301,400,52,0.979657,0.957351
8,401,500,49,0.986395,0.986395
8,501,600,58,0.976513,0.948808
8,601,700,58,0.978295,0.915283
8,701,800,61,0.991643,0.95592
8,801,900,58,0.982159,0.955438
8,901,1000,49,0.978864,0.946712
1,1,100,54,0.987818,0.970038
1,101,200,57,0.990488,0.961441
1,201,300,58,0.974375,0.93296
1,301,400,56,0.986899,0.985379
1,401,500,55,0.975493,0.899646
1,501,600,64,0.992096,0.953342
1,601,700,53,0.991501,0.99146
1,701,800,60,0.985272,0.920019
1,801,900,52,0.978109,0.931845
1,901,1000,58,0.983369,0.926916
19,1,100,61,0.982803,0.944978
19,101,200,61,0.966764,0.918298
19,201,300,58,0.989798,0.957322
19,301,400,64,0.980991,0.964241
19,401,500,60,0.974856,0.906558
19,501,600,54,0.981864,0.934686
19,601,700,51,0.978475,0.901053
19,701,800,57,0.972389,0.867419
19,801,900,71,0.983783,0.969657
19,901,1000,50,0.977184,0.928339
17,1,100,60,0.991248,0.969167
17,101,200,50,0.998,0.998
17,201,300,54,0.987431,0.969962
17,301,400,60,0.990495,0.969907
17,401,500,61,0.994463,0.983607
17,501,600,59,0.995074,0.992923
17,601,700,65,0.994114,0.954872
17,701,800,49,0.986082,0.95605
17,801,900,58,0.997505,0.997329
17,901,1000,49,0.988946,0.982812
8,1,100,57,0.99375,0.981705
8,101,200,63,0.994268,0.994268
8,201,300,64,0.984734,0.950608
8,301,400,62,0.96875,0.94027
8,401,500,48,0.991592,0.958218
8,501,600,54,0.988781,0.948157
8,601,700,56,0.980811,0.953927
8,701,800,53,0.985243,0.955401
8,801,900,47,0.971175,0.913357
8,901,1000,63,0.981132,0.961156
17,1,100,62,0.986479,0.967543
17,101,200,59,0.975502,0.965524
17,201,300,56,0.986085,0.948961
17,301,400,57,0.984546,0.983869
17,401,500,58,0.983524,0.945546
17,501,600,56,0.977882,0.946636
17,601,700,59,0.975191,0.954908
17,701,800,68,0.974222,0.912149
17,801,900,61,0.989536,0.951093
17,901,1000,53,0.983808,0.931671
16,1,100,65,0.977883,0.960006
16,101,200,55,0.986469,0.912141
16,201,300,56,0.983425,0.956845
16,301,400,69,0.972529,0.876887
16,401,500,60,0.964087,0.918341
16,501,600,53,0.995912,0.995912
16,601,700,55,0.986812,0.912766
16,701,800,63,0.987903,0.972974
16,801,900,48,0.985185,0.928254
16,901,1000,59,0.993698,0.968173
15,1,100,60,0.980829,0.93751
15,101,200,57,0.994732,0.994691
15,201,300,59,0.996604,0.996521
15,301,400,54,0.985149,0.929554
15,401,500,56,0.985807,0.967956
15,501,600,59,0.975795,0.954567
15,601,700,62,0.995898,0.98056
15,701,800,51,0.967906,0.932472
15,801,900,64,0.987536,0.967103
15,901,1000,56,0.975886,0.958197
17,1,100,48,0.974331,0.945172
17,101,200,50,0.976752,0.958424
17,201,300,62,0.974773,0.955073
17,301,400,60,0.979395,0.948735
17,401,500,62,0.988222,0.97321
17,501,600,58,0.99454,0.99454
17,601,700,64,0.980975,0.963894
17,701,800,60,0.977042,0.924574
17,801,900,58,0.964199,0.91845
17,901,1000,52,0.975309,0.953216
3,1,100,53,0.979897,0.947437
3,101,200,51,0.977615,0.923234
3,201,300,65,0.990785,0.952772
3,301,400,52,0.990045,0.928739
3,401,500,53,0.988857,0.985259
3,501,600,50,0.984679,0.883333
3,601,700,56,0.964499,0.920026
3,701,800,58,0.995572,0.948372
3,801,900,54,0.988368,0.960031
3,901,1000,65,0.972088,0.941776
0,1,100,56,0.992762,0.971825
0,101,200,58,0.982122,0.917625
0,201,300,54,0.993282,0.958333
0,301,400,53,0.980269,0.941381
0,401,500,51,0.984335,0.965959
0,501,600,72,0.979515,0.919675
0,601,700,59,0.997507,0.981272
0,701,800,53,0.987582,0.965883
0,801,900,63,0.983954,0.938692
0,901,1000,57,0.993856,0.949369
17,1,100,62,0.990172,0.953282
17,101,200,59,0.987146,0.959709
17,201,300,55,0.982416,0.915036
17,301,400,58,0.989782,0.961768
17,401,500,54,0.986934,0.979978
17,501,600,55,0.996364,0.996364
17,601,700,60,0.98912,0.956759
17,701,800,57,0.97417,0.939806
17,801,900,44,0.970305,0.894367
17,901,1000,57,0.989399,0.97037
1,1,100,62,0.962769,0.904098
1,101,200,54,0.97547,0.902623
1,201,300,68,0.969705,0.926226
1,301,400,61,0.982264,0.942871
1,401,500,60,0.960913,0.848367
1,501,600,49,0.982557,0.937966
1,601,700,57,0.982759,0.90415
1,701,800,66,0.980239,0.890801
1,801,900,64,0.97689,0.918841
1,901,1000,61,0.967643,0.84352
18,1,100,49,0.99079,0.954208
18,101,200,64,0.992019,0.964933
18,201,300,62,0.974959,0.86923
18,301,400,55,0.971601,0.917614
18,401,500,64,0.969449,0.876503
18,501,600,52,0.977986,0.862197
18,601,700,50,0.973697,0.893789
18,701,800,59,0.979342,0.926676
18,801,900,61,0.990412,0.96267
18,901,1000,58,0.979996,0.956157
0,1,100,59,0.982391,0.966573
0,101,200,58,0.978955,0.94818
0,201,300,58,0.966605,0.911272
0,301,400,63,0.973102,0.956584
0,401,500,60,0.989766,0.94528
0,501,600,66,0.967634,0.912325
0,601,700,60,0.967223,0.928951
0,701,800,59,0.968827,0.896108
0,801,900,60,0.967698,0.930412
0,901,1000,57,0.969738,0.939511
18,1,100,55,0.980429,0.957683
18,101,200,64,0.983049,0.926982
18,201,300,67,0.988369,0.965391
18,301,400,65,0.983613,0.964162
18,401,500,59,0.982398,0.931092
18,501,600,50,0.982403,0.97726
18,601,700,57,0.989733,0.953899
18,701,800,59,0.972929,0.922835
18,801,900,58,0.977582,0.96713
18,901,1000,63,0.987097,0.978665
0,1,100,38,0.99594,0.970914
1,1,100,61,0.991526,0.950911
1,101,200,63,0.979605,0.945953
1,201,300,57,0.987362,0.954071
1,301,400,52,0.98985,0.98985
1,401,500,60,0.978212,0.967581
1,501,600,59,0.981949,0.927694
1,601,700,50,0.987102,0.935859
1,701,800,60,0.985654,0.954657
1,801,900,59,0.978917,0.934748
1,901,1000,52,0.986828,0.944608
3,1,100,56,0.980576,0.968552
3,101,200,61,0.966587,0.895517
3,201,300,61,0.977104,0.935565
3,301,400,64,0.988649,0.972636
3,401,500,61,0.975222,0.915585
3,501,600,48,0.984442,0.962303
3,601,700,50,0.978513,0.950333
3,701,800,61,0.984304,0.946175
3,801,900,58,0.967142,0.936273
3,901,1000,54,0.974269,0.95347
4,1,100,59,0.982914,0.89325
4,101,200,59,0.992347,0.992017
4,201,300,57,0.99594,0.981092
4,301,400,57,0.980742,0.957779
4,401,500,55,0.996925,0.984848
4,501,600,57,0.983937,0.945538
4,601,700,50,0.986731,0.951222
4,701,800,56,0.986585,0.96444
4,801,900,59,0.972463,0.922985
4,901,1000,58,0.978682,0.895754
15,1,100,64,0.988337,0.957617
15,101,200,57,0.981257,0.936184
15,201,300,55,0.981652,0.977699
15,301,400,63,0.977539,0.947107
15,401,500,56,0.990716,0.98853
15,501,600,57,0.990749,0.966794
15,601,700,51,0.980273,0.906872
15,701,800,59,0.990912,0.961322
15,801,900,55,0.976345,0.913815
15,901,1000,49,0.989744,0.988473
13,1,100,61,0.984154,0.948411
13,101,200,49,0.979504,0.936954
13,201,300,56,0.986988,0.968308
13,301,400,62,0.998454,0.984767
13,401,500,66,0.983954,0.963437
13,501,600,58,0.979845,0.952133
13,601,700,60,0.985342,0.940648
13,701,800,60,0.990677,0.969712
13,801,900,48,0.99401,0.985015
13,901,1000,61,0.985393,0.960159
4,1,100,61,0.982592,0.949751
4,101,200,59,0.983735,0.916398
4,201,300,58,0.990757,0.976245
4,301,400,55,0.971712,0.951957
4,401,500,43,0.991765,0.950258
4,501,600,47,0.992167,0.974232
4,601,700,54,0.999057,0.981481
4,701,800,67,0.98713,0.960748
4,801,900,60,0.988549,0.945882
4,901,1000,58,0.989287,0.93415
5,1,100,54,0.989069,0.961968
5,101,200,53,0.98603,0.962595
5,201,300,58,0.999138,0.999138
5,301,400,62,0.991881,0.944752
5,401,500,57,0.994267,0.984839
5,501,600,60,0.979623,0.953598
5,601,700,51,0.986875,0.957008
5,701,800,63,0.990188,0.961905
5,801,900,59,0.996377,0.932203
5,901,1000,56,0.987552,0.964612
10,1,100,61,0.988962,0.988808
10,101,200,56,0.979107,0.930368
10,201,300,57,0.956184,0.912309
10,301,400,55,0.989899,0.976799
10,401,500,63,0.985322,0.983542
10,501,600,67,0.990914,0.955887
10,601,700,53,0.980938,0.918741
10,701,800,55,0.969638,0.925842
10,801,900,64,0.977471,0.953501
10,901,1000,49,0.963744,0.902419
1,1,100,53,0.987904,0.973824
1,101,200,63,0.967831,0.907344
1,201,300,59,0.99565,0.949247
1,301,400,61,0.981306,0.938006
1,401,500,51,0.983395,0.965832
1,501,600,57,0.990862,0.935167
1,601,700,63,0.994705,0.994667
1,701,800,57,0.998214,0.981533
1,801,900,59,0.982247,0.914524
1,901,1000,60,0.98756,0.977974
7,1,100,57,0.996531,0.98163
7,101,200,51,0.993256,0.984553
7,201,300,60,0.989139,0.957086
7,301,400,58,0.992566,0.964666
7,401,500,48,0.986306,0.953125
7,501,600,66,0.990534,0.977919
7,601,700,59,0.99608,0.981733
7,701,800,68,0.99518,0.99518
7,801,900,61,0.985084,0.955633
7,901,1000,54,0.991724,0.990804
6,1,100,60,0.99436,0.981808
6,101,200,59,0.988714,0.962665
6,201,300,59,0.996749,0.982392
6,301,400,56,0.987296,0.943485
6,401,500,56,0.994157,0.965429
6,501,600,57,0.989334,0.936322
6,601,700,57,0.986785,0.952548
6,701,800,47,0.985867,0.963567
6,801,900,61,0.986264,0.962129
6,901,1000,56,0.999092,0.982143
7,1,100,62,0.983279,0.971243
7,101,200,59,0.975654,0.93162
7,201,300,55,0.982882,0.97101
7,301,400,55,0.978161,0.937119
7,401,500,62,0.966373,0.927641
7,501,600,52,0.96035,0.921458
7,601,700,62,0.984247,0.95437
7,701,800,59,0.988664,0.956955
7,801,900,62,0.960399,0.928802
7,901,1000,65,0.989936,0.942937
0,1,100,45,0.976005,0.901276
5,1,100,59,0.990308,0.958072
5,101,200,49,0.987252,0.9004
5,201,300,58,0.989404,0.960164
5,301,400,53,0.98469,0.927658
5,401,500,56,0.996676,0.983234
5,501,600,61,0.992731,0.962868
5,601,700,60,0.99537,0.99537
5,701,800,60,0.999153,0.983333
5,801,900,58,0.9918,0.92682
5,901,1000,50,0.984721,0.899111
13,1,100,60,0.989613,0.965604
13,101,200,60,0.985372,0.947227
13,201,300,53,0.992133,0.970289
13,301,400,60,0.98402,0.975139
13,401,500,61,0.983823,0.932605
13,501,600,61,0.989196,0.971129
13,601,700,62,0.992129,0.977673
13,701,800,68,0.982998,0.953385
13,801,900,49,0.977423,0.947732
13,901,1000,58,0.983268,0.949405
6,1,100,62,0.985648,0.95784
6,101,200,70,0.981753,0.91328
6,201,300,54,0.990943,0.97485
6,301,400,66,0.9948,0.966162
6,401,500,64,0.978626,0.94865
6,501,600,60,0.986486,0.916019
6,601,700,55,0.978821,0.950101
6,701,800,52,0.991155,0.95901
6,801,900,57,0.98276,0.967305
6,901,1000,65,0.972537,0.937576
14,1,100,55,0.999075,0.981818
14,101,200,63,0.988324,0.949735
14,201,300,57,0.988074,0.978773
14,301,400,56,0.995206,0.927632
14,401,500,67,0.976285,0.930974
14,501,600,59,0.980174,0.934403
14,601,700,58,0.999138,0.999138
14,701,800,60,0.986365,0.948519
14,801,900,56,0.982026,0.962212
14,901,1000,62,0.98426,0.960134
12,1,100,67,0.981289,0.932151
12,101,200,68,0.976555,0.947273
12,201,300,54,0.961203,0.878211
12,301,400,64,0.984507,0.944055
12,401,500,59,0.975138,0.908956
12,501,600,57,0.982066,0.982066
12,601,700,55,0.984277,0.955281
12,701,800,63,0.9771,0.952514
12,801,900,47,0.974359,0.915338
12,901,1000,59,0.977074,0.92159
11,1,100,61,0.986258,0.920097
11,101,200,64,0.995246,0.982031
11,201,300,63,0.993734,0.993697
11,301,400,63,0.991063,0.955002
11,401,500,61,0.99248,0.963163
11,501,600,63,0.982985,0.941461
11,601,700,71,0.991571,0.963786
11,701,800,57,0.991295,0.99057
11,801,900,62,0.992816,0.958269
11,901,1000,56,0.991143,0.980806
4,1,100,65,0.996184,0.981624
4,101,200,53,0.988745,0.943626
4,201,300,54,0.997118,0.961988
4,301,400,56,0.978282,0.890079
4,401,500,63,0.996517,0.985979
4,501,600,55,0.98615,0.961144
4,601,700,62,0.991776,0.956968
4,701,800,56,0.983803,0.959128
4,801,900,58,0.997468,0.98113
4,901,1000,52,0.997003,0.960526
11,1,100,57,0.976668,0.90837
11,101,200,61,0.968193,0.925324
11,201,300,51,0.979788,0.941757
11,301,400,67,0.961209,0.915202
11,401,500,59,0.962208,0.911936
11,501,600,57,0.957078,0.90051
11,601,700,60,0.974609,0.933669
11,701,800,60,0.956356,0.852169
11,801,900,67,0.959189,0.945584
11,901,1000,51,0.967415,0.924769
19,1,100,61,0.988387,0.919925
19,101,200,62,0.988092,0.94718
19,201,300,53,0.992304,0.961635
19,301,400,68,0.986738,0.955016
19,401,500,55,0.993943,0.964296
19,501,600,56,0.98338,0.956804
19,601,700,54,0.98879,0.932256
19,701,800,59,0.987884,0.94892
19,801,900,58,0.9812,0.951817
19,901,1000,60,0.981594,0.953079
2,1,100,58,0.946263,0.906182
2,101,200,62,0.936626,0.848725
2,201,300,63,0.946309,0.879419
2,301,400,72,0.964972,0.93067
2,401,500,59,0.967012,0.886759
2,501,600,62,0.968268,0.922976
2,601,700,52,0.954396,0.926838
2,701,800,56,0.947513,0.888101
2,801,900,67,0.965963,0.919775
2,901,1000,48,0.978411,0.969676
14,1,100,66,0.97123,0.924238
14,101,200,59,0.969097,0.926456
14,201,300,54,0.970686,0.931844
14,301,400,56,0.977476,0.972408
14,401,500,56,0.980065,0.970745
14,501,600,68,0.939841,0.802003
14,601,700,66,0.976684,0.975404
14,701,800,58,0.930313,0.863508
14,801,900,58,0.974702,0.957184
14,901,1000,58,0.967199,0.940613
0,1,100,65,0.989316,0.989316
0,101,200,55,0.989794,0.956263
0,201,300,64,0.96956,0.908763
0,301,400,61,0.989942,0.967441
0,401,500,62,0.971248,0.901882
0,501,600,59,0.99212,0.95373
0,601,700,50,0.983092,0.959424
0,701,800,70,0.98058,0.954112
0,801,900,49,0.982217,0.9619
0,901,1000,61,0.996903,0.969035
12,1,100,60,0.977357,0.960546
12,101,200,60,0.971309,0.919713
12,201,300,56,0.986904,0.980564
12,301,400,53,0.973633,0.900064
12,401,500,61,0.981185,0.911464
12,501,600,57,0.98082,0.936699
12,601,700,51,0.986817,0.979857
12,701,800,63,0.98487,0.943827
12,801,900,63,0.986065,0.955759
12,901,1000,59,0.985989,0.963004
19,1,100,54,0.987538,0.971968
19,101,200,61,0.970333,0.948377
19,201,300,62,0.986976,0.979633
19,301,400,51,0.985117,0.953149
19,401,500,64,0.990851,0.981775
19,501,600,60,0.986281,0.946795
19,601,700,62,0.992424,0.990404
19,701,800,58,0.986026,0.978645
19,801,900,47,0.993847,0.973759
19,901,1000,54,0.989484,0.9641
13,1,100,55,0.993937,0.964759
13,101,200,58,0.98998,0.961494
13,201,300,56,0.975547,0.913126
13,301,400,61,0.989797,0.970028
13,401,500,65,0.991285,0.979104
13,501,600,58,0.987993,0.966347
13,601,700,59,0.977758,0.950521
13,701,800,52,0.995103,0.976923
13,801,900,56,0.984542,0.95072
13,901,1000,60,0.991431,0.978589
2,1,100,62,0.986135,0.944534
2,101,200,65,0.974015,0.9069
2,201,300,62,0.971044,0.924453
2,301,400,64,0.985867,0.928875
2,401,500,56,0.982462,0.937579
2,501,600,58,0.977312,0.936742
2,601,700,57,0.975282,0.963284
2,701,800,61,0.983204,0.944672
2,801,900,64,0.991411,0.956817
2,901,1000,56,0.962952,0.886055
3,1,100,59,0.985172,0.945407
3,101,200,59,0.983238,0.924859
3,201,300,59,0.991423,0.974368
3,301,400,59,0.982944,0.934797
3,401,500,55,0.98038,0.941667
3,501,600,57,0.979409,0.943001
3,601,700,58,0.987799,0.951692
3,701,800,55,0.975633,0.957326
3,801,900,56,0.995588,0.963591
3,901,1000,55,0.991708,0.973176
0,1,100,47,0.947895,0.829199
7,1,100,54,0.969707,0.901251
7,101,200,62,0.974247,0.935043
7,201,300,65,0.98299,0.931538
7,301,400,64,0.987969,0.976213
7,401,500,56,0.998286,0.983135
7,501,600,65,0.979928,0.946399
7,601,700,68,0.980744,0.935326
7,701,800,55,0.985733,0.924747
7,801,900,60,0.984031,0.958765
7,901,1000,55,0.976314,0.922323
16,1,100,62,0.97601,0.914212
16,101,200,61,0.972349,0.93952
16,201,300,57,0.971336,0.91896
16,301,400,65,0.979969,0.94221
16,401,500,64,0.96398,0.870267
16,501,600,59,0.990862,0.96064
16,601,700,66,0.992616,0.952654
16,701,800,65,0.981063,0.942436
16,801,900,62,0.984552,0.958433
16,901,1000,57,0.968684,0.953743
6,1,100,50,0.990692,0.952727
6,101,200,67,0.990862,0.96273
6,201,300,63,0.986626,0.955081
6,301,400,59,0.973885,0.952974
6,401,500,57,0.983421,0.938015
6,501,600,54,0.975527,0.931274
6,601,700,57,0.988666,0.960956
6,701,800,50,0.995842,0.958
6,801,900,69,0.975535,0.935289
6,901,1000,54,0.979969,0.917335
12,1,100,54,0.985171,0.975931
12,101,200,61,0.990285,0.960049
12,201,300,60,0.986919,0.932618
12,301,400,63,0.991881,0.991845
12,401,500,55,0.996039,0.994372
12,501,600,60,0.99444,0.978616
12,601,700,56,1.0,1.0
12,701,800,55,0.992041,0.974483
12,801,900,49,0.998979,0.998926
12,901,1000,57,1.0,1.0
7,1,100,61,0.984972,0.933427
7,101,200,50,0.98614,0.95245
7,201,300,61,0.989369,0.960028
7,301,400,52,0.992966,0.969979
7,401,500,67,0.996212,0.98205
7,501,600,53,0.992127,0.938734
7,601,700,58,0.984551,0.95547
7,701,800,55,0.989532,0.969495
7,801,900,58,0.997468,0.98113
7,901,1000,60,0.98084,0.970936
10,1,100,66,0.981155,0.973184
10,101,200,47,0.971212,0.925436
10,201,300,57,0.989089,0.968338
10,301,400,55,0.988452,0.969928
10,401,500,64,0.988657,0.969878
10,501,600,57,0.978582,0.957873
10,601,700,66,0.990662,0.980063
10,701,800,71,0.97938,0.906679
10,801,900,56,0.992845,0.968122
10,901,1000,57,0.993371,0.980214
0,1,100,56,0.992789,0.973642
0,101,200,52,0.98268,0.964693
0,201,300,56,0.977429,0.953663
0,301,400,52,0.946802,0.865023
0,401,500,60,0.986076,0.98366
0,501,600,63,0.974062,0.943552
0,601,700,54,0.970954,0.948257
0,701,800,58,0.990121,0.973183
0,801,900,57,0.992201,0.960264
0,901,1000,52,0.973373,0.953238
3,1,100,59,0.980468,0.936401
3,101,200,57,0.98366,0.918089
3,201,300,54,0.980065,0.936425
3,301,400,63,0.981884,0.942887
3,401,500,67,0.993985,0.99005
3,501,600,55,0.992997,0.962174
3,601,700,59,0.971723,0.930132
3,701,800,57,0.990988,0.975341
3,801,900,65,0.987481,0.954087
3,901,1000,71,0.972977,0.947929
4,1,100,58,0.970907,0.91892
4,101,200,57,0.981917,0.927678
4,201,300,67,0.990986,0.976792
4,301,400,63,0.991481,0.971012
4,401,500,61,0.967029,0.945886
4,501,600,54,0.967942,0.930936
4,601,700,58,0.992146,0.992146
4,701,800,52,0.974839,0.94427
4,801,900,49,0.979622,0.929592
4,901,1000,65,0.958686,0.883338
15,1,100,59,0.984097,0.922339
15,101,200,57,0.985238,0.979781
15,201,300,58,0.973614,0.920753
15,301,400,57,0.984186,0.933094
15,401,500,56,0.973952,0.963912
15,501,600,51,0.992792,0.976253
15,601,700,64,0.990917,0.982734
15,701,800,51,0.981407,0.960845
15,801,900,58,0.977757,0.926123
15,901,1000,42,0.961224,0.922196
13,1,100,59,0.987601,0.977872
13,101,200,57,0.979489,0.938861
13,201,300,62,0.980185,0.962289
13,301,400,53,0.980013,0.963762
13,401,500,54,0.960024,0.934579
13,501,600,54,0.968551,0.922173
13,601,700,55,0.977778,0.953025
13,701,800,60,0.971608,0.955011
13,801,900,53,0.976556,0.940519
13,901,1000,57,0.979575,0.940305
19,1,100,60,0.993231,0.955185
19,101,200,55,0.988354,0.953815
19,201,300,68,0.997549,0.997549
19,301,400,62,0.994262,0.97899
19,401,500,62,0.997222,0.997222
19,501,600,48,0.990353,0.989525
19,601,700,65,0.994701,0.994701
19,701,800,61,0.997783,0.985428
19,801,900,62,0.99513,0.992473
19,901,1000,50,0.98747,0.932361
14,1,100,60,0.978495,0.944338
14,101,200,62,0.986652,0.96704
14,201,300,64,0.989949,0.93416
14,301,400,56,0.998214,0.998214
14,401,500,58,0.987711,0.936963
14,501,600,59,0.986506,0.959559
14,601,700,56,0.987042,0.964569
14,701,800,58,0.977679,0.958908
14,801,900,56,0.993176,0.971528
14,901,1000,59,0.98366,0.947759
12,1,100,54,0.989373,0.970748
12,101,200,52,0.990854,0.938462
12,201,300,53,0.991363,0.975472
12,301,400,69,0.98384,0.953274
12,401,500,63,0.991709,0.976014
12,501,600,51,0.978575,0.94937
12,601,700,51,0.995643,0.995643
12,701,800,62,0.998386,0.998345
12,801,900,59,0.996847,0.984087
12,901,1000,54,0.988209,0.961577
17,1,100,55,0.980185,0.940457
17,101,200,54,0.974243,0.95053
17,201,300,54,0.981052,0.909636
17,301,400,61,0.965842,0.923026
17,401,500,70,0.992609,0.973175
17,501,600,61,0.982571,0.955796
17,601,700,61,0.995189,0.97969
17,701,800,49,0.987,0.963776
17,801,900,56,0.978165,0.909278
17,901,1000,54,0.975691,0.917717
7,1,100,63,0.991039,0.978481
7,101,200,48,0.985465,0.95388
7,201,300,57,0.992092,0.958513
7,301,400,61,0.987665,0.972098
7,401,500,58,0.993552,0.963083
7,501,600,51,0.992302,0.945228
7,601,700,61,0.991704,0.974995
7,701,800,55,0.992412,0.925657
7,801,900,53,0.990544,0.970368
7,901,1000,53,0.989849,0.954105
18,1,100,58,0.965587,0.922149
18,101,200,63,0.969352,0.939947
18,201,300,55,0.97251,0.954175
18,301,400,61,0.977997,0.96416
18,401,500,65,0.972333,0.943677
18,501,600,58,0.966482,0.919732
18,601,700,55,0.956912,0.900025
18,701,800,48,0.970767,0.906372
18,801,900,58,0.973616,0.940216
18,901,1000,51,0.967871,0.885512
9,1,100,58,0.979816,0.93808
9,101,200,53,0.98408,0.944817
9,201,300,54,0.982649,0.944753
9,301,400,49,0.993585,0.988322
9,401,500,59,0.989657,0.95
9,501,600,61,0.986979,0.921956
9,601,700,60,0.976974,0.933426
9,701,800,60,0.977086,0.938517
9,801,900,56,0.974786,0.934388
9,901,1000,55,0.994444,0.977225
0,1,100,53,0.98455,0.953611
0,101,200,57,0.985686,0.942788
0,201,300,51,0.986221,0.979031
0,301,400,56,0.991815,0.964385
0,401,500,60,0.984224,0.950772
0,501,600,62,0.986852,0.96583
0,601,700,55,0.959936,0.902094
0,701,800,59,0.9859,0.943082
0,801,900,60,0.982627,0.937798
0,901,1000,61,0.981159,0.935549
8,1,100,64,0.979448,0.91454
8,101,200,62,0.964918,0.886226
8,201,300,47,0.981624,0.95721
8,301,400,59,0.973787,0.956424
8,401,500,62,0.966553,0.927419
8,501,600,63,0.970877,0.93751
8,601,700,56,0.966281,0.913247
8,701,800,56,0.984068,0.95469
8,801,900,56,0.969455,0.952596
8,901,1000,54,0.975943,0.909791
0,1,100,43,0.989412,0.987699
16,1,100,55,0.993631,0.993589
16,101,200,55,0.987255,0.970202
16,201,300,47,0.993485,0.973404
16,301,400,65,0.991066,0.976581
16,401,500,55,0.982945,0.978819
16,501,600,61,0.983324,0.977196
16,601,700,58,0.988879,0.949393
16,701,800,56,0.995225,0.994818
16,801,900,57,0.978605,0.940474
16,901,1000,52,0.993592,0.979167
16,1,100,63,0.993122,0.993122
16,101,200,60,0.975101,0.931857
16,201,300,52,0.986988,0.937874
16,301,400,59,0.95599,0.891694
16,401,500,61,0.98516,0.952833
16,501,600,67,0.955415,0.924414
16,601,700,60,0.987467,0.982117
16,701,800,62,0.966443,0.941695
16,801,900,63,0.986305,0.958706
16,901,1000,52,0.976634,0.948035
18,1,100,53,0.990722,0.943082
18,101,200,62,0.980931,0.914112
18,201,300,56,0.984891,0.935982
18,301,400,63,0.987108,0.944034
18,401,500,60,0.995108,0.980975
18,501,600,62,0.981064,0.954099
18,601,700,56,0.987005,0.908438
18,701,800,61,0.985907,0.943626
18,801,900,48,0.985096,0.953136
18,901,1000,57,0.983047,0.945188
4,1,100,62,0.989057,0.956019
4,101,200,49,0.964273,0.927765
4,201,300,63,0.962927,0.810273
4,301,400,60,0.984684,0.942465
4,401,500,62,0.983908,0.94797
4,501,600,67,0.988676,0.966296
4,601,700,54,0.97512,0.951698
4,701,800,47,0.987574,0.973361
4,801,900,60,0.985192,0.91012
4,901,1000,55,0.969945,0.878095
12,1,100,68,0.98288,0.965025
12,101,200,63,0.984302,0.934606
12,201,300,60,0.97331,0.924796
12,301,400,52,0.98183,0.966138
12,401,500,67,0.993439,0.979353
12,501,600,62,0.982287,0.935484
12,601,700,62,0.983239,0.957975
12,701,800,56,0.986654,0.968076
12,801,900,56,0.993295,0.925893
12,901,1000,56,0.977203,0.918606
0,1,100,53,0.986473,0.967982
0,101,200,59,0.99162,0.95096
0,201,300,47,0.996856,0.976491
0,301,400,54,0.993949,0.984382
0,401,500,49,0.994444,0.994444
0,501,600,57,0.991337,0.963071
0,601,700,65,0.994705,0.981548
0,701,800,60,0.995782,0.964041
0,801,900,66,0.997953,0.986532
0,901,1000,53,0.991716,0.946308
6,1,100,53,0.977756,0.966848
6,101,200,57,0.965323,0.92881
6,201,300,62,0.964402,0.920037
6,301,400,56,0.925571,0.82221
6,401,500,67,0.95855,0.894969
6,501,600,66,0.937076,0.894306
6,601,700,69,0.973039,0.923658
6,701,800,66,0.940493,0.883993
6,801,900,64,0.936656,0.884206
6,901,1000,65,0.971387,0.928504
2,1,100,65,0.994475,0.988592
2,101,200,58,0.985937,0.953289
2,201,300,58,0.98091,0.965358
2,301,400,58,0.982232,0.982232
2,401,500,53,0.999056,0.999007
2,501,600,56,0.983131,0.96952
2,601,700,54,0.992613,0.985597
2,701,800,55,0.987256,0.955297
2,801,900,56,0.978121,0.91487
2,901,1000,58,0.992516,0.992348
10,1,100,55,0.985894,0.983204
10,101,200,52,0.981655,0.917204
10,201,300,65,0.983108,0.947749
10,301,400,63,0.983978,0.9227
10,401,500,56,0.976949,0.923926
10,501,600,59,0.986405,0.956968
10,601,700,57,0.98474,0.96832
10,701,800,62,0.990229,0.957198
10,801,900,66,0.969333,0.888159
10,901,1000,61,0.9826,0.951181
13,1,100,54,0.981659,0.951912
13,101,200,53,0.988551,0.958046
13,201,300,56,0.977822,0.973024
13,301,400,63,0.978185,0.949284
13,401,500,49,0.983374,0.964991
13,501,600,63,0.988861,0.950176
13,601,700,57,0.979947,0.941862
13,701,800,49,0.981128,0.948885
13,801,900,60,0.977093,0.960592
13,901,1000,56,0.967215,0.919331
19,1,100,57,0.991947,0.952757
19,101,200,54,0.990974,0.954215
19,201,300,62,0.983791,0.967079
19,301,400,60,0.981561,0.962466
19,401,500,65,0.981073,0.965798
19,501,600,47,0.990469,0.970449
19,601,700,56,0.969113,0.935086
19,701,800,64,0.980024,0.937107
19,801,900,52,0.990576,0.970012
19,901,1000,59,0.976379,0.916151
16,1,100,62,0.972614,0.959965
16,101,200,64,0.985254,0.919535
16,201,300,46,0.988324,0.953623
16,301,400,54,0.980041,0.961167
16,401,500,60,0.972222,0.945643
16,501,600,56,0.991547,0.970139
16,601,700,60,0.976737,0.932499
16,701,800,54,0.983392,0.95363
16,801,900,62,0.975119,0.940885
16,901,1000,61,0.981752,0.951032
17,1,100,63,0.966137,0.933162
17,101,200,61,0.987789,0.968919
17,201,300,54,0.961962,0.915342
17,301,400,57,0.974816,0.951311
17,401,500,60,0.987571,0.971901
17,501,600,56,0.97687,0.905082
17,601,700,64,0.980171,0.964818
17,701,800,59,0.955345,0.880757
17,801,900,50,0.974421,0.953673
17,901,1000,61,0.973973,0.950154
0,1,100,47,0.992203,0.968541
8,1,100,65,0.986513,0.946118
8,101,200,57,0.996412,0.948343
8,201,300,56,0.987175,0.947222
8,301,400,51,0.987162,0.974292
8,401,500,63,0.980431,0.929697
8,501,600,61,0.988075,0.957377
8,601,700,50,0.994122,0.960222
8,701,800,60,0.989774,0.937734
8,801,900,66,0.985113,0.918369
8,901,1000,52,0.992901,0.991993
10,1,100,56,0.985164,0.932822
10,101,200,63,0.991044,0.989052
10,201,300,53,0.982714,0.950361
10,301,400,58,0.982965,0.96414
10,401,500,52,0.989374,0.918565
10,501,600,59,0.98463,0.954311
10,601,700,59,0.993103,0.980016
10,701,800,61,0.990608,0.961384
10,801,900,46,0.989401,0.988018
10,901,1000,54,0.996016,0.925926
11,1,100,58,0.976743,0.940225
11,101,200,57,0.946427,0.882896
11,201,300,52,0.956502,0.927237
11,301,400,60,0.9624,0.860372
11,401,500,44,0.99458,0.973106
11,501,600,60,0.974367,0.926636
11,601,700,60,0.978804,0.964851
11,701,800,62,0.977485,0.935407
11,801,900,67,0.98772,0.970541
11,901,1000,60,0.980849,0.970553
8,1,100,60,0.984848,0.948154
8,101,200,53,0.991469,0.990252
8,201,300,62,0.985566,0.919933
8,301,400,55,0.98361,0.946061
8,401,500,62,0.982988,0.958068
8,501,600,53,0.976127,0.928713
8,601,700,70,0.977827,0.951629
8,701,800,54,0.989947,0.969224
8,801,900,52,0.984343,0.978241
8,901,1000,49,0.972767,0.922002
1,1,100,64,0.991122,0.980469
1,101,200,54,0.993614,0.962346
1,201,300,59,0.980173,0.924485
1,301,400,59,0.988019,0.971202
1,401,500,64,0.985507,0.957771
1,501,600,60,0.996852,0.996852
1,601,700,53,0.987982,0.956945
1,701,800,58,0.991143,0.968534
1,801,900,60,0.984711,0.939985
1,901,1000,57,0.988018,0.947515
0,1,100,42,0.990035,0.967645
18,1,100,55,0.982192,0.940193
18,101,200,63,0.980108,0.922542
18,201,300,55,0.981517,0.934926
18,301,400,60,0.974787,0.953045
18,401,500,63,0.994888,0.979811
18,501,600,56,0.990253,0.961519
18,601,700,55,0.987596,0.956557
18,701,800,54,0.982879,0.885778
18,801,900,59,0.988869,0.944785
18,901,1000,55,0.965422,0.909896
12,1,100,58,0.976198,0.932131
12,101,200,74,0.97762,0.943829
12,201,300,59,0.977434,0.92129
12,301,400,57,0.977444,0.92284
12,401,500,58,0.985078,0.939902
12,501,600,60,0.992405,0.982222
12,601,700,47,0.978105,0.931173
12,701,800,65,0.974611,0.955192
12,801,900,53,0.984403,0.916407
12,901,1000,61,0.979117,0.914225
13,1,100,54,0.979463,0.964552
13,101,200,59,0.975015,0.948548
13,201,300,66,0.971937,0.950385
13,301,400,56,0.981532,0.96647
13,401,500,65,0.954554,0.8984
13,501,600,63,0.956513,0.903849
13,601,700,65,0.966833,0.920599
13,701,800,51,0.961866,0.932522
13,801,900,55,0.966026,0.931597
13,901,1000,62,0.971637,0.898415
12,1,100,58,0.995135,0.980556
12,101,200,63,0.986567,0.914168
12,201,300,60,0.966606,0.905795
12,301,400,64,0.987197,0.943692
12,401,500,64,0.985595,0.963154
12,501,600,59,0.986523,0.939307
12,601,700,61,0.985063,0.938585
12,701,800,59,0.989774,0.952291
12,801,900,66,0.982154,0.949097
12,901,1000,64,0.983576,0.959599
5,1,100,55,0.95609,0.886515
5,101,200,51,0.977259,0.917312
5,201,300,50,0.986284,0.961288
5,301,400,64,0.988141,0.945166
5,401,500,52,0.96844,0.894088
5,501,600,63,0.975123,0.938685
5,601,700,63,0.948871,0.866749
5,701,800,57,0.967071,0.944737
5,801,900,56,0.972781,0.964744
5,901,1000,53,0.986057,0.960377
10,1,100,56,0.968331,0.908176
10,101,200,54,0.98686,0.977551
10,201,300,61,0.993838,0.958652
10,301,400,52,0.982187,0.967949
10,401,500,58,0.987818,0.970572
10,501,600,55,0.986916,0.970741
10,601,700,49,0.984864,0.955404
10,701,800,57,0.991099,0.970814
10,801,900,63,0.987634,0.968695
10,901,1000,59,0.990575,0.946668
5,1,100,61,0.966835,0.90339
5,101,200,57,0.982946,0.934717
5,201,300,63,0.968478,0.937974
5,301,400,64,0.962211,0.912694
5,401,500,59,0.987654,0.965338
5,501,600,51,0.963643,0.945048
5,601,700,56,0.929916,0.889101
5,701,800,60,0.93355,0.894148
5,801,900,57,0.967669,0.937511
5,901,1000,61,0.965577,0.934628
14,1,100,59,0.978182,0.907159
14,101,200,63,0.984007,0.933162
14,201,300,50,0.98661,0.936947
14,301,400,51,0.971177,0.945219
14,401,500,60,0.986956,0.964918
14,501,600,66,0.98929,0.940473
14,601,700,56,0.987025,0.958774
14,701,800,58,0.980676,0.907567
14,801,900,60,0.988814,0.986111
14,901,1000,49,0.985985,0.892857
9,1,100,57,0.996121,0.978801
9,101,200,57,1.0,1.0
9,201,300,58,0.98742,0.987316
9,301,400,54,0.990991,0.989281
9,401,500,56,0.990378,0.974606
9,501,600,53,0.996199,0.962369
9,601,700,67,0.981496,0.92605
9,701,800,60,0.994178,0.950278
9,801,900,65,0.989321,0.963984
9,901,1000,64,0.993562,0.980184
11,1,100,57,0.97657,0.946279
11,101,200,58,0.981919,0.973108
11,201,300,56,0.979268,0.90984
11,301,400,64,0.986737,0.984117
11,401,500,57,0.986982,0.959993
11,501,600,55,0.966757,0.922244
11,601,700,55,0.992048,0.948451
11,701,800,65,0.980237,0.931058
11,801,900,60,0.982285,0.934215
11,901,1000,57,0.975701,0.895647
18,1,100,57,0.982984,0.952685
18,101,200,62,0.988293,0.957532
18,201,300,57,0.994562,0.946543
18,301,400,55,0.988332,0.956549
18,401,500,59,0.983021,0.941675
18,501,600,54,0.980913,0.953395
18,601,700,65,0.991399,0.967778
18,701,800,64,0.992921,0.964894
18,801,900,62,0.991053,0.975726
18,901,1000,57,0.984069,0.955175
5,1,100,58,0.994839,0.978544
5,101,200,55,0.99028,0.989595
5,201,300,55,0.965155,0.905104
5,301,400,51,0.989731,0.936332
5,401,500,65,0.976379,0.928046
5,501,600,55,0.968453,0.934739
5,601,700,63,0.994851,0.974721
5,701,800,59,0.981044,0.958603
5,801,900,58,0.961067,0.860144
5,901,1000,65,0.992895,0.960623
0,1,100,59,0.978786,0.946378
0,101,200,66,0.993143,0.951768
0,201,300,54,0.984598,0.926132
0,301,400,66,0.993905,0.964841
0,401,500,52,0.988417,0.947442
0,501,600,59,0.984419,0.954248
0,601,700,55,0.999091,0.999091
0,701,800,60,0.996197,0.996029
0,801,900,57,0.977606,0.898079
0,901,1000,52,0.990435,0.953843
6,1,100,59,0.99665,0.980603
6,101,200,58,0.95862,0.908127
6,201,300,65,0.984575,0.974748
6,301,400,65,0.978486,0.913604
6,401,500,65,0.959434,0.917583
6,501,600,57,0.96522,0.932688
6,601,700,64,0.984906,0.949291
6,701,800,61,0.990234,0.981846
6,801,900,56,0.968893,0.916994
6,901,1000,55,0.956459,0.898254
14,1,100,55,0.959434,0.939683
14,101,200,63,0.974529,0.941375
14,201,300,58,0.970962,0.938237
14,301,400,57,0.987052,0.961663
14,401,500,56,0.981955,0.968651
14,501,600,59,0.969031,0.94492
14,601,700,61,0.964192,0.939661
14,701,800,61,0.963643,0.917291
14,801,900,60,0.960317,0.924877
14,901,1000,57,0.964115,0.899822
5,1,100,60,0.978526,0.931803
5,101,200,57,0.987207,0.963404
5,201,300,65,0.98635,0.980615
5,301,400,53,0.961714,0.877509
5,401,500,61,0.979317,0.971501
5,501,600,55,0.988332,0.956498
5,601,700,51,0.966005,0.934055
5,701,800,65,0.96742,0.894823
5,801,900,58,0.966349,0.890458
5,901,1000,59,0.957162,0.895785
1,1,100,61,0.975301,0.927903
1,101,200,60,0.980062,0.978238
1,201,300,57,0.989287,0.95
1,301,400,62,0.981916,0.954438
1,401,500,65,0.972186,0.90291
1,501,600,63,0.985301,0.960696
1,601,700,54,0.972867,0.908873
1,701,800,58,0.976877,0.927906
1,801,900,65,0.978435,0.953492
1,901,1000,65,0.984383,0.944064
2,1,100,57,0.98665,0.919994
2,101,200,61,0.987087,0.974725
2,201,300,56,0.981659,0.919827
2,301,400,58,0.99637,0.947368
2,401,500,54,0.99494,0.994162
2,501,600,58,0.982238,0.980597
2,601,700,62,0.988236,0.969372
2,701,800,60,0.976883,0.974198
2,801,900,60,0.979446,0.924579
2,901,1000,55,0.991581,0.967576
8,1,100,60,0.957585,0.891502
8,101,200,50,0.962718,0.890514
8,201,300,56,0.975615,0.930455
8,301,400,62,0.965682,0.947151
8,401,500,54,0.975829,0.942007
8,501,600,61,0.963789,0.931772
8,601,700,64,0.967172,0.940494
8,701,800,59,0.972463,0.905271
8,801,900,58,0.972171,0.91681
8,901,1000,66,0.963086,0.904096
16,1,100,59,0.985782,0.960064
16,101,200,56,0.982709,0.96148
16,201,300,59,0.991605,0.948637
16,301,400,54,0.990219,0.933128
16,401,500,60,0.99151,0.989595
16,501,600,60,0.97198,0.917164
16,601,700,60,0.992165,0.979111
16,701,800,68,0.988259,0.952576
16,801,900,50,0.987107,0.939778
16,901,1000,60,0.985462,0.975119
5,1,100,58,0.984226,0.963415
5,101,200,51,0.980859,0.953714
5,201,300,62,0.995983,0.980481
5,301,400,64,0.98473,0.95952
5,401,500,53,0.991369,0.956484
5,501,600,61,0.993889,0.978372
5,601,700,59,0.992159,0.979428
5,701,800,60,0.998307,0.9825
5,801,900,55,0.990904,0.974276
5,901,1000,56,0.99487,0.962897
14,1,100,59,0.94246,0.915661
14,101,200,55,0.964224,0.924339
14,201,300,52,0.965779,0.961177
14,301,400,57,0.971264,0.910104
14,401,500,66,0.985634,0.945466
14,501,600,65,0.977876,0.937823
14,601,700,63,0.950505,0.925508
14,701,800,56,0.97183,0.920585
14,801,900,59,0.973879,0.955089
14,901,1000,56,0.962857,0.922699
3,1,100,53,0.983834,0.964259
3,101,200,54,0.978016,0.97619
3,201,300,57,0.945576,0.891829
3,301,400,61,0.991674,0.979245
3,401,500,59,0.97596,0.917702
3,501,600,59,0.97179,0.908815
3,601,700,58,0.976908,0.906413
3,701,800,55,0.9683,0.918841
3,801,900,54,0.971257,0.894526
3,901,1000,56,0.964559,0.921925
13,1,100,57,0.985525,0.953105
13,101,200,55,0.980629,0.924833
13,201,300,58,0.989844,0.950431
13,301,400,59,0.991856,0.966102
13,401,500,55,0.994404,0.991347
13,501,600,51,0.98628,0.959804
13,601,700,52,0.988981,0.924145
13,701,800,66,0.986066,0.91936
13,801,900,55,0.980405,0.934724
13,901,1000,56,0.990629,0.956809
