CHROM,BIN_START,BIN_END,N_VARIANTS,PI
7,1,100,12,0.0460128
7,101,200,19,0.053641
7,201,300,19,0.0619103
7,301,400,13,0.041359
7,401,500,14,0.0538846
7,501,600,14,0.0270641
7,601,700,13,0.0494103
7,701,800,13,0.0352821
7,801,900,12,0.0404103
7,901,1000,23,0.0773077
10,1,100,13,0.0351667
10,101,200,7,0.0173846
10,201,300,12,0.0279872
10,301,400,8,0.0175385
10,401,500,4,0.0145769
10,501,600,11,0.0356282
10,601,700,7,0.0284103
10,701,800,8,0.0198333
10,801,900,11,0.0246923
10,901,1000,10,0.034
4,1,100,7,0.00969231
4,101,200,4,0.00707692
4,201,300,10,0.0125385
4,301,400,2,0.00407692
4,401,500,7,0.00532051
4,501,600,7,0.0161282
4,601,700,7,0.0130256
4,701,800,4,0.0115128
4,801,900,11,0.016859
4,901,1000,6,0.00760256
7,1,100,5,0.0105256
7,101,200,5,0.0128462
7,201,300,7,0.0257692
7,301,400,4,0.00776923
7,401,500,8,0.0230128
7,501,600,6,0.0118846
7,601,700,10,0.0269872
7,701,800,11,0.0308077
7,801,900,8,0.0212308
7,901,1000,5,0.0148462
12,1,100,7,0.0113846
12,101,200,12,0.0297821
12,201,300,7,0.0164872
12,301,400,8,0.0157308
12,401,500,7,0.0132692
12,501,600,4,0.00382051
12,601,700,7,0.0190128
12,701,800,2,0.00434615
12,801,900,6,0.00928205
12,901,1000,7,0.0111538
14,1,100,9,0.0259231
14,101,200,9,0.0298974
14,201,300,5,0.0187821
14,301,400,11,0.0203077
14,401,500,6,0.0184615
14,501,600,5,0.0141667
14,601,700,7,0.0184103
14,701,800,6,0.0135641
14,801,900,6,0.0186154
14,901,1000,4,0.0167821
17,1,100,14,0.0350897
17,101,200,9,0.0243333
17,201,300,10,0.0246026
17,301,400,11,0.0271538
17,401,500,6,0.0152564
17,501,600,9,0.0104103
17,601,700,9,0.016859
17,701,800,14,0.0309487
17,801,900,10,0.0295128
17,901,1000,11,0.0280513
0,1,100,3,0.0135
0,101,200,10,0.0292436
0,201,300,9,0.0266282
0,301,400,8,0.0202821
0,401,500,8,0.0170513
0,501,600,5,0.0146282
0,601,700,9,0.0192436
0,701,800,4,0.00755128
0,801,900,10,0.0270513
0,901,1000,6,0.0114744
0,1,100,8,0.0365128
0,101,200,19,0.0747179
0,201,300,10,0.0370641
0,301,400,7,0.0185769
0,401,500,14,0.0506154
0,501,600,14,0.0438077
0,601,700,4,0.00894872
0,701,800,12,0.0412692
0,801,900,9,0.0415256
0,901,1000,8,0.0307179
12,1,100,9,0.0322821
12,101,200,7,0.018141
12,201,300,8,0.0156154
12,301,400,5,0.0182051
12,401,500,12,0.0226282
12,501,600,8,0.0213462
12,601,700,2,0.00573077
12,701,800,9,0.0226923
12,801,900,6,0.0110897
12,901,1000,9,0.0236795
0,1,100,9,0.0231923
0,101,200,19,0.0692564
0,201,300,17,0.0681923
0,301,400,7,0.0152564
0,401,500,18,0.0556667
0,501,600,11,0.0342436
0,601,700,14,0.0446282
0,701,800,17,0.0579615
0,801,900,11,0.0370897
0,901,1000,14,0.0414744
7,1,100,6,0.00811538
7,101,200,7,0.0175128
7,201,300,4,0.0136667
7,301,400,8,0.0159103
7,401,500,11,0.0242564
7,501,600,10,0.0159231
7,601,700,8,0.0163718
7,701,800,9,0.0174872
7,801,900,9,0.0135128
7,901,1000,10,0.0199231
17,1,100,5,0.0136282
17,101,200,4,0.00705128
17,201,300,10,0.027
17,301,400,8,0.0235128
17,401,500,7,0.0146282
17,501,600,4,0.00855128
17,601,700,11,0.0196795
17,701,800,10,0.021359
17,801,900,6,0.0164744
17,901,1000,4,0.00374359
19,1,100,9,0.0138077
19,101,200,10,0.0308718
19,201,300,8,0.0154487
19,301,400,9,0.0236026
19,401,500,11,0.0310769
19,501,600,4,0.0111282
19,601,700,9,0.0159487
19,701,800,11,0.0252436
19,801,900,7,0.0163462
19,901,1000,6,0.0142692
9,1,100,5,0.0064359
9,101,200,7,0.0106026
9,201,300,4,0.0085641
9,301,400,7,0.0157949
9,401,500,3,0.0015
9,501,600,3,0.00765385
9,601,700,4,0.00466667
9,701,800,4,0.00720513
9,801,900,6,0.0100897
9,901,1000,4,0.00507692
16,1,100,14,0.0491923
16,101,200,12,0.0452051
16,201,300,13,0.0392308
16,301,400,7,0.0212949
16,401,500,11,0.0317564
16,501,600,9,0.0226026
16,601,700,12,0.0387949
16,701,800,13,0.042359
16,801,900,9,0.0241667
16,901,1000,7,0.0195256
4,1,100,6,0.0265513
4,101,200,4,0.0112308
4,201,300,6,0.0108333
4,301,400,5,0.0171282
4,401,500,12,0.0413333
4,501,600,8,0.0164615
4,601,700,9,0.0241667
4,701,800,11,0.0333462
4,801,900,8,0.016
4,901,1000,5,0.00871795
3,1,100,9,0.0194231
3,101,200,7,0.0172436
3,201,300,7,0.0177949
3,301,400,9,0.0190513
3,401,500,8,0.0243205
3,501,600,6,0.0117564
3,601,700,14,0.0307821
3,701,800,11,0.0219359
3,801,900,9,0.0174487
3,901,1000,3,0.00808974
6,1,100,10,0.0295256
6,101,200,14,0.0335513
6,201,300,10,0.0193333
6,301,400,11,0.0372692
6,401,500,16,0.0345513
6,501,600,9,0.0115
6,601,700,6,0.019
6,701,800,13,0.0311282
6,801,900,8,0.016
6,901,1000,10,0.0299103
19,1,100,2,0.00346154
19,101,200,6,0.00853846
19,201,300,4,0.0049359
19,301,400,9,0.0125256
19,401,500,4,0.0145897
19,501,600,4,0.00708974
19,601,700,4,0.00751282
19,701,800,3,0.0050641
19,801,900,8,0.0217308
19,901,1000,3,0.00284615
0,1,100,15,0.0280897
0,101,200,8,0.0124615
0,201,300,11,0.0207436
0,301,400,14,0.0306282
0,401,500,15,0.0259103
0,501,600,12,0.0214231
0,601,700,18,0.0372179
0,701,800,13,0.0240385
0,801,900,11,0.0187564
0,901,1000,12,0.0240128
15,1,100,20,0.0518077
15,101,200,23,0.0499487
15,201,300,17,0.0410641
15,301,400,14,0.0294487
15,401,500,10,0.0251667
15,501,600,22,0.0549487
15,601,700,14,0.0327692
15,701,800,14,0.0331923
15,801,900,11,0.0259872
15,901,1000,17,0.0394615
16,1,100,6,0.00824359
16,101,200,5,0.0116667
16,201,300,8,0.00833333
16,301,400,6,0.0115256
16,401,500,10,0.00964103
16,501,600,6,0.00484615
16,601,700,10,0.0234872
16,701,800,5,0.00667949
16,801,900,8,0.00589744
16,901,1000,6,0.00534615
17,1,100,4,0.0114359
17,101,200,5,0.0114231
17,201,300,4,0.0118462
17,301,400,4,0.0149231
17,401,500,9,0.0192949
17,501,600,5,0.0181538
17,601,700,4,0.00919231
17,701,800,2,0.00403846
17,801,900,6,0.0200897
17,901,1000,12,0.0438974
2,1,100,13,0.0455385
2,101,200,13,0.0370128
2,201,300,14,0.046
2,301,400,14,0.0450256
2,401,500,13,0.0526667
2,501,600,8,0.0315769
2,601,700,6,0.0181538
2,701,800,13,0.045859
2,801,900,7,0.0159231
2,901,1000,14,0.0461667
14,1,100,19,0.0686667
14,101,200,18,0.0722821
14,201,300,13,0.0526154
14,301,400,16,0.0578333
14,401,500,9,0.0241667
14,501,600,18,0.0613846
14,601,700,21,0.0823974
14,701,800,16,0.0530513
14,801,900,9,0.0294487
14,901,1000,11,0.0365385
10,1,100,3,0.00324359
10,101,200,4,0.0148462
10,201,300,4,0.016359
10,301,400,1,0.00261538
10,401,500,2,0.00562821
10,501,600,9,0.0188333
10,601,700,10,0.0286154
10,701,800,5,0.00738462
10,801,900,6,0.00783333
10,901,1000,7,0.0286795
17,1,100,7,0.025
17,101,200,6,0.0147949
17,201,300,4,0.00507692
17,301,400,7,0.0172051
17,401,500,4,0.0085
17,501,600,5,0.00482051
17,601,700,2,0.00192308
17,701,800,3,0.00361538
17,801,900,1,0.0005
17,901,1000,4,0.0136154
14,1,100,8,0.0228846
14,101,200,8,0.0210897
14,201,300,6,0.021359
14,301,400,9,0.0129872
14,401,500,7,0.0131026
14,501,600,9,0.0216026
14,601,700,9,0.0321923
14,701,800,7,0.0174615
14,801,900,6,0.0164487
14,901,1000,9,0.0195128
4,1,100,7,0.0211667
4,101,200,10,0.0234615
4,201,300,9,0.0221154
4,301,400,11,0.0229359
4,401,500,20,0.0460256
4,501,600,8,0.0169231
4,601,700,7,0.0126923
4,701,800,9,0.0215513
4,801,900,9,0.0231923
4,901,1000,6,0.00965385
16,1,100,15,0.0309359
16,101,200,16,0.0446667
16,201,300,17,0.0384103
16,301,400,20,0.0522821
16,401,500,15,0.0326538
16,501,600,17,0.0448333
16,601,700,15,0.0417051
16,701,800,19,0.0435385
16,801,900,15,0.0387051
16,901,1000,16,0.0478718
18,1,100,10,0.0385385
18,101,200,14,0.0384744
18,201,300,4,0.00446154
18,301,400,8,0.0205256
18,401,500,8,0.0204103
18,501,600,6,0.0168846
18,601,700,14,0.0389872
18,701,800,6,0.0170897
18,801,900,8,0.0158974
18,901,1000,10,0.0257051
12,1,100,11,0.0261154
12,101,200,6,0.0152949
12,201,300,10,0.0219744
12,301,400,8,0.0234744
12,401,500,5,0.0143462
12,501,600,10,0.0291026
12,601,700,10,0.0240513
12,701,800,7,0.0141795
12,801,900,7,0.0196667
12,901,1000,8,0.011641
14,1,100,12,0.024141
14,101,200,4,0.0127308
14,201,300,10,0.0265128
14,301,400,8,0.0207308
14,401,500,8,0.0205513
14,501,600,7,0.0137051
14,601,700,6,0.0123846
14,701,800,12,0.0381026
14,801,900,6,0.0175128
14,901,1000,13,0.0260256
12,1,100,25,0.0877179
12,101,200,18,0.0873718
12,201,300,26,0.109667
12,301,400,23,0.0901154
12,401,500,25,0.108359
12,501,600,19,0.0737051
12,601,700,20,0.080859
12,701,800,15,0.0546154
12,801,900,17,0.0764359
12,901,1000,18,0.0811282
7,1,100,7,0.0159231
7,101,200,8,0.0123462
7,201,300,6,0.0138077
7,301,400,9,0.0201795
7,401,500,8,0.0179615
7,501,600,6,0.0102179
7,601,700,3,0.00289744
7,701,800,5,0.010641
7,801,900,5,0.00529487
7,901,1000,6,0.0167179
6,1,100,6,0.00842308
6,101,200,6,0.0154615
6,201,300,6,0.00844872
6,301,400,8,0.0191923
6,401,500,7,0.00539744
6,501,600,8,0.00861538
6,601,700,7,0.00933333
6,701,800,3,0.00679487
6,801,900,6,0.00747436
6,901,1000,8,0.00732051
8,1,100,11,0.026641
8,101,200,12,0.0306538
8,201,300,7,0.0136154
8,301,400,12,0.0281282
8,401,500,16,0.0338077
8,501,600,13,0.0385385
8,601,700,10,0.0268333
8,701,800,9,0.0140513
8,801,900,8,0.0254231
8,901,1000,11,0.027859
13,1,100,7,0.0216667
13,101,200,16,0.0523205
13,201,300,6,0.0137051
13,301,400,10,0.0285128
13,401,500,14,0.0468077
13,501,600,10,0.0289744
13,601,700,15,0.0558077
13,701,800,10,0.0287564
13,801,900,13,0.0337051
13,901,1000,13,0.0397564
19,1,100,8,0.0216923
19,101,200,5,0.00758974
19,201,300,3,0.00453846
19,301,400,14,0.027859
19,401,500,6,0.0215128
19,501,600,10,0.0270128
19,601,700,9,0.0294744
19,701,800,3,0.00989744
19,801,900,7,0.024641
19,901,1000,7,0.0286923
3,1,100,7,0.0183333
3,101,200,9,0.0220256
3,201,300,5,0.00864103
3,301,400,11,0.0306667
3,401,500,11,0.0406667
3,501,600,10,0.0183846
3,601,700,6,0.0172436
3,701,800,11,0.0313974
3,801,900,11,0.0361795
3,901,1000,5,0.0162308
9,1,100,3,0.0108462
9,101,200,7,0.00684615
9,201,300,6,0.00861538
9,301,400,4,0.00780769
9,401,500,9,0.0144487
9,501,600,6,0.0099359
9,601,700,9,0.0188205
9,701,800,9,0.0168333
9,801,900,11,0.0147692
9,901,1000,5,0.0181538
16,1,100,7,0.0147179
16,101,200,7,0.0128077
16,201,300,10,0.0222949
16,301,400,8,0.0141538
16,401,500,5,0.0129487
16,501,600,7,0.0162692
16,601,700,6,0.0139615
16,701,800,7,0.0145128
16,801,900,6,0.00789744
16,901,1000,6,0.00989744
19,1,100,10,0.0337436
19,101,200,12,0.0279744
19,201,300,5,0.0157949
19,301,400,3,0.011
19,401,500,14,0.0547179
19,501,600,7,0.0220897
19,601,700,6,0.0140256
19,701,800,14,0.0359487
19,801,900,5,0.0123846
19,901,1000,10,0.0374872
18,1,100,24,0.0521154
18,101,200,14,0.0279487
18,201,300,15,0.0124872
18,301,400,12,0.0155769
18,401,500,18,0.0306923
18,501,600,17,0.0273333
18,601,700,16,0.0236923
18,701,800,18,0.018641
18,801,900,12,0.00979487
18,901,1000,17,0.025359
18,1,100,14,0.0227051
18,101,200,14,0.0220513
18,201,300,14,0.0211538
18,301,400,12,0.0211538
18,401,500,20,0.0356667
18,501,600,16,0.0270641
18,601,700,13,0.0249872
18,701,800,9,0.0134487
18,801,900,14,0.0210897
18,901,1000,10,0.0166667
15,1,100,5,0.0112436
15,101,200,5,0.00566667
15,201,300,6,0.0102692
15,301,400,2,0.00274359
15,401,500,5,0.0149231
15,501,600,4,0.00926923
15,601,700,6,0.0127308
15,701,800,9,0.0169231
15,801,900,8,0.0170128
15,901,1000,6,0.0101154
6,1,100,5,0.0111154
6,101,200,9,0.0274103
6,201,300,8,0.027
6,301,400,13,0.038641
6,401,500,7,0.0289744
6,501,600,12,0.038859
6,601,700,8,0.0197051
6,701,800,7,0.0158718
6,801,900,6,0.0137051
6,901,1000,9,0.0244359
7,1,100,10,0.0394872
7,101,200,10,0.0409487
7,201,300,17,0.0571282
7,301,400,18,0.0647821
7,401,500,15,0.0570385
7,501,600,14,0.0463718
7,601,700,15,0.0537051
7,701,800,11,0.0399744
7,801,900,11,0.0424231
7,901,1000,23,0.0784231
3,1,100,3,0.00612821
3,101,200,5,0.0182692
3,201,300,9,0.0241795
3,301,400,9,0.0193718
3,401,500,6,0.0202949
3,501,600,5,0.0125256
3,601,700,7,0.0242051
3,701,800,2,0.00562821
3,801,900,4,0.00432051
3,901,1000,11,0.0280385
15,1,100,11,0.0275897
15,101,200,4,0.002
15,201,300,5,0.0118205
15,301,400,9,0.0200128
15,401,500,7,0.0169615
15,501,600,8,0.0192692
15,601,700,2,0.00725641
15,701,800,9,0.0166667
15,801,900,10,0.0227179
15,901,1000,4,0.0111026
13,1,100,7,0.011141
13,101,200,11,0.0254359
13,201,300,8,0.0130513
13,301,400,6,0.0118077
13,401,500,8,0.0156795
13,501,600,5,0.008
13,601,700,6,0.0140385
13,701,800,2,0.00592308
13,801,900,4,0.00826923
13,901,1000,10,0.0268974
13,1,100,9,0.0227821
13,101,200,11,0.0294231
13,201,300,9,0.019641
13,301,400,5,0.0132692
13,401,500,6,0.0125
13,501,600,6,0.0134231
13,601,700,8,0.0202949
13,701,800,7,0.00780769
13,801,900,10,0.0145
13,901,1000,8,0.0147949
12,1,100,7,0.0180641
12,101,200,6,0.00984615
12,201,300,3,0.00741026
12,301,400,4,0.00855128
12,401,500,4,0.00334615
12,501,600,6,0.00703846
12,601,700,5,0.0102051
12,701,800,2,0.001
12,801,900,7,0.00798718
12,901,1000,3,0.00376923
13,1,100,11,0.0423974
13,101,200,16,0.0557949
13,201,300,11,0.0410897
13,301,400,11,0.0469359
13,401,500,15,0.0547051
13,501,600,19,0.0589359
13,601,700,18,0.0568077
13,701,800,14,0.0578205
13,801,900,16,0.0646795
13,901,1000,22,0.0712949
11,1,100,5,0.0123462
11,101,200,4,0.0074359
11,201,300,7,0.0177179
11,301,400,7,0.0155
11,401,500,12,0.0311026
11,501,600,11,0.0242179
11,601,700,8,0.0144872
11,701,800,15,0.0311923
11,801,900,10,0.026641
11,901,1000,6,0.00815385
6,1,100,7,0.0201282
6,101,200,3,0.00197436
6,201,300,4,0.0055641
6,301,400,9,0.0165897
6,401,500,7,0.0185385
6,501,600,3,0.00642308
6,601,700,7,0.0126282
6,701,800,5,0.0075641
6,801,900,14,0.0284231
6,901,1000,9,0.0145769
4,1,100,6,0.0201667
4,101,200,10,0.0292692
4,201,300,16,0.0520128
4,301,400,15,0.0537436
4,401,500,7,0.0246538
4,501,600,8,0.0260513
4,601,700,7,0.0255128
4,701,800,9,0.0331538
4,801,900,16,0.0545385
4,901,1000,8,0.0282308
8,1,100,6,0.0167051
8,101,200,3,0.00829487
8,201,300,6,0.0150513
8,301,400,6,0.0170513
8,401,500,4,0.0120769
8,501,600,4,0.0102821
8,601,700,6,0.0108333
8,701,800,3,0.007
8,801,900,10,0.0349744
8,901,1000,5,0.00526923
6,1,100,3,0.0122692
6,101,200,2,0.00147436
6,201,300,4,0.00755128
6,401,500,3,0.00703846
6,501,600,3,0.0103974
6,601,700,2,0.00561538
6,701,800,6,0.00902564
6,801,900,3,0.0112051
6,901,1000,6,0.0141154
18,1,100,19,0.0349487
18,101,200,16,0.0361282
18,201,300,20,0.0424359
18,301,400,15,0.0260256
18,401,500,13,0.0306282
18,501,600,12,0.0195897
18,601,700,13,0.0254231
18,701,800,16,0.0364487
18,801,900,15,0.0313974
18,901,1000,9,0.0200256
16,1,100,21,0.0606282
16,101,200,14,0.0482564
16,201,300,6,0.0229487
16,301,400,17,0.0569231
16,401,500,7,0.0175
16,501,600,16,0.0541026
16,601,700,13,0.0508077
16,701,800,12,0.0374359
16,801,900,14,0.0466282
16,901,1000,17,0.0515128
9,1,100,10,0.0229231
9,101,200,9,0.0272949
9,201,300,14,0.0474744
9,301,400,9,0.0241923
9,401,500,16,0.0563462
9,501,600,15,0.0524231
9,601,700,9,0.0283846
9,701,800,14,0.0538974
9,801,900,8,0.0321667
9,901,1000,5,0.0242564
7,1,100,10,0.0308077
7,101,200,16,0.0464487
7,201,300,11,0.0281795
7,301,400,13,0.0414615
7,401,500,10,0.0234872
7,501,600,15,0.0414744
7,601,700,11,0.0320256
7,701,800,11,0.0393974
7,801,900,10,0.0344615
7,901,1000,8,0.0252949
1,1,100,10,0.0236795
1,101,200,12,0.0287692
1,201,300,12,0.0201538
1,301,400,10,0.027141
1,401,500,13,0.0268718
1,501,600,15,0.0345513
1,601,700,12,0.0285256
1,701,800,8,0.0174744
1,801,900,10,0.0200769
1,901,1000,8,0.0115513
19,1,100,9,0.0190256
19,101,200,8,0.0144359
19,201,300,11,0.0190385
19,301,400,8,0.0144615
19,401,500,16,0.0386667
19,501,600,10,0.0155897
19,601,700,11,0.0203718
19,701,800,10,0.0229103
19,801,900,15,0.0367051
19,901,1000,12,0.0248205
8,1,100,10,0.0416154
8,101,200,6,0.0166538
8,201,300,15,0.0597179
8,301,400,12,0.0526538
8,401,500,12,0.0433846
8,501,600,15,0.0649744
8,601,700,16,0.0660897
8,701,800,7,0.0227564
8,801,900,16,0.0655
8,901,1000,9,0.0350897
10,1,100,7,0.0210641
10,101,200,10,0.0125513
10,201,300,11,0.0319487
10,301,400,11,0.0332564
10,401,500,8,0.0146667
10,501,600,7,0.0199872
10,601,700,10,0.0282564
10,701,800,12,0.037141
10,801,900,13,0.0434872
10,901,1000,7,0.0212949
3,1,100,18,0.0681667
3,101,200,16,0.0635897
3,201,300,17,0.0585513
3,301,400,21,0.0824872
3,401,500,29,0.104872
3,501,600,16,0.0603718
3,601,700,20,0.0715641
3,701,800,11,0.0358205
3,801,900,16,0.0570897
3,901,1000,20,0.0784487
19,1,100,11,0.0283846
19,101,200,12,0.0286538
19,201,300,12,0.0409744
19,301,400,10,0.0294872
19,401,500,7,0.0209231
19,501,600,4,0.0115
19,601,700,11,0.0292051
19,701,800,12,0.0300385
19,801,900,16,0.0419359
19,901,1000,12,0.0362436
16,1,100,7,0.0125513
16,101,200,2,0.00634615
16,201,300,6,0.0108333
16,301,400,2,0.00147436
16,401,500,3,0.00787179
16,501,600,5,0.00784615
16,601,700,4,0.0101282
16,701,800,5,0.00479487
16,801,900,4,0.0104359
16,901,1000,7,0.0157564
7,1,100,14,0.0414487
7,101,200,8,0.0249103
7,201,300,8,0.0222564
7,301,400,16,0.0293333
7,401,500,5,0.0125385
7,501,600,8,0.0224359
7,601,700,7,0.0243462
7,701,800,8,0.0198205
7,801,900,10,0.022641
7,901,1000,11,0.0318718
15,1,100,12,0.0250513
15,101,200,10,0.0255513
15,201,300,11,0.0338077
15,301,400,6,0.0132949
15,401,500,8,0.0225128
15,501,600,10,0.0309231
15,601,700,15,0.0464359
15,701,800,14,0.0429103
15,801,900,8,0.0273462
15,901,1000,7,0.0225897
2,1,100,11,0.0187436
2,101,200,10,0.0268462
2,201,300,12,0.0284872
2,301,400,11,0.0294103
2,401,500,8,0.0333333
2,501,600,8,0.0140769
2,601,700,5,0.00755128
2,701,800,6,0.0168077
2,801,900,7,0.0191026
2,901,1000,7,0.0195256
14,1,100,11,0.0384103
14,101,200,17,0.0672692
14,201,300,20,0.063141
14,301,400,18,0.0536795
14,401,500,18,0.0535256
14,501,600,17,0.0432564
14,601,700,17,0.0450897
14,701,800,13,0.0461154
14,801,900,8,0.0217692
14,901,1000,11,0.0392821
5,1,100,7,0.0116026
5,101,200,7,0.0123077
5,201,300,12,0.0151026
5,301,400,7,0.0159359
5,401,500,7,0.00624359
5,501,600,5,0.00965385
5,601,700,7,0.0108205
5,701,800,4,0.0137821
5,801,900,6,0.0084359
5,901,1000,3,0.00742308
15,1,100,9,0.0157179
15,101,200,4,0.00524359
15,201,300,6,0.0125641
15,301,400,5,0.00961538
15,401,500,12,0.0225385
15,501,600,6,0.00574359
15,601,700,8,0.0107949
15,701,800,6,0.00953846
15,801,900,10,0.0163333
15,901,1000,12,0.014641
8,1,100,10,0.0386154
8,101,200,10,0.0289103
8,201,300,8,0.0212308
8,301,400,6,0.0227821
8,401,500,5,0.0162821
8,501,600,6,0.00867949
8,601,700,6,0.0148333
8,701,800,7,0.0150256
8,801,900,7,0.0127692
8,901,1000,7,0.0158718
4,1,100,8,0.0295128
4,101,200,6,0.015641
4,201,300,5,0.0177949
4,301,400,5,0.00919231
4,401,500,6,0.0214103
4,501,600,7,0.00905128
4,601,700,10,0.0179872
4,701,800,8,0.0249615
4,801,900,7,0.027
4,901,1000,8,0.0214615
2,1,100,6,0.0237949
2,101,200,16,0.0536795
2,201,300,13,0.0381538
2,301,400,9,0.0314744
2,401,500,14,0.0469872
2,501,600,6,0.0162179
2,601,700,5,0.0194744
2,701,800,11,0.0259872
2,801,900,7,0.0162692
2,901,1000,8,0.0216154
11,1,100,14,0.0305641
11,101,200,9,0.015859
11,201,300,13,0.0276026
11,301,400,14,0.0291923
11,401,500,13,0.0242692
11,501,600,12,0.0242436
11,601,700,7,0.0169744
11,701,800,13,0.0277051
11,801,900,16,0.0357179
11,901,1000,13,0.0275256
11,1,100,11,0.0256923
11,101,200,6,0.0181538
11,201,300,10,0.0411923
11,301,400,6,0.0122821
11,401,500,12,0.0229487
11,501,600,10,0.0305128
11,601,700,8,0.0206538
11,701,800,10,0.0213077
11,801,900,15,0.0442179
11,901,1000,9,0.0187051
4,1,100,7,0.0137949
4,101,200,10,0.0283718
4,201,300,7,0.0235
4,301,400,5,0.0153462
4,401,500,4,0.0115385
4,501,600,4,0.00689744
4,601,700,7,0.0111154
4,701,800,5,0.0108718
4,801,900,6,0.0153077
4,901,1000,6,0.025
14,1,100,6,0.00885897
14,101,200,10,0.0393846
14,201,300,9,0.0218846
14,301,400,10,0.0327821
14,401,500,7,0.0237821
14,501,600,12,0.0150256
14,601,700,8,0.0276795
14,701,800,6,0.0223846
14,801,900,12,0.0253974
14,901,1000,8,0.0230385
0,1,100,11,0.0309103
0,101,200,6,0.0119487
0,201,300,8,0.0175641
0,301,400,4,0.00292308
0,401,500,5,0.00779487
0,501,600,4,0.00384615
0,601,700,6,0.0200128
0,701,800,5,0.00646154
0,801,900,7,0.0123846
0,901,1000,10,0.0186538
3,1,100,9,0.0238846
3,101,200,6,0.0130513
3,201,300,7,0.0120128
3,301,400,10,0.016359
3,401,500,9,0.0228462
3,501,600,8,0.0152436
3,601,700,11,0.0301923
3,701,800,7,0.0172692
3,801,900,5,0.0106154
3,901,1000,5,0.0119615
18,1,100,7,0.00948718
18,101,200,11,0.0213846
18,201,300,13,0.0253974
18,301,400,8,0.0275513
18,401,500,11,0.0414744
18,501,600,7,0.0212179
18,601,700,13,0.0188718
18,701,800,10,0.0294103
18,801,900,8,0.0226538
18,901,1000,5,0.0142436
3,1,100,11,0.0336282
3,101,200,11,0.0301282
3,201,300,16,0.0478205
3,301,400,12,0.0245256
3,401,500,15,0.0492949
3,501,600,14,0.0441538
3,601,700,14,0.0433205
3,701,800,12,0.0294744
3,801,900,8,0.0135769
3,901,1000,4,0.0115769
2,1,100,7,0.0169615
2,101,200,7,0.00732051
2,201,300,5,0.0161026
2,301,400,9,0.0231667
2,401,500,7,0.0103077
2,501,600,8,0.0153718
2,601,700,5,0.012
2,701,800,7,0.00760256
2,801,900,5,0.00841026
2,901,1000,5,0.00928205
6,1,100,8,0.0139359
6,101,200,5,0.00342308
6,201,300,12,0.0123333
6,301,400,8,0.0137949
6,401,500,9,0.0114872
6,501,600,9,0.0111282
6,601,700,5,0.0110897
6,701,800,8,0.0101795
6,801,900,8,0.0146154
6,901,1000,12,0.0169487
15,1,100,4,0.00757692
15,101,200,4,0.00835897
15,201,300,5,0.00738462
15,301,400,5,0.0146795
15,401,500,5,0.00529487
15,501,600,8,0.0137179
15,601,700,6,0.0159872
15,701,800,8,0.0130641
15,801,900,4,0.00384615
15,901,1000,1,0.0005
1,1,100,3,0.0107564
1,101,200,5,0.0106795
1,201,300,11,0.0265897
1,301,400,7,0.0168205
1,401,500,7,0.0155513
1,501,600,5,0.0131667
1,601,700,6,0.0147308
1,701,800,8,0.0166795
1,801,900,6,0.0158077
1,901,1000,10,0.0206154
4,1,100,9,0.0193846
4,101,200,10,0.0262692
4,201,300,7,0.0129231
4,301,400,10,0.0181795
4,401,500,8,0.023641
4,501,600,15,0.0442821
4,601,700,8,0.0118462
4,701,800,9,0.0206795
4,801,900,10,0.0208333
4,901,1000,17,0.0343205
12,1,100,8,0.0120641
12,101,200,10,0.0194744
12,201,300,4,0.0109103
12,301,400,5,0.0134103
12,401,500,4,0.00689744
12,501,600,4,0.00474359
12,601,700,3,0.00419231
12,701,800,3,0.00776923
12,801,900,8,0.0135128
12,901,1000,4,0.00334615
0,1,100,7,0.0202692
0,101,200,11,0.0248077
0,201,300,5,0.0113077
0,301,400,12,0.0255
0,401,500,7,0.015641
0,501,600,7,0.0129359
0,601,700,10,0.0217308
0,701,800,11,0.0275641
0,801,900,7,0.0205256
0,901,1000,7,0.0165385
5,1,100,11,0.0371026
5,101,200,10,0.0283718
5,201,300,9,0.0201538
5,301,400,14,0.0228462
5,401,500,10,0.0318974
5,501,600,8,0.0282564
5,601,700,14,0.0341026
5,701,800,8,0.0136795
5,801,900,6,0.011141
5,901,1000,15,0.0461282
0,1,100,9,0.0224744
0,101,200,5,0.0193205
0,201,300,6,0.0151538
0,301,400,10,0.0382821
0,401,500,10,0.0314359
0,501,600,12,0.0400513
0,601,700,9,0.0247179
0,701,800,6,0.0183846
0,801,900,15,0.022359
0,901,1000,6,0.0244103
17,1,100,5,0.0116154
17,101,200,7,0.020141
17,201,300,8,0.027641
17,301,400,9,0.0235
17,401,500,7,0.0206154
17,501,600,10,0.0284872
17,601,700,5,0.0103718
17,701,800,8,0.0252564
17,801,900,2,0.00916667
17,901,1000,9,0.018859
19,1,100,6,0.0191282
19,101,200,9,0.0238077
19,201,300,5,0.0160385
19,301,400,9,0.0283205
19,401,500,6,0.0257692
19,501,600,4,0.0119744
19,601,700,8,0.0220513
19,701,800,8,0.0162179
19,801,900,6,0.0138462
19,901,1000,3,0.00812821
10,1,100,9,0.0156795
10,101,200,5,0.00516667
10,201,300,9,0.0213205
10,301,400,14,0.0298974
10,401,500,9,0.0155513
10,501,600,7,0.00846154
10,601,700,8,0.0200897
10,701,800,7,0.0197308
10,801,900,10,0.0196667
10,901,1000,10,0.0219744
18,1,100,15,0.0405385
18,101,200,12,0.0211923
18,201,300,10,0.0297436
18,301,400,7,0.0206667
18,401,500,4,0.0055641
18,501,600,5,0.0100128
18,601,700,6,0.0142436
18,701,800,6,0.00994872
18,801,900,8,0.020359
18,901,1000,9,0.0277564
9,1,100,10,0.0182308
9,101,200,9,0.0301538
9,201,300,9,0.0216282
9,301,400,6,0.0191154
9,401,500,10,0.0257949
9,501,600,2,0.00346154
9,601,700,9,0.0260385
9,701,800,9,0.0277051
9,801,900,6,0.0168205
9,901,1000,6,0.0175897
16,1,100,9,0.0260128
16,101,200,8,0.0127308
16,201,300,10,0.0248205
16,301,400,11,0.0222436
16,401,500,12,0.0342436
16,501,600,8,0.0189359
16,601,700,13,0.023859
16,701,800,11,0.027
16,801,900,15,0.0307564
16,901,1000,12,0.0340769
16,1,100,12,0.0343718
16,101,200,9,0.0225
16,201,300,8,0.0210128
16,301,400,6,0.0200128
16,401,500,10,0.0282308
16,501,600,15,0.0545385
16,601,700,9,0.0298333
16,701,800,14,0.0496282
16,801,900,6,0.0263846
16,901,1000,12,0.0444744
15,1,100,14,0.0626667
15,101,200,12,0.047359
15,201,300,9,0.0347436
15,301,400,16,0.0622692
15,401,500,19,0.0522949
15,501,600,17,0.0655641
15,601,700,12,0.049
15,701,800,19,0.0702308
15,801,900,14,0.0537308
15,901,1000,11,0.0396154
9,1,100,12,0.0386154
9,101,200,19,0.0558333
9,201,300,19,0.0592564
9,301,400,20,0.0663462
9,401,500,28,0.0821667
9,501,600,21,0.0594872
9,601,700,13,0.0341923
9,701,800,15,0.0512949
9,801,900,24,0.0727436
9,901,1000,22,0.075
5,1,100,7,0.0202308
5,101,200,11,0.0202051
5,201,300,10,0.0228974
5,301,400,4,0.00626923
5,401,500,10,0.0297436
5,501,600,5,0.00966667
5,601,700,9,0.0230769
5,701,800,5,0.0137692
5,801,900,8,0.0213333
5,901,1000,9,0.0197308
18,1,100,8,0.0238077
18,101,200,7,0.0235128
18,201,300,15,0.0546795
18,301,400,15,0.0410128
18,401,500,14,0.0417308
18,501,600,10,0.0357308
18,601,700,17,0.0595
18,701,800,9,0.0248718
18,801,900,13,0.0322436
18,901,1000,13,0.0366923
14,1,100,2,0.00530769
14,101,200,8,0.0172949
14,201,300,5,0.00894872
14,301,400,5,0.00929487
14,401,500,4,0.0158462
14,501,600,2,0.00735897
14,601,700,3,0.00992308
14,701,800,5,0.0101154
14,801,900,2,0.00147436
14,901,1000,7,0.0124744
8,1,100,6,0.00885897
8,101,200,8,0.0110513
8,201,300,6,0.0137949
8,301,400,12,0.021141
8,401,500,10,0.0250641
8,501,600,9,0.0143974
8,601,700,14,0.0314872
8,701,800,9,0.0139744
8,801,900,8,0.0153462
8,901,1000,11,0.0118077
8,1,100,15,0.0405
8,101,200,16,0.0314615
8,201,300,10,0.0228462
8,301,400,13,0.0412308
8,401,500,5,0.019
8,501,600,7,0.024
8,601,700,5,0.019
8,701,800,12,0.0436538
8,801,900,10,0.0332564
8,901,1000,12,0.0394872
18,1,100,8,0.0221026
18,101,200,10,0.0220641
18,201,300,8,0.0158718
18,301,400,4,0.00815385
18,401,500,7,0.0159872
18,501,600,8,0.034
18,601,700,7,0.0179231
18,701,800,5,0.0122051
18,801,900,6,0.0173846
18,901,1000,9,0.0220128
1,1,100,14,0.0301538
1,101,200,10,0.0255385
1,201,300,14,0.0276667
1,301,400,7,0.0145513
1,401,500,12,0.0415513
1,501,600,14,0.0317436
1,601,700,12,0.0418333
1,701,800,12,0.0244103
1,801,900,16,0.0330128
1,901,1000,9,0.0221026
1,1,100,9,0.0208846
1,101,200,10,0.0286026
1,201,300,8,0.0257692
1,301,400,9,0.0208077
1,401,500,9,0.0170897
1,501,600,4,0.0112308
1,601,700,6,0.0174359
1,701,800,4,0.00776923
1,801,900,9,0.0233846
1,901,1000,9,0.0172051
14,1,100,14,0.0549615
14,101,200,11,0.0315513
14,201,300,14,0.0462436
14,301,400,22,0.0756154
14,401,500,16,0.0724231
14,501,600,12,0.0480128
14,601,700,18,0.0720513
14,701,800,20,0.0780128
14,801,900,14,0.0543462
14,901,1000,17,0.0676667
7,1,100,5,0.0124872
7,101,200,7,0.0181795
7,201,300,6,0.00911538
7,301,400,8,0.0130897
7,401,500,5,0.00662821
7,501,600,6,0.0124103
7,601,700,4,0.0049359
7,701,800,6,0.00729487
7,801,900,4,0.00294872
7,901,1000,8,0.00955128
5,1,100,10,0.0245385
5,101,200,9,0.0162692
5,201,300,10,0.0207051
5,301,400,6,0.0108462
5,401,500,11,0.0234872
5,501,600,8,0.0294103
5,601,700,6,0.0129103
5,701,800,5,0.0112692
5,801,900,8,0.0184615
5,901,1000,3,0.00532051
1,1,100,8,0.0182821
1,101,200,15,0.0394359
1,201,300,13,0.0383846
1,301,400,8,0.0210385
1,401,500,14,0.0303077
1,501,600,12,0.0291923
1,601,700,16,0.0428974
1,701,800,6,0.0156795
1,801,900,10,0.0275513
1,901,1000,17,0.0395769
1,1,100,7,0.012141
1,101,200,10,0.012
1,201,300,7,0.0138077
1,301,400,4,0.00389744
1,401,500,8,0.0209231
1,501,600,12,0.0175385
1,601,700,7,0.0145
1,701,800,5,0.0104231
1,801,900,8,0.0203205
1,901,1000,11,0.0255385
9,1,100,10,0.0285897
9,101,200,4,0.0115385
9,201,300,3,0.00648718
9,301,400,4,0.0125641
9,401,500,5,0.00915385
9,501,600,6,0.0151026
9,601,700,6,0.0142692
9,701,800,9,0.0255769
9,801,900,8,0.0249872
9,901,1000,6,0.00811538
13,1,100,19,0.0466538
13,101,200,18,0.0443846
13,201,300,15,0.0441282
13,301,400,19,0.0522692
13,401,500,14,0.0427308
13,501,600,22,0.0492564
13,601,700,22,0.0664359
13,701,800,17,0.0509359
13,801,900,14,0.0378462
13,901,1000,13,0.0410385
7,1,100,8,0.0157821
7,101,200,13,0.0311667
7,201,300,9,0.0236667
7,301,400,9,0.0207949
7,401,500,10,0.0169744
7,501,600,10,0.0297821
7,601,700,8,0.0254744
7,701,800,7,0.0235897
7,801,900,9,0.0200128
7,901,1000,7,0.0211026
8,1,100,11,0.0264359
8,101,200,6,0.0146667
8,201,300,8,0.0215
8,301,400,8,0.0257179
8,401,500,8,0.0179872
8,501,600,8,0.0155897
8,601,700,7,0.0190641
8,701,800,10,0.0257436
8,801,900,11,0.0190385
8,901,1000,13,0.0315513
13,1,100,21,0.0641154
13,101,200,12,0.0451026
13,201,300,10,0.0366795
13,301,400,13,0.0585256
13,401,500,11,0.0472564
13,501,600,13,0.0551282
13,601,700,18,0.0694103
13,701,800,20,0.0765897
13,801,900,15,0.0583077
13,901,1000,8,0.025359
3,1,100,10,0.0277436
3,101,200,9,0.0284231
3,201,300,15,0.0367949
3,301,400,14,0.0352436
3,401,500,7,0.0173974
3,501,600,20,0.0642564
3,601,700,17,0.0581538
3,701,800,11,0.0285513
3,801,900,10,0.036
3,901,1000,19,0.0565385
4,1,100,12,0.0321282
4,101,200,12,0.0315641
4,201,300,9,0.0250128
4,301,400,15,0.0432692
4,401,500,11,0.0331154
4,501,600,5,0.0105769
4,601,700,11,0.0357564
4,701,800,8,0.0141795
4,801,900,10,0.0306923
4,901,1000,10,0.0260513
3,1,100,7,0.0172308
3,101,200,14,0.0451538
3,201,300,4,0.0089359
3,301,400,9,0.0200385
3,401,500,5,0.00739744
3,501,600,16,0.045641
3,601,700,8,0.00978205
3,701,800,10,0.0276282
3,801,900,11,0.0389615
3,901,1000,14,0.0392949
14,1,100,12,0.0323462
14,101,200,3,0.00428205
14,201,300,10,0.0243718
14,301,400,15,0.0402692
14,401,500,17,0.0475
14,501,600,18,0.0531282
14,601,700,11,0.0247949
14,701,800,7,0.0190513
14,801,900,3,0.00610256
14,901,1000,10,0.0232821
1,1,100,11,0.0147179
1,101,200,9,0.0129615
1,201,300,5,0.00733333
1,301,400,11,0.0178462
1,401,500,9,0.0183718
1,501,600,10,0.0133205
1,601,700,9,0.0127949
1,701,800,12,0.0194359
1,801,900,13,0.025141
1,901,1000,12,0.0222949
6,1,100,7,0.0109231
6,101,200,9,0.0178462
6,201,300,7,0.013
6,301,400,8,0.0159744
6,401,500,6,0.00866667
6,501,600,13,0.0266154
6,601,700,10,0.0188846
6,701,800,15,0.0334103
6,801,900,7,0.013359
6,901,1000,7,0.0228974
18,1,100,13,0.0168462
18,101,200,8,0.0120769
18,201,300,18,0.0183077
18,301,400,11,0.0153462
18,401,500,11,0.0104615
18,501,600,6,0.00674359
18,601,700,12,0.0142564
18,701,800,9,0.00876923
18,801,900,13,0.0209872
18,901,1000,10,0.00879487
11,1,100,10,0.0259359
11,101,200,9,0.0310897
11,201,300,10,0.0233718
11,301,400,9,0.0237308
11,401,500,9,0.0226923
11,501,600,8,0.017359
11,601,700,10,0.037141
11,701,800,10,0.0355897
11,801,900,8,0.0288462
11,901,1000,13,0.0408077
13,1,100,11,0.0265385
13,101,200,13,0.0325385
13,201,300,2,0.00147436
13,301,400,3,0.0070641
13,401,500,4,0.0110641
13,501,600,11,0.0258846
13,601,700,5,0.00815385
13,701,800,11,0.0212051
13,801,900,6,0.00817949
13,901,1000,5,0.0102179
5,1,100,2,0.00234615
5,101,200,4,0.00387179
5,201,300,3,0.00380769
5,301,400,10,0.0134231
5,401,500,10,0.0106795
5,501,600,2,0.001
5,601,700,3,0.00289744
5,701,800,4,0.002
5,801,900,6,0.00487179
5,901,1000,7,0.0171667
2,1,100,9,0.0324872
2,101,200,7,0.0094359
2,201,300,9,0.0245769
2,301,400,11,0.0271282
2,401,500,5,0.0186026
2,501,600,9,0.0324872
2,601,700,6,0.0162692
2,701,800,9,0.0223077
2,801,900,10,0.0387564
2,901,1000,3,0.0107308
5,1,100,8,0.0316667
5,101,200,9,0.0352179
5,201,300,9,0.0246795
5,301,400,10,0.0207179
5,401,500,7,0.0224487
5,501,600,10,0.0371795
5,601,700,11,0.0207436
5,701,800,11,0.0295513
5,801,900,12,0.0477821
5,901,1000,13,0.0476154
9,1,100,6,0.0079359
9,101,200,9,0.0112564
9,201,300,7,0.00711538
9,301,400,8,0.0139872
9,401,500,6,0.00712821
9,501,600,5,0.0100897
9,601,700,5,0.00765385
9,701,800,9,0.0102821
9,801,900,4,0.00891026
9,901,1000,7,0.0111282
11,1,100,4,0.00817949
11,101,200,9,0.0120641
11,201,300,6,0.0103205
11,301,400,7,0.0106026
11,401,500,8,0.0146538
11,501,600,4,0.00633333
11,601,700,2,0.00448718
11,701,800,9,0.0106795
11,801,900,5,0.0110641
11,901,1000,9,0.0112564
8,1,100,9,0.0171026
8,101,200,9,0.0341538
8,201,300,4,0.0127692
8,301,400,9,0.0289615
8,401,500,10,0.0298333
8,501,600,7,0.0223718
8,601,700,8,0.014359
8,701,800,8,0.0246154
8,801,900,11,0.0237949
8,901,1000,6,0.0115385
8,1,100,12,0.0402692
8,101,200,3,0.0100128
8,201,300,7,0.0140256
8,301,400,12,0.0291538
8,401,500,12,0.0354231
8,501,600,10,0.033359
8,601,700,11,0.0218974
8,701,800,11,0.0246667
8,801,900,9,0.0252564
8,901,1000,5,0.0074359
10,1,100,13,0.0251026
10,101,200,12,0.0276923
10,201,300,12,0.0391538
10,301,400,8,0.0268205
10,401,500,11,0.0443974
10,501,600,14,0.0401026
10,601,700,11,0.019859
10,701,800,13,0.0299231
10,801,900,5,0.0134103
10,901,1000,12,0.0280128
1,1,100,7,0.0216667
1,101,200,8,0.0266538
1,201,300,7,0.0216667
1,301,400,8,0.0126026
1,401,500,8,0.0160256
1,501,600,7,0.025859
1,601,700,12,0.0206538
1,701,800,7,0.0203974
1,801,900,9,0.0289615
1,901,1000,8,0.0216154
5,1,100,13,0.0467179
5,101,200,12,0.0426154
5,201,300,8,0.0288333
5,301,400,7,0.0253205
5,401,500,13,0.0427692
5,501,600,9,0.0195128
5,601,700,8,0.0198462
5,701,800,10,0.0238205
5,801,900,11,0.0318718
5,901,1000,8,0.0267821
15,1,100,20,0.0784231
15,101,200,18,0.0592179
15,201,300,21,0.0742436
15,301,400,11,0.0429103
15,401,500,11,0.0350641
15,501,600,19,0.0649231
15,601,700,14,0.0525897
15,701,800,12,0.0434615
15,801,900,17,0.0648333
15,901,1000,20,0.0614359
0,1,100,7,0.0146154
0,101,200,10,0.0257564
0,201,300,11,0.0279103
0,301,400,10,0.0334615
0,401,500,7,0.0114615
0,501,600,12,0.0362692
0,601,700,9,0.0181795
0,701,800,7,0.016141
0,801,900,11,0.0219615
0,901,1000,11,0.028359
12,1,100,14,0.043
12,101,200,16,0.0560385
12,201,300,13,0.0420769
12,301,400,13,0.0476795
12,401,500,12,0.0412051
12,501,600,20,0.0621154
12,601,700,15,0.054359
12,701,800,11,0.0426282
12,801,900,11,0.0260385
12,901,1000,15,0.0501154
12,1,100,8,0.0235128
12,101,200,11,0.0338462
12,201,300,7,0.0305128
12,301,400,6,0.0108846
12,401,500,3,0.00814103
12,501,600,8,0.0117564
12,601,700,8,0.0151538
12,701,800,7,0.0127308
12,801,900,8,0.0176154
12,901,1000,3,0.00819231
9,1,100,8,0.0177692
9,101,200,9,0.0315
9,201,300,8,0.0227692
9,301,400,10,0.0237564
9,401,500,8,0.0121923
9,501,600,5,0.0132051
9,601,700,7,0.0197564
9,701,800,6,0.0146154
9,801,900,6,0.0162308
9,901,1000,9,0.017859
13,1,100,5,0.0122051
13,101,200,5,0.0111538
13,201,300,1,0.0005
13,301,400,6,0.0194615
13,401,500,2,0.00147436
13,501,600,4,0.00673077
13,601,700,8,0.0139103
13,701,800,8,0.0267821
13,801,900,7,0.0128205
13,901,1000,6,0.0127949
17,1,100,9,0.0171667
17,101,200,12,0.0143974
17,201,300,8,0.0196282
17,301,400,13,0.0347308
17,401,500,8,0.0153205
17,501,600,14,0.0317692
17,601,700,13,0.0343974
17,701,800,12,0.0321154
17,801,900,10,0.0233846
17,901,1000,12,0.015641
17,1,100,6,0.0189231
17,101,200,11,0.0352564
17,201,300,6,0.0184359
17,301,400,6,0.0101026
17,401,500,9,0.0254872
17,501,600,6,0.00944872
17,601,700,7,0.0210897
17,701,800,11,0.0320128
17,801,900,9,0.0228846
17,901,1000,9,0.0249103
5,1,100,5,0.00564103
5,101,200,7,0.00587179
5,201,300,5,0.00564103
5,301,400,8,0.0178974
5,401,500,6,0.00748718
5,501,600,9,0.0112051
5,601,700,6,0.00614103
5,701,800,10,0.0187051
5,801,900,9,0.0102308
5,901,1000,10,0.0210641
5,1,100,11,0.0386154
5,101,200,11,0.0383462
5,201,300,22,0.0966026
5,301,400,11,0.0452949
5,401,500,13,0.0324872
5,501,600,12,0.0446667
5,601,700,10,0.0425128
5,701,800,14,0.0550256
5,801,900,13,0.0379103
5,901,1000,17,0.0659103
15,1,100,14,0.0347308
15,101,200,14,0.0413205
15,201,300,12,0.0315256
15,301,400,14,0.0294359
15,401,500,11,0.0245385
15,501,600,12,0.0258077
15,601,700,10,0.029141
15,701,800,14,0.033141
15,801,900,11,0.0264359
15,901,1000,10,0.0241282
6,1,100,9,0.0237821
6,101,200,6,0.0230385
6,201,300,9,0.0232436
6,301,400,6,0.0162692
6,401,500,11,0.0364231
6,501,600,6,0.0158462
6,601,700,8,0.0277692
6,701,800,7,0.0190897
6,801,900,4,0.011359
6,901,1000,9,0.0178462
10,1,100,5,0.0118205
10,101,200,8,0.0172179
10,201,300,7,0.0137949
10,301,400,13,0.0401667
10,401,500,10,0.025359
10,501,600,11,0.0317051
10,601,700,7,0.0137436
10,701,800,12,0.0420897
10,801,900,8,0.0244744
10,901,1000,7,0.0194744
8,1,100,3,0.00376923
8,101,200,6,0.0180769
8,201,300,5,0.0135769
8,301,400,4,0.00907692
8,401,500,3,0.0135
8,501,600,9,0.0317051
8,601,700,7,0.0179359
8,701,800,6,0.0214359
8,801,900,3,0.00684615
8,901,1000,7,0.0194744
3,1,100,6,0.00733333
3,101,200,2,0.00147436
3,201,300,5,0.00692308
3,301,400,6,0.00997436
3,401,500,5,0.010359
3,501,600,5,0.00432051
3,601,700,2,0.00634615
3,701,800,5,0.0135128
3,801,900,3,0.0105385
3,901,1000,4,0.0127051
11,1,100,7,0.00966667
11,101,200,2,0.00470513
11,201,300,8,0.0309359
11,301,400,11,0.0334872
11,401,500,5,0.0166923
11,501,600,4,0.0161923
11,601,700,7,0.0117821
11,701,800,5,0.0157692
11,801,900,8,0.020859
11,901,1000,5,0.0102692
11,1,100,11,0.0405
11,101,200,18,0.054
11,201,300,11,0.0393718
11,301,400,13,0.0407436
11,401,500,13,0.0435897
11,501,600,11,0.040359
11,601,700,12,0.0494359
11,701,800,10,0.0460513
11,801,900,10,0.0238974
11,901,1000,8,0.0317179
12,1,100,6,0.0158846
12,101,200,7,0.0191795
12,201,300,5,0.0143077
12,301,400,7,0.0187564
12,401,500,4,0.00746154
12,501,600,8,0.0225
12,601,700,9,0.0335897
12,701,800,11,0.0315128
12,801,900,9,0.0254615
12,901,1000,16,0.0517051
17,1,100,4,0.0108205
17,101,200,9,0.0233462
17,201,300,10,0.0252051
17,301,400,9,0.0259487
17,401,500,8,0.0164103
17,501,600,7,0.0216154
17,601,700,10,0.0324615
17,701,800,15,0.0446923
17,801,900,10,0.0301795
17,901,1000,13,0.0344744
1,1,100,11,0.0330769
1,101,200,12,0.0230513
1,201,300,9,0.0228205
1,301,400,15,0.0503077
1,401,500,14,0.0369359
1,501,600,12,0.0359615
1,601,700,3,0.00732051
1,701,800,7,0.0155385
1,801,900,6,0.0219744
1,901,1000,7,0.0245385
5,1,100,7,0.0154615
5,101,200,6,0.0193462
5,201,300,10,0.0187949
5,301,400,15,0.0297949
5,401,500,9,0.022141
5,501,600,9,0.0229359
5,601,700,10,0.0308974
5,701,800,3,0.00573077
5,801,900,7,0.0155513
5,901,1000,6,0.0145128
17,1,100,8,0.013859
17,101,200,7,0.0179744
17,201,300,9,0.0177436
17,301,400,8,0.0180256
17,401,500,5,0.00653846
17,501,600,3,0.00361538
17,601,700,3,0.00860256
17,701,800,9,0.0223846
17,801,900,3,0.00332051
17,901,1000,2,0.00608974
3,1,100,8,0.0193333
3,101,200,10,0.0205897
3,201,300,10,0.0286923
3,301,400,7,0.0190641
3,401,500,10,0.0323077
3,501,600,5,0.0129615
3,601,700,6,0.016859
3,701,800,6,0.0192949
3,801,900,6,0.0187436
3,901,1000,7,0.015359
2,1,100,14,0.05
2,101,200,14,0.0417051
2,201,300,21,0.0902179
2,301,400,14,0.0545769
2,401,500,15,0.0560128
2,501,600,9,0.0415897
2,601,700,15,0.0502179
2,701,800,13,0.0579359
2,801,900,22,0.0944231
2,901,1000,19,0.086859
19,1,100,12,0.0186154
19,101,200,13,0.0306282
19,201,300,8,0.0147564
19,301,400,12,0.0253077
19,401,500,9,0.0248077
19,501,600,12,0.0261282
19,601,700,9,0.0171154
19,701,800,12,0.0237436
19,801,900,10,0.0166026
19,901,1000,19,0.0489872
10,1,100,16,0.0450256
10,101,200,12,0.0305769
10,201,300,10,0.0232949
10,301,400,8,0.0287949
10,401,500,5,0.0106538
10,501,600,6,0.0198462
10,601,700,10,0.0254615
10,701,800,10,0.0294231
10,801,900,11,0.0327308
10,901,1000,14,0.0371282
13,1,100,18,0.0805
13,101,200,12,0.0499744
13,201,300,4,0.0155385
13,301,400,12,0.0526282
13,401,500,10,0.0385385
13,501,600,5,0.0251667
13,601,700,9,0.0394359
13,701,800,10,0.0370641
13,801,900,5,0.0198462
13,901,1000,8,0.04
4,1,100,10,0.0280897
4,101,200,15,0.0338462
4,201,300,6,0.00880769
4,301,400,17,0.0306923
4,401,500,14,0.0232051
4,501,600,18,0.0295513
4,601,700,14,0.0240769
4,701,800,8,0.0168462
4,801,900,17,0.0270256
4,901,1000,22,0.0463846
2,1,100,10,0.0163462
2,101,200,12,0.0232051
2,201,300,11,0.0143462
2,301,400,12,0.0196667
2,401,500,8,0.0216923
2,501,600,12,0.0219231
2,601,700,6,0.0140128
2,701,800,13,0.0309103
2,801,900,9,0.0218205
2,901,1000,11,0.0272051
19,1,100,5,0.00891026
19,101,200,9,0.0272949
19,201,300,4,0.0069359
19,301,400,7,0.0251538
19,401,500,3,0.0129872
19,501,600,7,0.0143846
19,601,700,5,0.0119615
19,701,800,9,0.0254103
19,801,900,5,0.0186026
19,901,1000,2,0.00458974
15,1,100,7,0.0241795
15,101,200,10,0.0426026
15,201,300,14,0.0428974
15,301,400,8,0.0210641
15,401,500,12,0.0299487
15,501,600,11,0.0356923
15,601,700,8,0.0223333
15,701,800,12,0.0281795
15,801,900,6,0.014141
15,901,1000,7,0.0185128
10,1,100,7,0.0181795
10,101,200,12,0.0283333
10,201,300,7,0.0222821
10,301,400,2,0.00608974
10,401,500,10,0.0257821
10,501,600,10,0.0142821
10,601,700,6,0.0112821
10,701,800,8,0.0143205
10,801,900,6,0.0176795
10,901,1000,3,0.00966667
17,1,100,7,0.0148846
17,101,200,12,0.0305385
17,201,300,10,0.0289359
17,301,400,11,0.0220641
17,401,500,9,0.0189872
17,501,600,15,0.0329359
17,601,700,10,0.0262692
17,701,800,11,0.0251795
17,801,900,9,0.0154615
17,901,1000,8,0.0177949
0,1,100,7,0.0175897
0,101,200,2,0.001
0,201,300,4,0.00294872
0,301,400,5,0.00751282
0,401,500,4,0.00728205
0,501,600,4,0.00716667
0,601,700,7,0.0123077
0,701,800,5,0.00957692
0,801,900,3,0.00289744
0,901,1000,2,0.00147436
12,1,100,11,0.0341923
12,101,200,8,0.0271538
12,201,300,6,0.0161538
12,301,400,8,0.0234615
12,401,500,12,0.0372179
12,501,600,10,0.0269615
12,601,700,6,0.0194103
12,701,800,8,0.0169231
12,801,900,8,0.0207051
12,901,1000,8,0.0261795
9,1,100,4,0.00725641
9,101,200,9,0.0201026
9,201,300,15,0.0425385
9,301,400,9,0.0150128
9,401,500,5,0.0111667
9,501,600,10,0.0164231
9,601,700,10,0.0224615
9,701,800,5,0.0119744
9,801,900,8,0.0185897
9,901,1000,5,0.0130513
6,1,100,11,0.0263462
6,101,200,10,0.0257821
6,201,300,8,0.0167821
6,301,400,14,0.0407436
6,401,500,11,0.0315897
6,501,600,13,0.0332051
6,601,700,12,0.0298974
6,701,800,9,0.0218974
6,801,900,13,0.0348077
6,901,1000,14,0.034359
7,1,100,3,0.00580769
7,101,200,7,0.00939744
7,201,300,8,0.0135
7,301,400,4,0.00507692
7,401,500,4,0.00374359
7,501,600,7,0.0187179
7,601,700,7,0.00812821
7,701,800,5,0.00616667
7,801,900,5,0.00973077
7,901,1000,11,0.0260897
2,1,100,8,0.0213974
2,101,200,7,0.0237692
2,201,300,13,0.0529487
2,301,400,7,0.0219744
2,401,500,8,0.0220128
2,501,600,8,0.0266667
2,601,700,11,0.0331026
2,701,800,4,0.00478205
2,801,900,6,0.0177179
2,901,1000,7,0.0256795
0,1,100,7,0.0134872
0,101,200,5,0.0133846
0,201,300,3,0.00324359
0,301,400,8,0.0174359
0,401,500,8,0.0220897
0,501,600,8,0.0208333
0,601,700,6,0.0147179
0,701,800,10,0.0245385
0,801,900,6,0.0122179
0,901,1000,11,0.024859
11,1,100,6,0.0188205
11,101,200,7,0.0177821
11,201,300,11,0.0369872
11,301,400,5,0.015859
11,401,500,10,0.0289487
11,501,600,8,0.0200256
11,601,700,5,0.00875641
11,701,800,10,0.0318077
11,801,900,12,0.0141154
11,901,1000,6,0.0114103
10,1,100,6,0.0113718
10,101,200,8,0.0228333
10,201,300,9,0.017359
10,301,400,7,0.0235769
10,401,500,14,0.0462692
10,501,600,13,0.0452179
10,601,700,12,0.00973077
10,701,800,12,0.0225769
10,801,900,7,0.0150897
10,901,1000,7,0.0095
14,1,100,9,0.0303077
14,101,200,17,0.0482564
14,201,300,9,0.0277949
14,301,400,12,0.0328846
14,401,500,13,0.0398974
14,501,600,5,0.0135513
14,601,700,11,0.0342436
14,701,800,9,0.0275
14,801,900,5,0.0144615
14,901,1000,5,0.0174359
18,1,100,5,0.00762821
18,101,200,3,0.00523077
18,201,300,8,0.0193718
18,301,400,3,0.00382051
18,401,500,8,0.0232179
18,501,600,5,0.0107051
18,601,700,8,0.0166923
18,701,800,7,0.015141
18,801,900,12,0.0285
18,901,1000,8,0.0204744
2,1,100,20,0.0608205
2,101,200,10,0.0270385
2,201,300,10,0.0359487
2,301,400,11,0.0386282
2,401,500,16,0.0575769
2,501,600,14,0.035359
2,601,700,10,0.0228205
2,701,800,10,0.0224487
2,801,900,14,0.0568077
2,901,1000,7,0.0272179
9,1,100,9,0.0223718
9,101,200,4,0.0130897
9,201,300,3,0.0104487
9,301,400,5,0.0157179
9,401,500,6,0.0188974
9,501,600,6,0.0113205
9,601,700,4,0.00860256
9,701,800,6,0.0219359
9,801,900,5,0.00297436
9,901,1000,12,0.0243846
13,1,100,7,0.0149231
13,101,200,10,0.0319615
13,201,300,7,0.0172692
13,301,400,3,0.00426923
13,401,500,8,0.0193462
13,501,600,10,0.0301282
13,601,700,5,0.00923077
13,701,800,11,0.0206154
13,801,900,7,0.0147692
13,901,1000,10,0.0322821
10,1,100,8,0.00987179
10,101,200,12,0.0235769
10,201,300,6,0.0165385
10,301,400,9,0.0165
10,401,500,8,0.0124615
10,501,600,9,0.0164744
10,601,700,11,0.0222308
10,701,800,7,0.0197179
10,801,900,6,0.017859
10,901,1000,13,0.0317308
11,1,100,8,0.0175128
11,101,200,10,0.0300256
11,201,300,11,0.0336538
11,301,400,14,0.040141
11,401,500,10,0.0404103
11,501,600,6,0.0167564
11,601,700,6,0.0183462
11,701,800,12,0.0446154
11,801,900,12,0.0425256
11,901,1000,14,0.0459872
1,1,100,11,0.0409487
1,101,200,11,0.0418462
1,201,300,14,0.048359
1,301,400,11,0.0361538
1,401,500,10,0.0376923
1,501,600,12,0.042141
1,601,700,3,0.0055641
1,701,800,11,0.042641
1,801,900,11,0.0431923
1,901,1000,13,0.0513077
6,1,100,12,0.0294231
6,101,200,8,0.026359
6,201,300,9,0.0304615
6,301,400,13,0.0292564
6,401,500,4,0.0110897
6,501,600,9,0.0225385
6,601,700,10,0.0272821
6,701,800,7,0.0176795
6,801,900,9,0.025141
6,901,1000,9,0.0285385
16,1,100,6,0.00939744
16,101,200,3,0.00332051
16,201,300,5,0.00648718
16,301,400,4,0.00969231
16,401,500,6,0.0145769
16,501,600,8,0.018
16,601,700,14,0.0318333
16,701,800,5,0.00807692
16,801,900,9,0.0173974
16,901,1000,11,0.0210641
2,1,100,15,0.0477949
2,101,200,19,0.062141
2,201,300,9,0.0244103
2,301,400,15,0.0504487
2,401,500,18,0.0416795
2,501,600,14,0.0426667
2,601,700,12,0.0463077
2,701,800,17,0.0502179
2,801,900,13,0.0472436
2,901,1000,16,0.0452051
4,1,100,8,0.0229744
4,101,200,8,0.016859
4,201,300,2,0.00480769
4,301,400,6,0.0113205
4,401,500,3,0.00530769
4,501,600,7,0.0139744
4,601,700,4,0.00807692
4,701,800,3,0.00721795
4,801,900,7,0.018
4,901,1000,2,0.00192308
19,1,100,12,0.0228462
19,101,200,12,0.0265513
19,201,300,21,0.0423846
19,301,400,18,0.0527051
19,401,500,12,0.0265256
19,501,600,7,0.0101282
19,601,700,12,0.0167692
19,701,800,13,0.0273846
19,801,900,20,0.0439359
19,901,1000,7,0.0145769
16,1,100,12,0.0355256
16,101,200,13,0.0311667
16,201,300,12,0.0364359
16,301,400,17,0.0340513
16,401,500,17,0.0536923
16,501,600,11,0.0253205
16,601,700,12,0.0253333
16,701,800,9,0.0325
16,801,900,8,0.0196795
16,901,1000,12,0.0321795
11,1,100,6,0.00801282
11,101,200,5,0.00861538
11,201,300,7,0.0159744
11,301,400,13,0.0248077
11,401,500,5,0.00529487
11,501,600,7,0.00817949
11,601,700,6,0.0129487
11,701,800,7,0.0168205
11,801,900,7,0.0140769
11,901,1000,7,0.0106923
