CHROM,BIN_START,BIN_END,N_VARIANTS,PI
19,1,100,6,0.01
19,101,200,8,0.0169615
19,201,300,4,0.00458974
19,301,400,9,0.0135897
19,401,500,9,0.015641
19,501,600,4,0.006
19,601,700,7,0.0166923
19,701,800,7,0.0137949
19,801,900,5,0.00434615
19,901,1000,9,0.0231282
14,1,100,18,0.0597051
14,101,200,18,0.0560897
14,201,300,11,0.0205769
14,301,400,16,0.0552692
14,401,500,12,0.0399359
14,501,600,11,0.0410385
14,601,700,13,0.0299872
14,701,800,14,0.0389872
14,801,900,15,0.043859
14,901,1000,13,0.0402692
18,1,100,17,0.0715385
18,101,200,12,0.0391282
18,201,300,12,0.041359
18,301,400,9,0.0331538
18,401,500,15,0.0487564
18,501,600,15,0.061859
18,601,700,10,0.0325897
18,701,800,19,0.0838205
18,801,900,17,0.0740641
18,901,1000,13,0.0472692
17,1,100,13,0.0353718
17,101,200,13,0.0284615
17,201,300,10,0.0245513
17,301,400,10,0.0242051
17,401,500,8,0.0177692
17,501,600,13,0.0250385
17,601,700,8,0.0230128
17,701,800,9,0.0273846
17,801,900,9,0.0203333
17,901,1000,13,0.0372821
4,1,100,8,0.0167821
4,101,200,15,0.0306667
4,201,300,9,0.0140769
4,301,400,14,0.0213077
4,401,500,10,0.0179231
4,501,600,11,0.012141
4,601,700,13,0.0184872
4,701,800,12,0.0199231
4,801,900,15,0.0235256
4,901,1000,15,0.0239615
2,1,100,9,0.0302949
2,101,200,6,0.0251795
2,201,300,9,0.0252949
2,301,400,11,0.0322692
2,401,500,7,0.0141282
2,501,600,7,0.00829487
2,601,700,4,0.0176923
2,701,800,8,0.011359
2,801,900,9,0.0216282
2,901,1000,3,0.00607692
18,1,100,20,0.0462308
18,101,200,14,0.0443077
18,201,300,16,0.0442051
18,301,400,13,0.047141
18,401,500,19,0.0583333
18,501,600,15,0.0397949
18,601,700,15,0.0421923
18,701,800,12,0.0327949
18,801,900,15,0.0498462
18,901,1000,16,0.0461026
2,1,100,18,0.0321538
2,101,200,11,0.0186154
2,201,300,10,0.0220897
2,301,400,9,0.0262051
2,401,500,7,0.0135897
2,501,600,9,0.0120128
2,601,700,8,0.0200513
2,701,800,10,0.0238846
2,801,900,11,0.022141
2,901,1000,9,0.0240769
6,1,100,13,0.037359
6,101,200,15,0.0498205
6,201,300,9,0.0288077
6,301,400,5,0.0155897
6,401,500,9,0.030141
6,501,600,6,0.0246026
6,601,700,9,0.0229231
6,701,800,14,0.0505513
6,801,900,10,0.0309487
6,901,1000,9,0.0198718
8,1,100,16,0.0608333
8,101,200,21,0.0858462
8,201,300,19,0.0840897
8,301,400,24,0.0919231
8,401,500,20,0.0896154
8,501,600,20,0.0637308
8,601,700,13,0.0599872
8,701,800,22,0.0782051
8,801,900,24,0.0901538
8,901,1000,20,0.0864359
13,1,100,12,0.0481154
13,101,200,7,0.0244231
13,201,300,7,0.0128462
13,301,400,10,0.0219744
13,401,500,16,0.0571795
13,501,600,8,0.0213462
13,601,700,12,0.0312051
13,701,800,9,0.0209744
13,801,900,12,0.0415641
13,901,1000,13,0.0405769
19,1,100,6,0.0190641
19,101,200,10,0.0323718
19,201,300,11,0.0420385
19,301,400,9,0.0205897
19,401,500,9,0.0226795
19,501,600,7,0.0156282
19,601,700,9,0.0224359
19,701,800,7,0.0133077
19,801,900,8,0.0218205
19,901,1000,11,0.0263333
8,1,100,7,0.0079359
8,101,200,6,0.0150385
8,201,300,8,0.00802564
8,301,400,12,0.0248333
8,401,500,7,0.0172436
8,501,600,12,0.0184487
8,601,700,6,0.00708974
8,701,800,8,0.00851282
8,801,900,11,0.0166795
8,901,1000,10,0.0095641
10,1,100,18,0.0321538
10,101,200,11,0.0186154
10,201,300,10,0.0220897
10,301,400,9,0.0262051
10,401,500,7,0.0135897
10,501,600,9,0.0120128
10,601,700,8,0.0200513
10,701,800,10,0.0238846
10,801,900,11,0.022141
10,901,1000,9,0.0240769
2,1,100,9,0.0295641
2,101,200,9,0.0367179
2,201,300,14,0.0472692
2,301,400,16,0.0530128
2,401,500,9,0.0315513
2,501,600,8,0.0312179
2,601,700,10,0.0347179
2,701,800,9,0.0210513
2,801,900,12,0.0387051
2,901,1000,11,0.0327051
9,1,100,15,0.0477692
9,101,200,13,0.045859
9,201,300,14,0.0542692
9,301,400,10,0.0409231
9,401,500,15,0.0515897
9,501,600,10,0.0442308
9,601,700,9,0.0300385
9,701,800,11,0.0411282
9,801,900,7,0.0261667
9,901,1000,14,0.0462821
17,1,100,21,0.0677564
17,101,200,17,0.058141
17,201,300,13,0.0265897
17,301,400,9,0.0380769
17,401,500,11,0.0372949
17,501,600,15,0.0577692
17,601,700,18,0.0569359
17,701,800,20,0.0591154
17,801,900,11,0.0439744
17,901,1000,13,0.0442692
11,1,100,8,0.0195128
11,101,200,9,0.0155897
11,201,300,11,0.0305385
11,301,400,11,0.0285128
11,401,500,5,0.00596154
11,501,600,10,0.0220513
11,601,700,7,0.00937179
11,701,800,10,0.0320897
11,801,900,10,0.0188333
11,901,1000,12,0.0229103
6,1,100,9,0.0245641
6,101,200,10,0.0206923
6,201,300,16,0.0397821
6,301,400,8,0.0243718
6,401,500,13,0.0309231
6,501,600,15,0.0315256
6,601,700,6,0.0205
6,701,800,12,0.0231795
6,801,900,7,0.0174487
6,901,1000,16,0.0429615
18,1,100,12,0.0418718
18,101,200,11,0.0172692
18,201,300,11,0.0365513
18,301,400,15,0.0559231
18,401,500,15,0.046641
18,501,600,17,0.0417564
18,601,700,10,0.0280256
18,701,800,10,0.0321923
18,801,900,14,0.0516282
18,901,1000,12,0.0365
4,1,100,11,0.0287949
4,101,200,10,0.0207692
4,201,300,12,0.017859
4,301,400,12,0.025359
4,401,500,13,0.0195256
4,501,600,12,0.0361795
4,601,700,7,0.0137821
4,701,800,16,0.0369744
4,801,900,12,0.0301795
4,901,1000,11,0.0280256
11,1,100,17,0.0474487
11,101,200,9,0.0272051
11,201,300,13,0.036
11,301,400,3,0.0103077
11,401,500,8,0.0181667
11,501,600,8,0.029359
11,601,700,21,0.0708333
11,701,800,10,0.0279615
11,801,900,10,0.0266026
11,901,1000,10,0.0345513
7,1,100,5,0.00566667
7,101,200,2,0.00634615
7,201,300,6,0.0164872
7,301,400,8,0.0139872
7,401,500,10,0.0227436
7,501,600,9,0.0206795
7,601,700,13,0.0225385
7,701,800,10,0.0237692
7,801,900,5,0.00596154
7,901,1000,6,0.00811538
0,1,100,11,0.0234103
0,101,200,11,0.0248846
0,201,300,10,0.0227179
0,301,400,9,0.017
0,401,500,8,0.0235385
0,501,600,11,0.0247051
0,601,700,15,0.0276154
0,701,800,11,0.0227436
0,801,900,14,0.0252564
0,901,1000,10,0.0203205
3,1,100,14,0.0426667
3,101,200,10,0.0253974
3,201,300,19,0.065641
3,301,400,12,0.0451026
3,401,500,14,0.0373077
3,501,600,16,0.042641
3,601,700,20,0.073859
3,701,800,11,0.0268462
3,801,900,19,0.0619359
3,901,1000,13,0.0451282
11,1,100,19,0.0544872
11,101,200,12,0.033359
11,201,300,15,0.0419615
11,301,400,12,0.0423462
11,401,500,15,0.0412179
11,501,600,18,0.0564487
11,601,700,22,0.0718974
11,701,800,7,0.0186026
11,801,900,12,0.0269231
11,901,1000,14,0.0448077
11,1,100,21,0.0817179
11,101,200,25,0.0972692
11,201,300,23,0.101577
11,301,400,19,0.0735385
11,401,500,25,0.0912692
11,501,600,16,0.0669615
11,601,700,16,0.0729231
11,701,800,22,0.0834231
11,801,900,22,0.0794487
11,901,1000,18,0.0721538
15,1,100,5,0.0116538
15,101,200,6,0.0135128
15,201,300,7,0.0124872
15,301,400,9,0.0211795
15,401,500,6,0.00833333
15,501,600,8,0.00729487
15,601,700,7,0.0143974
15,701,800,3,0.00284615
15,801,900,8,0.0120897
15,901,1000,4,0.00961538
19,1,100,24,0.101282
19,101,200,22,0.0984744
19,201,300,31,0.126141
19,301,400,20,0.0903333
19,401,500,23,0.0882949
19,501,600,26,0.113013
19,601,700,20,0.0845769
19,701,800,18,0.0740256
19,801,900,26,0.11659
19,901,1000,23,0.102295
16,1,100,16,0.0387692
16,101,200,9,0.0269359
16,201,300,7,0.0183205
16,301,400,9,0.0279487
16,401,500,14,0.0474487
16,501,600,14,0.0510769
16,601,700,9,0.0273462
16,701,800,13,0.044641
16,801,900,12,0.0296795
16,901,1000,9,0.0219487
2,1,100,13,0.0364744
2,101,200,21,0.0633205
2,201,300,16,0.0552564
2,301,400,15,0.0504487
2,401,500,16,0.0553333
2,501,600,16,0.0512308
2,601,700,13,0.0381923
2,701,800,19,0.0538974
2,801,900,17,0.0547949
2,901,1000,9,0.0290769
16,1,100,14,0.0543077
16,101,200,14,0.0391026
16,201,300,16,0.0501026
16,301,400,15,0.0324872
16,401,500,13,0.0429103
16,501,600,9,0.0332821
16,601,700,13,0.0475385
16,701,800,13,0.0451282
16,801,900,10,0.0306667
16,901,1000,12,0.0442949
18,1,100,13,0.0156667
18,101,200,13,0.0335513
18,201,300,11,0.0239487
18,301,400,13,0.0241667
18,401,500,16,0.0402051
18,501,600,14,0.0272051
18,601,700,12,0.0167436
18,701,800,8,0.0165897
18,801,900,18,0.0397564
18,901,1000,13,0.0295128
0,1,100,14,0.0604615
0,101,200,16,0.0523462
0,201,300,19,0.0734872
0,301,400,22,0.0681923
0,401,500,13,0.0404744
0,501,600,8,0.0267692
0,601,700,12,0.0470769
0,701,800,20,0.0672436
0,801,900,23,0.0714872
0,901,1000,15,0.0460128
1,1,100,12,0.0280769
1,101,200,10,0.0236282
1,201,300,4,0.00707692
1,301,400,10,0.0297821
1,401,500,12,0.0305769
1,501,600,8,0.011859
1,601,700,7,0.0159744
1,701,800,10,0.0163718
1,801,900,6,0.0174744
1,901,1000,11,0.0240256
14,1,100,11,0.011859
14,101,200,5,0.00591026
14,201,300,11,0.0231667
14,301,400,9,0.0157308
14,401,500,16,0.0235385
14,501,600,13,0.0214231
14,601,700,13,0.0188846
14,701,800,14,0.0162949
14,801,900,13,0.0226667
14,901,1000,10,0.0116538
19,1,100,18,0.0599872
19,101,200,13,0.0484359
19,201,300,8,0.0359872
19,301,400,11,0.0444359
19,401,500,14,0.0657308
19,501,600,17,0.0613846
19,601,700,15,0.0461795
19,701,800,13,0.0399359
19,801,900,20,0.092
19,901,1000,12,0.0415256
13,1,100,8,0.0227564
13,101,200,5,0.015859
13,201,300,12,0.0255641
13,301,400,8,0.0246154
13,401,500,7,0.0154615
13,501,600,8,0.0197436
13,601,700,5,0.0191667
13,701,800,8,0.0173077
13,801,900,9,0.0246282
13,901,1000,8,0.0136538
13,1,100,11,0.0289487
13,101,200,16,0.0352692
13,201,300,6,0.0179359
13,301,400,9,0.0222308
13,401,500,17,0.0420256
13,501,600,18,0.0497051
13,601,700,14,0.0358974
13,701,800,13,0.0394487
13,801,900,14,0.0414359
13,901,1000,14,0.0302692
8,1,100,11,0.0446923
8,101,200,18,0.0671538
8,201,300,10,0.0311026
8,301,400,11,0.0391282
8,401,500,15,0.0609744
8,501,600,6,0.0168462
8,601,700,16,0.0567821
8,701,800,9,0.0306026
8,801,900,7,0.0310385
8,901,1000,16,0.0665897
17,1,100,15,0.0296282
17,101,200,9,0.0222051
17,201,300,13,0.0329231
17,301,400,13,0.0359231
17,401,500,16,0.0420256
17,501,600,12,0.0274359
17,601,700,18,0.0456026
17,701,800,7,0.0185513
17,801,900,13,0.0256538
17,901,1000,10,0.0251667
1,1,100,15,0.0389872
1,101,200,13,0.027359
1,201,300,13,0.0345128
1,301,400,16,0.0348077
1,401,500,10,0.0199103
1,501,600,17,0.031
1,601,700,11,0.029859
1,701,800,13,0.0316923
1,801,900,16,0.0372564
1,901,1000,17,0.0442692
2,1,100,10,0.0280769
2,101,200,15,0.0458462
2,201,300,13,0.0479231
2,301,400,10,0.0330769
2,401,500,14,0.0531154
2,501,600,6,0.0235128
2,601,700,14,0.0305769
2,701,800,17,0.0635
2,801,900,15,0.0470385
2,901,1000,7,0.0165
6,1,100,14,0.0175256
6,101,200,18,0.0328077
6,201,300,22,0.0446026
6,301,400,14,0.0185513
6,401,500,13,0.0161795
6,501,600,18,0.0348333
6,601,700,16,0.0170897
6,701,800,21,0.0328718
6,801,900,14,0.0121154
6,901,1000,14,0.0213205
14,1,100,10,0.0291538
14,101,200,8,0.0172949
14,201,300,10,0.0332308
14,301,400,11,0.0372051
14,401,500,7,0.0120897
14,501,600,11,0.0266154
14,601,700,8,0.0222949
14,701,800,13,0.0386282
14,801,900,18,0.051641
14,901,1000,7,0.012359
6,1,100,20,0.0490513
6,101,200,11,0.0208333
6,201,300,11,0.0273077
6,301,400,19,0.0462436
6,401,500,13,0.0274359
6,501,600,15,0.048359
6,601,700,13,0.0285769
6,701,800,14,0.0252051
6,801,900,11,0.0384744
6,901,1000,14,0.0449231
18,1,100,8,0.0171667
18,101,200,9,0.0160641
18,201,300,11,0.0162692
18,301,400,8,0.0112436
18,401,500,7,0.0049359
18,501,600,9,0.0150128
18,601,700,5,0.013
18,701,800,15,0.0264487
18,801,900,12,0.0267179
18,901,1000,10,0.0317949
9,1,100,7,0.0258205
9,101,200,10,0.0168974
9,201,300,7,0.0191538
9,301,400,16,0.0402692
9,401,500,5,0.0175897
9,501,600,5,0.0114359
9,601,700,7,0.0158333
9,701,800,10,0.0239103
9,801,900,2,0.00547436
9,901,1000,10,0.0275256
7,1,100,10,0.031859
7,101,200,11,0.0243462
7,201,300,16,0.0393974
7,301,400,18,0.0379103
7,401,500,19,0.0348974
7,501,600,13,0.0416282
7,601,700,8,0.0217564
7,701,800,10,0.0237692
7,801,900,13,0.0328077
7,901,1000,7,0.0152308
7,1,100,15,0.0526538
7,101,200,9,0.0277821
7,201,300,12,0.0382949
7,301,400,15,0.0452051
7,401,500,14,0.0374615
7,501,600,14,0.0370897
7,601,700,11,0.0308077
7,701,800,15,0.0368205
7,801,900,13,0.0336026
7,901,1000,6,0.0169872
10,1,100,15,0.0314872
10,101,200,19,0.037641
10,201,300,17,0.0382692
10,301,400,21,0.0425897
10,401,500,12,0.0290897
10,501,600,12,0.0266026
10,601,700,17,0.0375769
10,701,800,22,0.0468462
10,801,900,23,0.0568974
10,901,1000,9,0.0194872
7,1,100,10,0.0331667
7,101,200,6,0.0135385
7,201,300,8,0.0187051
7,301,400,11,0.0239231
7,401,500,10,0.0199103
7,501,600,6,0.0171538
7,601,700,8,0.0171026
7,701,800,11,0.0198974
7,801,900,13,0.0214231
7,901,1000,13,0.0306154
14,1,100,17,0.050359
14,101,200,10,0.0183974
14,201,300,8,0.0185513
14,301,400,17,0.055
14,401,500,10,0.0301026
14,501,600,16,0.0459103
14,601,700,10,0.0213718
14,701,800,19,0.0550128
14,801,900,10,0.0284103
14,901,1000,14,0.0412308
15,1,100,12,0.0197051
15,101,200,10,0.0242821
15,201,300,7,0.0138077
15,301,400,8,0.0148974
15,401,500,7,0.00846154
15,501,600,9,0.0152821
15,601,700,9,0.0148333
15,701,800,14,0.0330641
15,801,900,4,0.00421795
15,901,1000,6,0.0161538
17,1,100,10,0.0330128
17,101,200,9,0.0238077
17,201,300,8,0.0184231
17,301,400,6,0.00685897
17,401,500,7,0.0130641
17,501,600,10,0.0304103
17,601,700,8,0.0220641
17,701,800,9,0.0287051
17,801,900,13,0.0259359
17,901,1000,8,0.0197692
9,1,100,11,0.0443462
9,101,200,8,0.0264615
9,201,300,8,0.0369231
9,301,400,6,0.0181538
9,401,500,6,0.0242308
9,501,600,12,0.0431282
9,601,700,14,0.0488974
9,701,800,7,0.0207564
9,801,900,11,0.0363974
9,901,1000,8,0.0219872
10,1,100,13,0.0248462
10,101,200,16,0.033859
10,201,300,23,0.0431154
10,301,400,22,0.0385
10,401,500,16,0.0258718
10,501,600,14,0.0318974
10,601,700,23,0.0452179
10,701,800,23,0.0466923
10,801,900,24,0.0478718
10,901,1000,12,0.0262564
1,1,100,12,0.0421282
1,101,200,10,0.0230385
1,201,300,10,0.0257179
1,301,400,11,0.0343333
1,401,500,14,0.0435897
1,501,600,14,0.0416795
1,601,700,14,0.0348077
1,701,800,6,0.0157436
1,801,900,11,0.0342436
1,901,1000,14,0.0397949
6,1,100,9,0.0244615
6,101,200,7,0.0214231
6,201,300,7,0.0155769
6,301,400,12,0.0271667
6,401,500,3,0.011
6,501,600,8,0.0160641
6,601,700,11,0.0202179
6,701,800,7,0.0293462
6,801,900,9,0.0132436
6,901,1000,9,0.0306667
3,1,100,18,0.0401154
3,101,200,12,0.0196923
3,201,300,27,0.0501667
3,301,400,15,0.0274103
3,401,500,10,0.0167051
3,501,600,19,0.034359
3,601,700,12,0.0166154
3,701,800,17,0.0173333
3,801,900,19,0.0281538
3,901,1000,16,0.0360897
12,1,100,9,0.0258462
12,101,200,17,0.0528718
12,201,300,15,0.0507564
12,301,400,10,0.0196795
12,401,500,12,0.0413974
12,501,600,19,0.0808077
12,601,700,16,0.0442821
12,701,800,12,0.0252308
12,801,900,9,0.0259103
12,901,1000,14,0.0267051
11,1,100,11,0.0464103
11,101,200,8,0.0351538
11,201,300,19,0.0634744
11,301,400,9,0.0425256
11,401,500,10,0.0324231
11,501,600,8,0.0174359
11,601,700,13,0.0410769
11,701,800,6,0.0223974
11,801,900,18,0.0727949
11,901,1000,16,0.0570256
10,1,100,18,0.0464487
10,101,200,18,0.0685641
10,201,300,14,0.0414231
10,301,400,25,0.0795513
10,401,500,19,0.0770256
10,501,600,13,0.045859
10,601,700,23,0.0831538
10,701,800,24,0.0976282
10,801,900,16,0.0581538
10,901,1000,16,0.0578333
3,1,100,15,0.0552821
3,101,200,14,0.0473077
3,201,300,17,0.0650769
3,301,400,15,0.0531667
3,401,500,17,0.0499359
3,501,600,21,0.0688846
3,601,700,19,0.0539359
3,701,800,23,0.0719487
3,801,900,16,0.0571923
3,901,1000,15,0.0512692
0,1,100,11,0.0432179
0,101,200,14,0.0457179
0,201,300,15,0.0581282
0,301,400,17,0.0484487
0,401,500,8,0.0269615
0,501,600,12,0.0261538
0,601,700,5,0.0187692
0,701,800,14,0.0496026
0,801,900,15,0.0440256
0,901,1000,10,0.0274615
5,1,100,13,0.0485
5,101,200,11,0.0259103
5,201,300,11,0.0269487
5,301,400,7,0.0185513
5,401,500,10,0.0271538
5,501,600,13,0.0259615
5,601,700,11,0.0338462
5,701,800,15,0.0510385
5,801,900,7,0.0192692
5,901,1000,10,0.0249744
7,1,100,12,0.0372308
7,101,200,11,0.0346538
7,201,300,15,0.0443718
7,301,400,23,0.0690897
7,401,500,10,0.0285513
7,501,600,14,0.0461923
7,601,700,18,0.0500769
7,701,800,9,0.0236282
7,801,900,14,0.0383846
7,901,1000,18,0.0428077
6,1,100,10,0.0220256
6,101,200,11,0.0353846
6,201,300,16,0.0600897
6,301,400,20,0.07
6,401,500,14,0.0499487
6,501,600,18,0.0626923
6,601,700,6,0.0170128
6,701,800,14,0.0551667
6,801,900,18,0.0465641
6,901,1000,12,0.042141
9,1,100,11,0.0243333
9,101,200,7,0.0145641
9,201,300,5,0.0141154
9,301,400,9,0.0206923
9,401,500,10,0.0211538
9,501,600,11,0.0219231
9,601,700,7,0.0195769
9,701,800,9,0.0116667
9,801,900,10,0.0291154
9,901,1000,7,0.0165385
0,1,100,15,0.0265641
0,101,200,17,0.0267308
0,201,300,13,0.0227436
0,301,400,12,0.0193462
0,401,500,10,0.0131026
0,501,600,15,0.023359
0,601,700,15,0.0249487
0,701,800,19,0.0371026
0,801,900,17,0.0268077
0,901,1000,13,0.0206154
11,1,100,15,0.0435513
11,101,200,11,0.0292051
11,201,300,10,0.0215641
11,301,400,14,0.0286795
11,401,500,8,0.0163718
11,501,600,17,0.049359
11,601,700,14,0.0266795
11,701,800,8,0.0201923
11,801,900,17,0.0427308
11,901,1000,15,0.032359
15,1,100,13,0.0391923
15,101,200,14,0.0413974
15,201,300,12,0.0401667
15,301,400,16,0.0454872
15,401,500,9,0.0281026
15,501,600,10,0.0264359
15,601,700,8,0.0268846
15,701,800,7,0.0237564
15,801,900,9,0.0308333
15,901,1000,12,0.0355128
14,1,100,14,0.0352051
14,101,200,22,0.062359
14,201,300,15,0.0401154
14,301,400,15,0.0421538
14,401,500,16,0.0301923
14,501,600,14,0.0311154
14,601,700,13,0.023641
14,701,800,17,0.0350769
14,801,900,11,0.0271795
14,901,1000,17,0.0410513
8,1,100,11,0.0392564
8,101,200,11,0.0276667
8,201,300,9,0.0183462
8,301,400,10,0.0341154
8,401,500,11,0.0321026
8,501,600,15,0.0316282
8,601,700,11,0.0277051
8,701,800,9,0.0264872
8,801,900,12,0.0312692
8,901,1000,11,0.0317692
12,1,100,22,0.0395769
12,101,200,14,0.0242949
12,201,300,18,0.0376667
12,301,400,15,0.0288718
12,401,500,19,0.0487564
12,501,600,11,0.0171538
12,601,700,14,0.0389615
12,701,800,19,0.0417436
12,801,900,14,0.0333462
12,901,1000,14,0.031859
17,1,100,18,0.0527436
17,101,200,14,0.0444103
17,201,300,23,0.0869359
17,301,400,24,0.0853205
17,401,500,17,0.0534872
17,501,600,16,0.0471538
17,601,700,15,0.0490256
17,701,800,17,0.0674615
17,801,900,18,0.0578205
17,901,1000,19,0.0727821
5,1,100,18,0.0612564
5,101,200,10,0.0140769
5,201,300,20,0.0607179
5,301,400,14,0.0319231
5,401,500,17,0.0511026
5,501,600,14,0.0432308
5,601,700,23,0.0662179
5,701,800,21,0.0743077
5,801,900,15,0.0459103
5,901,1000,21,0.0699615
14,1,100,16,0.0514359
14,101,200,14,0.0572051
14,201,300,15,0.0608718
14,301,400,19,0.068359
14,401,500,24,0.08
14,501,600,25,0.0827179
14,601,700,22,0.0762692
14,701,800,16,0.0623333
14,801,900,31,0.105551
14,901,1000,18,0.0485897
11,1,100,6,0.0178333
11,101,200,4,0.006
11,201,300,12,0.0329744
11,301,400,10,0.0171923
11,401,500,11,0.0343333
11,501,600,8,0.0191026
11,601,700,7,0.0142692
11,701,800,14,0.0234359
11,801,900,9,0.0183462
11,901,1000,8,0.0118205
6,1,100,5,0.00751282
6,101,200,11,0.0198333
6,201,300,10,0.0104359
6,301,400,11,0.0203077
6,401,500,6,0.0118462
6,501,600,6,0.00885897
6,601,700,5,0.00942308
6,701,800,7,0.00935897
6,801,900,12,0.0185641
6,901,1000,10,0.0130769
2,1,100,10,0.0162436
2,101,200,7,0.0109487
2,201,300,14,0.0308846
2,301,400,12,0.0297821
2,401,500,17,0.0416538
2,501,600,17,0.0388205
2,601,700,13,0.0204103
2,701,800,11,0.0284359
2,801,900,11,0.0250513
2,901,1000,11,0.0256282
3,1,100,16,0.0470128
3,101,200,23,0.0523333
3,201,300,19,0.0656923
3,301,400,16,0.0573974
3,401,500,15,0.0451154
3,501,600,21,0.0607051
3,601,700,19,0.075859
3,701,800,13,0.0517821
3,801,900,21,0.0673718
3,901,1000,20,0.0602949
4,1,100,8,0.0191795
4,101,200,9,0.0278846
4,201,300,15,0.0399744
4,301,400,10,0.0163462
4,401,500,13,0.0359231
4,501,600,15,0.0323205
4,601,700,13,0.0297179
4,701,800,6,0.0122949
4,801,900,16,0.0295641
4,901,1000,15,0.0370641
18,1,100,11,0.0296795
18,101,200,9,0.0361795
18,201,300,10,0.016641
18,301,400,6,0.0118718
18,401,500,6,0.00788462
18,501,600,9,0.0215256
18,601,700,5,0.00908974
18,701,800,11,0.0337436
18,801,900,11,0.0281154
18,901,1000,5,0.0178077
19,1,100,17,0.0398333
19,101,200,11,0.0317179
19,201,300,13,0.0296154
19,301,400,17,0.048141
19,401,500,14,0.0372051
19,501,600,12,0.0308846
19,601,700,13,0.0332436
19,701,800,19,0.0564615
19,801,900,19,0.0461923
19,901,1000,14,0.0335256
10,1,100,7,0.0165769
10,101,200,4,0.00935897
10,201,300,5,0.0104487
10,301,400,4,0.00724359
10,401,500,6,0.0131923
10,501,600,11,0.017359
10,601,700,8,0.0168462
10,701,800,5,0.00584615
10,801,900,3,0.00808974
10,901,1000,9,0.0255641
19,1,100,14,0.0458974
19,101,200,10,0.0357692
19,201,300,10,0.0369872
19,301,400,10,0.0325769
19,401,500,7,0.0276795
19,501,600,12,0.0453974
19,601,700,12,0.0483846
19,701,800,12,0.0336026
19,801,900,16,0.0546026
19,901,1000,3,0.0114744
12,1,100,13,0.0232692
12,101,200,12,0.0329872
12,201,300,14,0.0304615
12,301,400,21,0.0531667
12,401,500,14,0.0279744
12,501,600,12,0.0386667
12,601,700,19,0.044859
12,701,800,9,0.0225769
12,801,900,16,0.0355897
12,901,1000,12,0.0330128
4,1,100,14,0.0454615
4,101,200,18,0.050141
4,201,300,14,0.043141
4,301,400,12,0.0399872
4,401,500,11,0.038
4,501,600,11,0.0325513
4,601,700,12,0.0303077
4,701,800,14,0.036641
4,801,900,16,0.0406667
4,901,1000,14,0.0422949
10,1,100,17,0.0596154
10,101,200,21,0.0820769
10,201,300,18,0.0814359
10,301,400,18,0.0754615
10,401,500,18,0.0713974
10,501,600,14,0.0601667
10,601,700,13,0.0517564
10,701,800,20,0.0763974
10,801,900,19,0.0793333
10,901,1000,16,0.0466795
1,1,100,17,0.0446154
1,101,200,18,0.0455641
1,201,300,23,0.0800641
1,301,400,17,0.0562436
1,401,500,17,0.0464615
1,501,600,20,0.0491538
1,601,700,10,0.0306026
1,701,800,11,0.0285641
1,801,900,21,0.0658333
1,901,1000,15,0.0373333
3,1,100,12,0.0331538
3,101,200,16,0.0450769
3,201,300,17,0.0560256
3,301,400,15,0.0529872
3,401,500,18,0.0558846
3,501,600,14,0.053641
3,601,700,13,0.0384615
3,701,800,19,0.0703974
3,801,900,17,0.0510641
3,901,1000,22,0.0710128
15,1,100,15,0.0515897
15,101,200,17,0.062141
15,201,300,23,0.0712308
15,301,400,16,0.0397821
15,401,500,21,0.0745641
15,501,600,11,0.0342179
15,601,700,18,0.0505769
15,701,800,20,0.0560256
15,801,900,22,0.0736795
15,901,1000,18,0.0609359
14,1,100,8,0.0200641
14,101,200,8,0.0210897
14,201,300,9,0.0284872
14,301,400,12,0.0227692
14,401,500,11,0.0226282
14,501,600,3,0.0106923
14,601,700,11,0.0248846
14,701,800,9,0.0266154
14,801,900,14,0.035859
14,901,1000,12,0.0334744
3,1,100,10,0.0321923
3,101,200,12,0.0367692
3,201,300,12,0.0384872
3,301,400,11,0.0365769
3,401,500,13,0.0408333
3,501,600,14,0.0390641
3,601,700,12,0.0407949
3,701,800,11,0.0274103
3,801,900,10,0.0220641
3,901,1000,12,0.0350897
9,1,100,12,0.0311795
9,101,200,26,0.0591923
9,201,300,14,0.0289359
9,301,400,11,0.0215128
9,401,500,12,0.0257179
9,501,600,14,0.0403718
9,601,700,13,0.0330641
9,701,800,12,0.0238718
9,801,900,13,0.0388205
9,901,1000,13,0.0347051
15,1,100,10,0.0267436
15,101,200,11,0.0272564
15,201,300,8,0.0162308
15,301,400,8,0.018141
15,401,500,10,0.0316282
15,501,600,9,0.0223205
15,601,700,9,0.0227051
15,701,800,10,0.0208974
15,801,900,8,0.0219359
15,901,1000,9,0.0205769
12,1,100,18,0.0493846
12,101,200,11,0.0297436
12,201,300,14,0.0362821
12,301,400,6,0.016359
12,401,500,12,0.0338077
12,501,600,10,0.0351282
12,601,700,9,0.0198718
12,701,800,7,0.0160385
12,801,900,13,0.0356026
12,901,1000,13,0.0327051
4,1,100,16,0.0686282
4,101,200,14,0.0538846
4,201,300,17,0.0682179
4,301,400,24,0.0941154
4,401,500,14,0.0573333
4,501,600,12,0.0599359
4,601,700,16,0.0617308
4,701,800,11,0.0454487
4,801,900,11,0.0354103
4,901,1000,10,0.0440385
5,1,100,10,0.0117821
5,101,200,8,0.0137821
5,201,300,7,0.00619231
5,301,400,6,0.00634615
5,401,500,9,0.0176795
5,501,600,9,0.0162051
5,601,700,7,0.0136026
5,701,800,7,0.00765385
5,801,900,7,0.0035
5,901,1000,11,0.0139359
0,1,100,26,0.0887436
0,101,200,27,0.0935897
0,201,300,20,0.0632308
0,301,400,30,0.0911282
0,401,500,28,0.0994487
0,501,600,34,0.105872
0,601,700,26,0.0811667
0,701,800,27,0.0912564
0,801,900,28,0.0990256
0,901,1000,21,0.0675769
18,1,100,10,0.0308974
18,101,200,7,0.0152949
18,201,300,13,0.0275256
18,301,400,8,0.0234744
18,401,500,8,0.0177179
18,501,600,9,0.0283974
18,601,700,10,0.0246923
18,701,800,14,0.0383846
18,801,900,5,0.0121154
18,901,1000,10,0.0246795
8,1,100,11,0.0331538
8,101,200,7,0.0208077
8,201,300,9,0.0286282
8,301,400,4,0.0105769
8,401,500,8,0.0130897
8,501,600,15,0.0399872
8,601,700,12,0.0376923
8,701,800,14,0.0409872
8,801,900,8,0.0270128
8,901,1000,16,0.0385769
13,1,100,9,0.0321923
13,101,200,19,0.0517692
13,201,300,9,0.0239615
13,301,400,15,0.0325513
13,401,500,15,0.0387949
13,501,600,12,0.0321795
13,601,700,14,0.0516154
13,701,800,18,0.0473205
13,801,900,19,0.0502436
13,901,1000,13,0.0369487
4,1,100,8,0.0238718
4,101,200,10,0.0335641
4,201,300,14,0.0363974
4,301,400,7,0.0196538
4,401,500,9,0.0322692
4,501,600,6,0.0147436
4,601,700,8,0.0188333
4,701,800,13,0.0368205
4,801,900,9,0.025859
4,901,1000,10,0.0262949
5,1,100,12,0.0448333
5,101,200,13,0.0401154
5,201,300,7,0.0262564
5,301,400,9,0.0195128
5,401,500,10,0.0251026
5,501,600,12,0.0387821
5,601,700,8,0.0205513
5,701,800,13,0.0302179
5,801,900,14,0.0433333
5,901,1000,10,0.0371667
15,1,100,13,0.034641
15,101,200,11,0.0256154
15,201,300,10,0.0156538
15,301,400,13,0.0251154
15,401,500,9,0.0240513
15,501,600,14,0.0297436
15,601,700,18,0.0358333
15,701,800,12,0.0292821
15,801,900,15,0.0242821
15,901,1000,14,0.0287436
0,1,100,13,0.0148718
0,101,200,8,0.0168333
0,201,300,9,0.0157051
0,301,400,11,0.0140128
0,401,500,19,0.0194487
0,501,600,15,0.0192949
0,601,700,13,0.0215769
0,701,800,12,0.0216667
0,801,900,14,0.0298333
0,901,1000,6,0.00474359
9,1,100,8,0.0144231
9,101,200,9,0.0242564
9,201,300,7,0.0229359
9,301,400,17,0.0413718
9,401,500,12,0.0242308
9,501,600,10,0.0253846
9,601,700,10,0.0317564
9,701,800,10,0.0280385
9,801,900,12,0.0318077
9,901,1000,6,0.0119103
14,1,100,16,0.0251667
14,101,200,7,0.00865385
14,201,300,8,0.0108077
14,301,400,15,0.0218205
14,401,500,8,0.0147308
14,501,600,5,0.00670513
14,601,700,15,0.0263333
14,701,800,7,0.0115641
14,801,900,10,0.0167949
14,901,1000,17,0.0403333
2,1,100,10,0.0148077
2,101,200,5,0.0109872
2,201,300,12,0.0284487
2,301,400,9,0.0144872
2,401,500,12,0.0220385
2,501,600,12,0.0155897
2,601,700,13,0.0211154
2,701,800,9,0.0125128
2,801,900,8,0.0113974
2,901,1000,7,0.0100128
17,1,100,16,0.0345
17,101,200,17,0.0594231
17,201,300,10,0.0143462
17,301,400,12,0.0300128
17,401,500,10,0.0264872
17,501,600,12,0.0311154
17,601,700,10,0.0205513
17,701,800,13,0.0335769
17,801,900,15,0.0468205
17,901,1000,8,0.0139231
13,1,100,20,0.0730128
13,101,200,25,0.0784615
13,201,300,17,0.0602564
13,301,400,24,0.0810513
13,401,500,33,0.0992436
13,501,600,24,0.0827051
13,601,700,23,0.0792949
13,701,800,21,0.0593077
13,801,900,17,0.0605513
13,901,1000,19,0.0588333
12,1,100,7,0.0123077
12,101,200,10,0.0211154
12,201,300,2,0.00192308
12,301,400,6,0.00985897
12,401,500,6,0.0163333
12,501,600,8,0.0164744
12,601,700,4,0.0075641
12,701,800,8,0.0245897
12,801,900,6,0.00651282
12,901,1000,2,0.00592308
5,1,100,5,0.0111154
5,101,200,10,0.0233462
5,201,300,8,0.0140128
5,301,400,11,0.0319359
5,401,500,10,0.018859
5,501,600,12,0.0262692
5,601,700,10,0.0175256
5,701,800,9,0.0185897
5,801,900,10,0.0229872
5,901,1000,13,0.0203205
16,1,100,19,0.0642821
16,101,200,15,0.0610641
16,201,300,18,0.0685385
16,301,400,20,0.0624487
16,401,500,15,0.0575513
16,501,600,10,0.0275897
16,601,700,18,0.0563718
16,701,800,10,0.0243205
16,801,900,20,0.0668077
16,901,1000,15,0.0481154
5,1,100,17,0.0423462
5,101,200,15,0.0405
5,201,300,19,0.0521923
5,301,400,10,0.0189487
5,401,500,11,0.0267436
5,501,600,23,0.0584103
5,601,700,17,0.0434359
5,701,800,20,0.0452949
5,801,900,21,0.0495769
5,901,1000,14,0.0296667
13,1,100,12,0.0203333
13,101,200,10,0.0158077
13,201,300,19,0.0232436
13,301,400,12,0.0137692
13,401,500,15,0.0190897
13,501,600,12,0.0157564
13,601,700,10,0.0163205
13,701,800,14,0.0202692
13,801,900,15,0.017
13,901,1000,14,0.0268205
4,1,100,11,0.0156538
4,101,200,11,0.0175513
4,201,300,11,0.0313333
4,301,400,12,0.0296923
4,401,500,9,0.0161923
4,501,600,8,0.0166667
4,601,700,15,0.0254103
4,701,800,10,0.0189615
4,801,900,13,0.024859
4,901,1000,11,0.0242051
7,1,100,18,0.0690256
7,101,200,22,0.0823974
7,201,300,25,0.0782692
7,301,400,24,0.0844103
7,401,500,19,0.0702308
7,501,600,21,0.0782949
7,601,700,30,0.109782
7,701,800,16,0.0568077
7,801,900,20,0.0942308
7,901,1000,21,0.0913974
9,1,100,7,0.00576923
9,101,200,6,0.00907692
9,201,300,10,0.0162564
9,301,400,14,0.0205769
9,401,500,14,0.0295897
9,501,600,8,0.0129615
9,601,700,15,0.0236667
9,701,800,11,0.028859
9,801,900,10,0.0199872
9,901,1000,5,0.0147692
16,1,100,27,0.0467436
16,101,200,21,0.0368333
16,201,300,24,0.0319103
16,301,400,27,0.044359
16,401,500,17,0.0366026
16,501,600,26,0.0469359
16,601,700,29,0.0543077
16,701,800,23,0.0443462
16,801,900,34,0.0576538
16,901,1000,26,0.0480385
2,1,100,12,0.0474872
2,101,200,17,0.0558333
2,201,300,14,0.0498462
2,301,400,19,0.0685385
2,401,500,15,0.058859
2,501,600,14,0.0535385
2,601,700,16,0.0557308
2,701,800,12,0.0412051
2,801,900,11,0.0448333
2,901,1000,11,0.0419615
12,1,100,17,0.0645641
12,101,200,13,0.0427949
12,201,300,12,0.0322051
12,301,400,18,0.0512308
12,401,500,14,0.0456026
12,501,600,16,0.0552949
12,601,700,15,0.0552436
12,701,800,16,0.0499615
12,801,900,20,0.0868846
12,901,1000,16,0.060859
12,1,100,6,0.0135128
12,101,200,10,0.0120513
12,201,300,9,0.022859
12,301,400,7,0.00811538
12,401,500,14,0.0271538
12,501,600,15,0.0344872
12,601,700,10,0.0183205
12,701,800,10,0.0172821
12,801,900,5,0.0107821
12,901,1000,7,0.0110897
8,1,100,18,0.0243333
8,101,200,10,0.0175513
8,201,300,9,0.0189487
8,301,400,7,0.0115128
8,401,500,10,0.0198333
8,501,600,13,0.020141
8,601,700,9,0.0168974
8,701,800,11,0.0224615
8,801,900,8,0.0110897
8,901,1000,9,0.0165769
4,1,100,22,0.0821154
4,101,200,23,0.0945385
4,201,300,27,0.10241
4,301,400,16,0.0650128
4,401,500,16,0.059859
4,501,600,21,0.086641
4,601,700,19,0.0671795
4,701,800,20,0.0750769
4,801,900,22,0.0760256
4,901,1000,25,0.0982564
16,1,100,12,0.0391923
16,101,200,12,0.0195897
16,201,300,15,0.0454487
16,301,400,11,0.0295641
16,401,500,11,0.028359
16,501,600,10,0.0260256
16,601,700,8,0.0285128
16,701,800,8,0.0243333
16,801,900,14,0.0465128
16,901,1000,5,0.0152949
8,1,100,2,0.00608974
8,101,200,9,0.0265
8,201,300,5,0.0055641
8,301,400,5,0.00632051
8,401,500,5,0.0117821
8,501,600,4,0.00888462
8,601,700,9,0.0211026
8,701,800,3,0.00289744
8,801,900,2,0.00192308
8,901,1000,5,0.0117308
16,1,100,5,0.00496154
16,101,200,7,0.00998718
16,201,300,5,0.00620513
16,301,400,9,0.00591026
16,401,500,9,0.0161154
16,501,600,14,0.0317308
16,601,700,10,0.0165385
16,701,800,15,0.0241923
16,801,900,9,0.0230641
16,901,1000,8,0.0194231
4,1,100,15,0.0336923
4,101,200,18,0.0316795
4,201,300,13,0.0227051
4,301,400,13,0.0254744
4,401,500,9,0.0182821
4,501,600,16,0.0301282
4,601,700,13,0.0237179
4,701,800,18,0.0371282
4,801,900,13,0.024359
4,901,1000,13,0.0240769
5,1,100,11,0.0184487
5,101,200,5,0.0199615
5,201,300,7,0.0035
5,301,400,15,0.0298205
5,401,500,4,0.00885897
5,501,600,14,0.024641
5,601,700,10,0.0239231
5,701,800,8,0.0194872
5,801,900,8,0.0186154
5,901,1000,18,0.0366795
9,1,100,11,0.0286154
9,101,200,16,0.0486667
9,201,300,15,0.0327051
9,301,400,21,0.0496282
9,401,500,15,0.0343718
9,501,600,13,0.0372821
9,601,700,19,0.0453974
9,701,800,14,0.0290769
9,801,900,15,0.0398205
9,901,1000,16,0.0362564
17,1,100,23,0.0698205
17,101,200,19,0.0593077
17,201,300,21,0.0875641
17,301,400,21,0.0513974
17,401,500,20,0.0680256
17,501,600,19,0.0637949
17,601,700,20,0.0768077
17,701,800,23,0.0878718
17,801,900,24,0.0732692
17,901,1000,12,0.040359
14,1,100,7,0.0107308
14,101,200,10,0.0218333
14,201,300,7,0.0143974
14,301,400,10,0.0157692
14,401,500,6,0.00688462
14,501,600,8,0.018
14,601,700,7,0.0152821
14,701,800,7,0.0103205
14,801,900,4,0.00875641
14,901,1000,7,0.0161282
3,1,100,14,0.0397564
3,101,200,12,0.0265128
3,201,300,2,0.00378205
3,301,400,12,0.029
3,401,500,11,0.0296154
3,501,600,13,0.0333462
3,601,700,7,0.01
3,701,800,14,0.0316667
3,801,900,10,0.0267949
3,901,1000,10,0.0283462
6,1,100,27,0.112872
6,101,200,26,0.0994744
6,201,300,19,0.0868718
6,301,400,33,0.129833
6,401,500,25,0.0952949
6,501,600,23,0.104474
6,601,700,20,0.0765
6,701,800,28,0.119269
6,801,900,22,0.0992949
6,901,1000,21,0.082141
1,1,100,10,0.0219615
1,101,200,11,0.0265
1,201,300,14,0.0262051
1,301,400,12,0.0300641
1,401,500,13,0.0383846
1,501,600,7,0.0222949
1,601,700,12,0.0281282
1,701,800,10,0.0221282
1,801,900,14,0.0355256
1,901,1000,16,0.0520513
3,1,100,16,0.0443974
3,101,200,15,0.0475769
3,201,300,21,0.0622821
3,301,400,17,0.0348205
3,401,500,11,0.0341154
3,501,600,17,0.0439103
3,601,700,11,0.0336795
3,701,800,21,0.0630256
3,801,900,16,0.0516923
3,901,1000,21,0.0621923
11,1,100,11,0.024359
11,101,200,16,0.0472821
11,201,300,14,0.0391538
11,301,400,13,0.0402564
11,401,500,5,0.0162051
11,501,600,12,0.0275769
11,601,700,24,0.073859
11,701,800,10,0.0281923
11,801,900,6,0.0124615
11,901,1000,19,0.0422051
0,1,100,8,0.00970513
0,101,200,2,0.00147436
0,201,300,8,0.00632051
0,301,400,8,0.0148846
0,401,500,4,0.00783333
0,501,600,6,0.0122949
0,601,700,8,0.0101795
0,701,800,7,0.0172308
0,801,900,11,0.0260513
0,901,1000,6,0.0106667
15,1,100,11,0.0289744
15,101,200,10,0.0282949
15,201,300,3,0.0113462
15,301,400,10,0.0288846
15,401,500,12,0.0414615
15,501,600,5,0.0113333
15,601,700,12,0.0317692
15,701,800,8,0.0250256
15,801,900,12,0.0439744
15,901,1000,12,0.0275128
11,1,100,17,0.0539231
11,101,200,20,0.0569487
11,201,300,18,0.0645641
11,301,400,18,0.0569487
11,401,500,19,0.0665513
11,501,600,27,0.107436
11,601,700,22,0.072
11,701,800,13,0.0438462
11,801,900,15,0.0505641
11,901,1000,17,0.0601282
1,1,100,8,0.0149744
1,101,200,12,0.0153205
1,201,300,5,0.0114615
1,301,400,3,0.0050641
1,401,500,3,0.00591026
1,501,600,8,0.0156923
1,601,700,11,0.0187051
1,701,800,6,0.0176667
1,801,900,6,0.00780769
1,901,1000,7,0.0106538
2,1,100,9,0.0213846
2,101,200,10,0.0275513
2,201,300,9,0.0188846
2,301,400,12,0.0297051
2,401,500,14,0.0379744
2,501,600,7,0.0129872
2,601,700,10,0.0269103
2,701,800,12,0.032141
2,801,900,5,0.0156282
2,901,1000,9,0.0147692
9,1,100,7,0.0215897
9,101,200,7,0.0218462
9,201,300,10,0.0336538
9,301,400,8,0.0226923
9,401,500,6,0.0124103
9,501,600,7,0.017359
9,601,700,5,0.0203205
9,701,800,6,0.0151282
9,801,900,6,0.0168077
9,901,1000,9,0.0363077
0,1,100,22,0.0735128
0,101,200,14,0.0473974
0,201,300,16,0.0566282
0,301,400,20,0.0666923
0,401,500,14,0.0487051
0,501,600,20,0.0618718
0,601,700,18,0.0621795
0,701,800,14,0.0453974
0,801,900,17,0.0516923
0,901,1000,15,0.0452179
12,1,100,18,0.0618718
12,101,200,13,0.035641
12,201,300,16,0.0561154
12,301,400,14,0.0471667
12,401,500,10,0.0312564
12,501,600,16,0.0416026
12,601,700,19,0.0556282
12,701,800,19,0.0579487
12,801,900,17,0.0521154
12,901,1000,15,0.0429615
10,1,100,14,0.0220897
10,101,200,12,0.0236538
10,201,300,13,0.0226154
10,301,400,15,0.0335513
10,401,500,10,0.0170513
10,501,600,18,0.0253333
10,601,700,16,0.0298333
10,701,800,17,0.0261923
10,801,900,13,0.0190513
10,901,1000,11,0.0106667
5,1,100,10,0.0328462
5,101,200,10,0.0248077
5,201,300,8,0.0194231
5,301,400,11,0.0136282
5,401,500,13,0.0397436
5,501,600,13,0.0334487
5,601,700,11,0.0291282
5,701,800,13,0.0392308
5,801,900,14,0.0359231
5,901,1000,12,0.0304487
11,1,100,8,0.0159103
11,101,200,14,0.0374872
11,201,300,17,0.0329231
11,301,400,13,0.0375769
11,401,500,9,0.0281282
11,501,600,15,0.0484487
11,601,700,19,0.0400641
11,701,800,18,0.052859
11,801,900,20,0.0640513
11,901,1000,16,0.0526795
12,1,100,12,0.0254103
12,101,200,13,0.0465513
12,201,300,6,0.00487179
12,301,400,11,0.0285
12,401,500,15,0.0383462
12,501,600,8,0.0222564
12,601,700,14,0.0316538
12,701,800,12,0.0453974
12,801,900,12,0.0398718
12,901,1000,19,0.0487821
4,1,100,22,0.0201026
4,101,200,13,0.0133205
4,201,300,15,0.0156923
4,301,400,16,0.0195513
4,401,500,9,0.00708974
4,501,600,17,0.0124872
4,601,700,13,0.0137051
4,701,800,14,0.0134103
4,801,900,18,0.0130897
4,901,1000,21,0.0190256
0,1,100,22,0.0622821
0,101,200,14,0.0507308
0,201,300,13,0.0392821
0,301,400,13,0.0280385
0,401,500,15,0.0421923
0,501,600,14,0.0342051
0,601,700,7,0.0192821
0,701,800,8,0.0276154
0,801,900,12,0.0404359
0,901,1000,7,0.0162051
2,1,100,9,0.0195385
2,101,200,5,0.0140128
2,201,300,15,0.0215513
2,301,400,6,0.00484615
2,401,500,4,0.00426923
2,501,600,13,0.0427436
2,601,700,12,0.0233974
2,701,800,11,0.0207436
2,801,900,6,0.0160128
2,901,1000,9,0.0157179
1,1,100,16,0.0396282
1,101,200,20,0.0474359
1,201,300,17,0.044
1,301,400,16,0.0405128
1,401,500,13,0.0377436
1,501,600,16,0.0326667
1,601,700,13,0.0317949
1,701,800,17,0.0382692
1,801,900,19,0.0480256
1,901,1000,11,0.0307692
13,1,100,19,0.0266026
13,101,200,17,0.0222436
13,201,300,17,0.0254231
13,301,400,19,0.0319872
13,401,500,18,0.0230513
13,501,600,22,0.0297821
13,601,700,18,0.0259615
13,701,800,24,0.0319615
13,801,900,24,0.0303974
13,901,1000,23,0.0292051
8,1,100,18,0.0499231
8,101,200,24,0.0749744
8,201,300,24,0.0591923
8,301,400,18,0.0485128
8,401,500,23,0.0612436
8,501,600,19,0.0565641
8,601,700,18,0.0520256
8,701,800,21,0.0644487
8,801,900,15,0.0408462
8,901,1000,26,0.0701282
19,1,100,11,0.023359
19,101,200,12,0.0218462
19,201,300,12,0.0245128
19,301,400,10,0.0202179
19,401,500,15,0.0437564
19,501,600,15,0.0390641
19,601,700,12,0.0311538
19,701,800,10,0.0242692
19,801,900,8,0.0161026
19,901,1000,12,0.018141
7,1,100,10,0.012641
7,101,200,8,0.0205256
7,201,300,7,0.0140513
7,301,400,7,0.00619231
7,401,500,7,0.0102308
7,501,600,7,0.0171667
7,601,700,13,0.0270641
7,701,800,9,0.0195769
7,801,900,6,0.00938462
7,901,1000,6,0.0175641
3,1,100,12,0.022641
3,101,200,11,0.0198205
3,201,300,13,0.0288718
3,301,400,14,0.0257179
3,401,500,12,0.0275385
3,501,600,11,0.0185641
3,601,700,14,0.0323077
3,701,800,14,0.0273205
3,801,900,11,0.0196795
3,901,1000,8,0.0140641
10,1,100,6,0.0233077
10,101,200,16,0.0615385
10,201,300,12,0.0432308
10,301,400,17,0.0698846
10,401,500,17,0.062141
10,501,600,16,0.0638718
10,601,700,12,0.0407179
10,701,800,12,0.0331538
10,801,900,16,0.066
10,901,1000,9,0.0349231
16,1,100,11,0.0171538
16,101,200,19,0.0260385
16,201,300,16,0.0232179
16,301,400,11,0.0118846
16,401,500,17,0.0259487
16,501,600,14,0.0220641
16,601,700,11,0.013359
16,701,800,10,0.0147692
16,801,900,10,0.0121923
16,901,1000,12,0.0134103
19,1,100,20,0.0739231
19,101,200,13,0.0474615
19,201,300,20,0.0566282
19,301,400,16,0.0575641
19,401,500,23,0.0773846
19,501,600,26,0.0980128
19,601,700,20,0.0729872
19,701,800,16,0.0612692
19,801,900,12,0.0386026
19,901,1000,17,0.0642564
1,1,100,11,0.0292308
1,101,200,9,0.0299615
1,201,300,9,0.0237821
1,301,400,13,0.0415897
1,401,500,4,0.00826923
1,501,600,6,0.0234744
1,601,700,8,0.0237821
1,701,800,8,0.0244744
1,801,900,11,0.0397692
1,901,1000,10,0.0242949
19,1,100,23,0.044641
19,101,200,13,0.0326026
19,201,300,19,0.0436154
19,301,400,16,0.0356667
19,401,500,10,0.0259744
19,501,600,24,0.0585897
19,601,700,23,0.0500128
19,701,800,10,0.0217179
19,801,900,15,0.0325385
19,901,1000,17,0.0350385
5,1,100,8,0.0149231
5,101,200,16,0.0340897
5,201,300,18,0.038859
5,301,400,16,0.0349487
5,401,500,16,0.0275385
5,501,600,12,0.0269103
5,601,700,20,0.0350513
5,701,800,5,0.0114744
5,801,900,2,0.00234615
5,901,1000,12,0.0234359
13,1,100,8,0.0255513
13,101,200,11,0.041
13,201,300,13,0.0414103
13,301,400,11,0.0326538
13,401,500,13,0.0337821
13,501,600,12,0.0276538
13,601,700,11,0.0321923
13,701,800,15,0.063359
13,801,900,13,0.0546538
13,901,1000,6,0.0131026
18,1,100,6,0.0230128
18,101,200,7,0.0173846
18,201,300,8,0.0221538
18,301,400,9,0.022359
18,401,500,12,0.0419615
18,501,600,12,0.0331282
18,601,700,11,0.0330256
18,701,800,6,0.0238718
18,801,900,9,0.0222051
18,901,1000,7,0.0216667
8,1,100,5,0.0136667
8,101,200,10,0.0328846
8,201,300,7,0.0223462
8,301,400,11,0.0260897
8,401,500,3,0.00824359
8,501,600,7,0.0131026
8,601,700,10,0.0329359
8,701,800,10,0.0193333
8,801,900,7,0.0202949
8,901,1000,11,0.0136154
15,1,100,13,0.0232821
15,101,200,13,0.0232949
15,201,300,7,0.0151538
15,301,400,5,0.00892308
15,401,500,16,0.0382436
15,501,600,14,0.0257436
15,601,700,14,0.0225513
15,701,800,9,0.0175128
15,801,900,12,0.022859
15,901,1000,9,0.0147821
7,1,100,10,0.0254487
7,101,200,10,0.0179872
7,201,300,11,0.022141
7,301,400,6,0.0158846
7,401,500,10,0.0216154
7,501,600,7,0.0172051
7,601,700,9,0.0269615
7,701,800,7,0.0181667
7,801,900,5,0.0132308
7,901,1000,9,0.0321667
16,1,100,18,0.0495897
16,101,200,18,0.0379615
16,201,300,20,0.0617821
16,301,400,13,0.0358333
16,401,500,20,0.0475641
16,501,600,19,0.0531667
16,601,700,18,0.0602308
16,701,800,21,0.0532436
16,801,900,16,0.0482051
16,901,1000,16,0.0404103
6,1,100,14,0.0235
6,101,200,15,0.0280769
6,201,300,9,0.0151923
6,301,400,9,0.0199615
6,401,500,9,0.0202821
6,501,600,8,0.0162051
6,601,700,10,0.0261923
6,701,800,8,0.0159872
6,801,900,6,0.0133205
6,901,1000,9,0.0120256
15,1,100,8,0.0182949
15,101,200,9,0.0180641
15,201,300,11,0.0189231
15,301,400,10,0.0175641
15,401,500,11,0.021641
15,501,600,13,0.0269872
15,601,700,11,0.0251923
15,701,800,13,0.0308974
15,801,900,13,0.0331282
15,901,1000,6,0.0162436
18,1,100,13,0.041
18,101,200,11,0.0355641
18,201,300,15,0.0330128
18,301,400,14,0.0367821
18,401,500,18,0.0509615
18,501,600,12,0.0411538
18,601,700,18,0.0464487
18,701,800,12,0.0327179
18,801,900,15,0.0436154
18,901,1000,15,0.0487308
19,1,100,9,0.0194744
19,101,200,12,0.0332692
19,201,300,6,0.0177308
19,301,400,12,0.0240641
19,401,500,8,0.0256154
19,501,600,5,0.0126923
19,601,700,9,0.0309359
19,701,800,9,0.0284487
19,801,900,9,0.0286282
19,901,1000,11,0.0256667
12,1,100,6,0.0209744
12,101,200,8,0.0221538
12,201,300,9,0.0289615
12,301,400,4,0.0102436
12,401,500,10,0.0276667
12,501,600,6,0.0146923
12,601,700,7,0.0212179
12,701,800,6,0.0183846
12,801,900,5,0.0166923
12,901,1000,5,0.00841026
1,1,100,10,0.0239487
1,101,200,9,0.0117692
1,201,300,7,0.0256282
1,301,400,7,0.0199872
1,401,500,12,0.0384615
1,501,600,15,0.0367436
1,601,700,11,0.0302821
1,701,800,10,0.035359
1,801,900,6,0.0149872
1,901,1000,8,0.0286154
7,1,100,21,0.0396154
7,101,200,17,0.0424231
7,201,300,33,0.0469615
7,301,400,19,0.0219872
7,401,500,26,0.0528974
7,501,600,21,0.0321154
7,601,700,22,0.0303974
7,701,800,17,0.0217821
7,801,900,33,0.0561154
7,901,1000,21,0.0320128
8,1,100,16,0.0328974
8,101,200,5,0.0101538
8,201,300,16,0.0226538
8,301,400,9,0.0165641
8,401,500,11,0.0140128
8,501,600,11,0.0221154
8,601,700,14,0.0220513
8,701,800,9,0.0187692
8,801,900,10,0.0185385
8,901,1000,9,0.0111026
3,1,100,14,0.0377051
3,101,200,13,0.0284359
3,201,300,13,0.0295641
3,301,400,7,0.0165897
3,401,500,10,0.0338846
3,501,600,15,0.0459872
3,601,700,11,0.0371538
3,701,800,20,0.0329487
3,801,900,14,0.0310385
3,901,1000,18,0.0511154
17,1,100,17,0.0452051
17,101,200,21,0.0601154
17,201,300,18,0.0561923
17,301,400,19,0.0723462
17,401,500,17,0.0692051
17,501,600,16,0.0520128
17,601,700,6,0.0236667
17,701,800,18,0.0641154
17,801,900,19,0.0623974
17,901,1000,14,0.0455128
13,1,100,13,0.0467436
13,101,200,12,0.0431923
13,201,300,16,0.0632436
13,301,400,14,0.0499615
13,401,500,21,0.0784487
13,501,600,8,0.0236667
13,601,700,13,0.0251667
13,701,800,14,0.0423077
13,801,900,19,0.0593974
13,901,1000,15,0.0487692
5,1,100,18,0.0496923
5,101,200,7,0.018
5,201,300,11,0.0298974
5,301,400,13,0.0305128
5,401,500,13,0.0396667
5,501,600,7,0.0141026
5,601,700,16,0.0382692
5,701,800,16,0.0347308
5,801,900,18,0.0555128
5,901,1000,16,0.038859
13,1,100,3,0.00782051
13,101,200,6,0.00442308
13,201,300,7,0.0090641
13,301,400,12,0.0234487
13,401,500,7,0.0133077
13,501,600,5,0.00519231
13,601,700,6,0.0174744
13,701,800,12,0.0133846
13,801,900,12,0.0277179
13,901,1000,7,0.00926923
1,1,100,20,0.0622179
1,101,200,21,0.0614359
1,201,300,16,0.0406154
1,301,400,22,0.0558077
1,401,500,18,0.0473333
1,501,600,18,0.0526667
1,601,700,14,0.0321282
1,701,800,16,0.0432436
1,801,900,13,0.0351282
1,901,1000,19,0.0559103
10,1,100,9,0.0131667
10,101,200,9,0.0147051
10,201,300,11,0.0304231
10,301,400,8,0.0125385
10,401,500,14,0.0249744
10,501,600,14,0.0245128
10,601,700,8,0.0276923
10,701,800,9,0.0298462
10,801,900,13,0.0285513
10,901,1000,11,0.0222821
14,1,100,11,0.0438974
14,101,200,12,0.0335128
14,201,300,10,0.0340641
14,301,400,12,0.0392821
14,401,500,13,0.0348333
14,501,600,15,0.0472564
14,601,700,9,0.0332051
14,701,800,9,0.0336282
14,801,900,7,0.0206795
14,901,1000,13,0.0365641
6,1,100,22,0.0479872
6,101,200,12,0.0209872
6,201,300,9,0.022859
6,301,400,13,0.0299103
6,401,500,11,0.0215769
6,501,600,13,0.0328846
6,601,700,8,0.0160128
6,701,800,10,0.0200128
6,801,900,16,0.0351667
6,901,1000,8,0.0167179
18,1,100,13,0.0334872
18,101,200,8,0.020859
18,201,300,12,0.0172692
18,301,400,15,0.0311667
18,401,500,16,0.0415641
18,501,600,18,0.0501282
18,601,700,18,0.0470256
18,701,800,11,0.0313462
18,801,900,15,0.0465513
18,901,1000,15,0.0288333
7,1,100,10,0.0199744
7,101,200,17,0.0348333
7,201,300,8,0.0140897
7,301,400,13,0.030141
7,401,500,15,0.0231667
7,501,600,8,0.0223974
7,601,700,14,0.0258974
7,701,800,12,0.0262051
7,801,900,12,0.0236923
7,901,1000,11,0.0184359
17,1,100,15,0.0310513
17,101,200,16,0.0358974
17,201,300,19,0.0463077
17,301,400,11,0.0253974
17,401,500,19,0.0450256
17,501,600,13,0.0212179
17,601,700,5,0.00961538
17,701,800,23,0.0505128
17,801,900,9,0.0191667
17,901,1000,13,0.0262308
15,1,100,9,0.0184103
15,101,200,8,0.0167436
15,201,300,19,0.0439231
15,301,400,6,0.0150128
15,401,500,3,0.0064359
15,501,600,12,0.0282821
15,601,700,9,0.0195769
15,701,800,8,0.0231795
15,801,900,10,0.0261026
15,901,1000,9,0.0214872
0,1,100,18,0.0342051
0,101,200,14,0.0295513
0,201,300,16,0.0274359
0,301,400,20,0.0372821
0,401,500,13,0.0401026
0,501,600,23,0.0473718
0,601,700,16,0.0305897
0,701,800,15,0.0322949
0,801,900,16,0.0327821
0,901,1000,20,0.0369103
16,1,100,13,0.0206667
16,101,200,12,0.0126282
16,201,300,18,0.0390128
16,301,400,14,0.0300513
16,401,500,11,0.0153974
16,501,600,21,0.0326923
16,601,700,10,0.0155385
16,701,800,9,0.0139103
16,801,900,15,0.028
16,901,1000,10,0.0111923
16,1,100,15,0.0513846
16,101,200,8,0.025141
16,201,300,9,0.0328718
16,301,400,11,0.0381538
16,401,500,17,0.0551923
16,501,600,8,0.0280769
16,601,700,9,0.0189231
16,701,800,10,0.0298333
16,801,900,6,0.0197179
16,901,1000,8,0.0241538
9,1,100,11,0.0435769
9,101,200,22,0.0725128
9,201,300,16,0.0545385
9,301,400,16,0.0441538
9,401,500,16,0.0562564
9,501,600,13,0.0394231
9,601,700,11,0.0323846
9,701,800,15,0.0537051
9,801,900,23,0.0914615
9,901,1000,14,0.0472564
17,1,100,9,0.0261923
17,101,200,14,0.0420897
17,201,300,10,0.0260769
17,301,400,12,0.0198462
17,401,500,7,0.0135513
17,501,600,9,0.0309103
17,601,700,11,0.023
17,701,800,10,0.0226923
17,801,900,13,0.0295
17,901,1000,5,0.00630769
10,1,100,8,0.0213333
10,101,200,6,0.0194615
10,201,300,13,0.0374103
10,301,400,9,0.019
10,401,500,9,0.0219615
10,501,600,15,0.0342692
10,601,700,7,0.0178077
10,701,800,18,0.0473205
10,801,900,10,0.0268205
10,901,1000,10,0.0232308
