CHROM,BIN_START,BIN_END,N_VARIANTS,PI
13,1,100,10,0.0300395
13,101,200,12,0.0471921
13,201,300,11,0.0285593
13,301,400,12,0.0360678
13,401,500,14,0.0397119
13,501,600,21,0.0803051
13,601,700,16,0.0551299
13,701,800,15,0.0514576
13,801,900,17,0.055661
13,901,1000,12,0.0426384
6,1,100,12,0.0373446
6,101,200,9,0.0223672
6,201,300,8,0.0378136
6,301,400,5,0.012452
6,401,500,9,0.0225989
6,501,600,13,0.0310791
6,601,700,8,0.0137119
6,701,800,14,0.0423333
6,801,900,6,0.0125989
6,901,1000,8,0.0260678
12,1,100,16,0.0583898
12,101,200,17,0.0711525
12,201,300,14,0.0476158
12,301,400,18,0.0674915
12,401,500,22,0.0828531
12,501,600,16,0.0529266
12,601,700,16,0.0552712
12,701,800,18,0.0670226
12,801,900,10,0.0444633
12,901,1000,24,0.100605
2,1,100,15,0.0383955
2,101,200,15,0.0389209
2,201,300,9,0.0178644
2,301,400,15,0.037113
2,401,500,14,0.0254746
2,501,600,12,0.0174746
2,601,700,18,0.0373503
2,701,800,14,0.0330339
2,801,900,20,0.0414802
2,901,1000,17,0.0315424
12,1,100,9,0.0200904
12,101,200,17,0.0273785
12,201,300,7,0.0140452
12,301,400,17,0.0389379
12,401,500,12,0.0141977
12,501,600,8,0.0145819
12,601,700,15,0.0395141
12,701,800,8,0.0193729
12,801,900,8,0.0153107
12,901,1000,10,0.0245254
11,1,100,11,0.0245085
11,101,200,13,0.0379435
11,201,300,10,0.028209
11,301,400,13,0.0252373
11,401,500,6,0.0149492
11,501,600,14,0.0272599
11,601,700,11,0.0387006
11,701,800,13,0.0318192
11,801,900,14,0.0279153
11,901,1000,13,0.0237006
6,1,100,11,0.0190734
6,101,200,8,0.0207006
6,201,300,16,0.0375593
6,301,400,11,0.0184859
6,401,500,11,0.0306497
6,501,600,14,0.022661
6,601,700,12,0.0294802
6,701,800,10,0.0127062
6,801,900,11,0.0207062
6,901,1000,8,0.0111751
8,1,100,16,0.0447571
8,101,200,18,0.0566045
8,201,300,16,0.0432768
8,301,400,10,0.0217571
8,401,500,15,0.0409661
8,501,600,11,0.0257853
8,601,700,9,0.025339
8,701,800,10,0.0310621
8,801,900,12,0.0367966
8,901,1000,11,0.037565
12,1,100,2,0.0039096
12,101,200,6,0.0146328
12,201,300,5,0.011226
12,301,400,9,0.0160734
12,401,500,13,0.0224294
12,501,600,9,0.012661
12,601,700,2,0.00131638
12,701,800,8,0.0144972
12,801,900,6,0.0166102
12,901,1000,11,0.0219096
19,1,100,5,0.0119605
19,101,200,7,0.0181977
19,201,300,1,0.00363842
19,301,400,7,0.00751977
19,401,500,9,0.0218418
19,501,600,13,0.034548
19,601,700,8,0.0188531
19,701,800,12,0.0253277
19,801,900,5,0.00875706
19,901,1000,10,0.0187345
17,1,100,10,0.0338983
17,101,200,12,0.0308249
17,201,300,11,0.0267627
17,301,400,12,0.0539831
17,401,500,7,0.0195763
17,501,600,13,0.0381356
17,601,700,6,0.0219379
17,701,800,6,0.0146102
17,801,900,10,0.0336271
17,901,1000,11,0.0262034
17,1,100,10,0.0276045
17,101,200,10,0.0247966
17,201,300,6,0.0133785
17,301,400,13,0.027113
17,401,500,11,0.0215141
17,501,600,10,0.0244407
17,601,700,16,0.0372712
17,701,800,10,0.0216328
17,801,900,10,0.0179153
17,901,1000,20,0.0480226
6,1,100,8,0.0196158
6,101,200,9,0.00476271
6,201,300,7,0.00819774
6,301,400,8,0.0117853
6,401,500,9,0.00426554
6,501,600,13,0.0174237
6,601,700,13,0.0119831
6,701,800,12,0.0109492
6,801,900,11,0.0150226
6,901,1000,13,0.0143051
8,1,100,10,0.0191186
8,101,200,11,0.0218814
8,201,300,8,0.00758757
8,301,400,10,0.024322
8,401,500,7,0.0123729
8,501,600,3,0.00249718
8,601,700,9,0.0195085
8,701,800,1,0.000333333
8,801,900,6,0.00942373
8,901,1000,6,0.00841808
12,1,100,5,0.0135989
12,101,200,5,0.00758192
12,201,300,12,0.0199153
12,301,400,9,0.0176949
12,401,500,12,0.0230508
12,501,600,6,0.010548
12,601,700,5,0.0117684
12,701,800,8,0.0200621
12,801,900,12,0.0238249
12,901,1000,4,0.00545198
19,1,100,12,0.0203955
19,101,200,9,0.0134915
19,201,300,14,0.0200508
19,301,400,13,0.0204576
19,401,500,11,0.0241695
19,501,600,10,0.0172938
19,601,700,9,0.0176441
19,701,800,20,0.0302825
19,801,900,8,0.00876271
19,901,1000,13,0.0189209
12,1,100,11,0.0172768
12,101,200,9,0.0122373
12,201,300,11,0.0200395
12,301,400,11,0.0167345
12,401,500,13,0.0181525
12,501,600,9,0.0111808
12,601,700,9,0.0192429
12,701,800,11,0.0145989
12,801,900,11,0.0219209
12,901,1000,18,0.0348531
7,1,100,15,0.0355763
7,101,200,8,0.0112938
7,201,300,11,0.0277571
7,301,400,7,0.0079435
7,401,500,13,0.0344633
7,501,600,9,0.0269944
7,601,700,9,0.0239661
7,701,800,12,0.0268644
7,801,900,11,0.0192825
7,901,1000,9,0.0191356
9,1,100,9,0.00769492
9,101,200,11,0.0167514
9,201,300,13,0.0176384
9,301,400,12,0.00902825
9,401,500,7,0.00515254
9,501,600,8,0.00794915
9,601,700,10,0.00999435
9,701,800,10,0.00993785
9,801,900,7,0.0080339
9,901,1000,8,0.00753672
11,1,100,15,0.0124463
11,101,200,13,0.0111808
11,201,300,14,0.0147119
11,301,400,10,0.016096
11,401,500,13,0.0106045
11,501,600,10,0.0137006
11,601,700,7,0.00857627
11,701,800,8,0.00955367
11,801,900,10,0.00683051
11,901,1000,8,0.0124463
4,1,100,8,0.019887
4,101,200,13,0.030226
4,201,300,9,0.0206723
4,301,400,9,0.0200565
4,401,500,12,0.0272542
4,501,600,9,0.0185593
4,601,700,11,0.0270847
4,701,800,9,0.0191864
4,801,900,9,0.0241017
4,901,1000,11,0.0226102
17,1,100,6,0.0117797
17,101,200,5,0.00624294
17,201,300,7,0.0116949
17,301,400,9,0.0227119
17,401,500,6,0.0139209
17,501,600,10,0.0203842
17,601,700,11,0.0106158
17,701,800,6,0.00389831
17,801,900,8,0.0136215
17,901,1000,7,0.0131186
14,1,100,7,0.00942938
14,101,200,11,0.0120169
14,201,300,9,0.0121808
14,301,400,8,0.00520904
14,401,500,12,0.0112316
14,501,600,9,0.0152881
14,601,700,4,0.00287571
14,701,800,11,0.0180565
14,801,900,8,0.00821469
14,901,1000,9,0.017435
11,1,100,9,0.0275876
11,101,200,9,0.0174011
11,201,300,14,0.0227514
11,301,400,10,0.0173785
11,401,500,3,0.0150113
11,501,600,9,0.0165989
11,601,700,6,0.00810734
11,701,800,12,0.0243446
11,801,900,15,0.0257684
11,901,1000,5,0.0120113
3,1,100,10,0.0151412
3,101,200,7,0.0145198
3,201,300,4,0.0125085
3,301,400,6,0.00716949
3,401,500,10,0.0157401
3,501,600,13,0.0280282
3,601,700,8,0.015096
3,701,800,8,0.00517514
3,801,900,9,0.0132768
3,901,1000,6,0.0133503
7,1,100,8,0.00867232
7,101,200,7,0.00993785
7,201,300,11,0.0238192
7,301,400,9,0.0142768
7,401,500,7,0.0120113
7,501,600,14,0.023565
7,601,700,8,0.0164407
7,701,800,7,0.010096
7,801,900,7,0.00849153
7,901,1000,9,0.0123559
5,1,100,9,0.0104915
5,101,200,8,0.0134124
5,201,300,9,0.0128023
5,301,400,8,0.0273898
5,401,500,15,0.0271921
5,501,600,7,0.0137966
5,601,700,7,0.0137684
5,701,800,6,0.0163333
5,801,900,15,0.0299096
5,901,1000,15,0.0286723
18,1,100,7,0.012791
18,101,200,9,0.00898305
18,201,300,9,0.00970621
18,301,400,7,0.0165028
18,401,500,5,0.00563277
18,501,600,7,0.00988136
18,601,700,8,0.0174689
18,701,800,4,0.011435
18,801,900,6,0.0134294
18,901,1000,7,0.0110113
10,1,100,16,0.0298701
10,101,200,12,0.0247232
10,201,300,10,0.0246384
10,301,400,13,0.0375028
10,401,500,11,0.0345706
10,501,600,5,0.00867232
10,601,700,12,0.0390734
10,701,800,12,0.0163729
10,801,900,10,0.0174576
10,901,1000,11,0.0253277
16,1,100,17,0.0342034
16,101,200,21,0.0595537
16,201,300,13,0.0294463
16,301,400,7,0.0112034
16,401,500,17,0.0418531
16,501,600,8,0.0279661
16,601,700,17,0.0359379
16,701,800,13,0.0234407
16,801,900,14,0.0189492
16,901,1000,10,0.0280904
8,1,100,5,0.00988136
8,101,200,14,0.0319153
8,201,300,9,0.0223955
8,301,400,13,0.0237458
8,401,500,13,0.0305141
8,501,600,13,0.0364011
8,601,700,17,0.0557853
8,701,800,12,0.0371808
8,801,900,11,0.024887
8,901,1000,13,0.0295141
18,1,100,5,0.0198531
18,101,200,10,0.0121243
18,201,300,6,0.0100734
18,301,400,5,0.0100565
18,401,500,6,0.013678
18,501,600,8,0.00944633
18,601,700,5,0.00934463
18,701,800,9,0.0228475
18,801,900,8,0.0121186
18,901,1000,9,0.0121469
14,1,100,11,0.0249379
14,101,200,21,0.0229266
14,201,300,18,0.0415311
14,301,400,7,0.0169153
14,401,500,13,0.0239379
14,501,600,8,0.0103051
14,601,700,15,0.0340226
14,701,800,14,0.0263559
14,801,900,13,0.0244124
14,901,1000,14,0.0366384
15,1,100,14,0.0440452
15,101,200,18,0.0519661
15,201,300,8,0.023452
15,301,400,14,0.0260339
15,401,500,11,0.0245763
15,501,600,8,0.00801695
15,601,700,17,0.0374746
15,701,800,15,0.0314011
15,801,900,13,0.0358475
15,901,1000,10,0.0216215
19,1,100,6,0.0117797
19,101,200,5,0.00624294
19,201,300,7,0.0116949
19,301,400,9,0.0227119
19,401,500,6,0.0139209
19,501,600,10,0.0203842
19,601,700,11,0.0106158
19,701,800,6,0.00389831
19,801,900,8,0.0136215
19,901,1000,7,0.0131186
2,1,100,10,0.0236497
2,101,200,14,0.0392768
2,201,300,15,0.0397966
2,301,400,13,0.0187627
2,401,500,15,0.0317514
2,501,600,9,0.0294068
2,601,700,11,0.0240621
2,701,800,6,0.0132486
2,801,900,10,0.0222655
2,901,1000,10,0.0293842
16,1,100,14,0.0184011
16,101,200,22,0.0460678
16,201,300,14,0.0329887
16,301,400,9,0.0148475
16,401,500,18,0.0390339
16,501,600,21,0.0367684
16,601,700,9,0.024209
16,701,800,9,0.0130226
16,801,900,15,0.0236667
16,901,1000,6,0.019226
14,1,100,12,0.0402542
14,101,200,10,0.030904
14,201,300,7,0.0116497
14,301,400,17,0.0322768
14,401,500,9,0.0310734
14,501,600,4,0.0167232
14,601,700,12,0.033791
14,701,800,19,0.0563842
14,801,900,9,0.0317627
14,901,1000,10,0.0291638
10,1,100,9,0.0157175
10,101,200,13,0.0179435
10,201,300,4,0.0069774
10,301,400,11,0.025435
10,401,500,6,0.0118701
10,501,600,12,0.0145141
10,601,700,9,0.0130791
10,701,800,12,0.0174294
10,801,900,8,0.0167966
10,901,1000,9,0.00697175
0,1,100,7,0.0179322
0,101,200,11,0.0184859
0,201,300,7,0.00763277
0,301,400,6,0.00772881
0,401,500,5,0.0079435
0,501,600,4,0.0101412
0,601,700,13,0.0258757
0,701,800,7,0.0166102
0,801,900,4,0.00319774
0,901,1000,9,0.00959887
6,1,100,12,0.0099661
6,101,200,13,0.00676271
6,201,300,15,0.0219661
6,301,400,10,0.011339
6,401,500,11,0.00631638
6,501,600,4,0.00367232
6,601,700,12,0.0107627
6,701,800,7,0.0107458
6,801,900,13,0.0124011
6,901,1000,11,0.0154859
19,1,100,12,0.0297401
19,101,200,12,0.0188644
19,201,300,6,0.0112768
19,301,400,7,0.00927684
19,401,500,6,0.0114972
19,501,600,5,0.0141356
19,601,700,8,0.0132938
19,701,800,4,0.00830508
19,801,900,3,0.00577401
19,901,1000,12,0.0213051
5,1,100,5,0.0149548
5,101,200,11,0.0303672
5,201,300,12,0.0187062
5,301,400,10,0.0314972
5,401,500,14,0.0334689
5,501,600,8,0.0219661
5,601,700,10,0.0174237
5,701,800,17,0.049096
5,801,900,13,0.0361017
5,901,1000,10,0.0268023
5,1,100,9,0.0265537
5,101,200,5,0.0106723
5,201,300,13,0.0305141
5,301,400,14,0.0362429
5,401,500,8,0.0144237
5,501,600,11,0.0234294
5,601,700,12,0.0263107
5,701,800,10,0.0211243
5,801,900,11,0.0243164
5,901,1000,8,0.0145537
2,1,100,7,0.0079548
2,101,200,11,0.0231977
2,201,300,11,0.0187458
2,301,400,14,0.026096
2,401,500,11,0.0233107
2,501,600,12,0.022887
2,601,700,7,0.0146215
2,701,800,6,0.00621469
2,801,900,13,0.0242429
2,901,1000,16,0.0296893
13,1,100,11,0.0180339
13,101,200,9,0.0181017
13,201,300,8,0.0171864
13,301,400,8,0.0105706
13,401,500,12,0.0254915
13,501,600,5,0.0059322
13,601,700,9,0.0155424
13,701,800,9,0.0141186
13,801,900,7,0.0172994
13,901,1000,5,0.0105819
0,1,100,8,0.0224915
0,101,200,8,0.013113
0,201,300,5,0.00989831
0,301,400,12,0.0303559
0,401,500,15,0.0365085
0,501,600,14,0.0275706
0,601,700,9,0.0167006
0,701,800,11,0.0329774
0,801,900,14,0.0325028
0,901,1000,13,0.0252994
8,1,100,7,0.0113446
8,101,200,13,0.0179096
8,201,300,8,0.0174124
8,301,400,6,0.00263277
8,401,500,7,0.016678
8,501,600,12,0.0210565
8,601,700,7,0.0151638
8,701,800,9,0.0186893
8,801,900,8,0.0183446
8,901,1000,11,0.0249322
3,1,100,13,0.0363672
3,101,200,9,0.0253559
3,201,300,14,0.0348192
3,301,400,17,0.0462429
3,401,500,5,0.00667232
3,501,600,6,0.0100791
3,601,700,12,0.0335198
3,701,800,14,0.0452655
3,801,900,16,0.0337401
3,901,1000,15,0.0403333
16,1,100,11,0.0224068
16,101,200,10,0.0134237
16,201,300,12,0.0132542
16,301,400,8,0.00985311
16,401,500,6,0.00577966
16,501,600,9,0.00957062
16,601,700,11,0.0196723
16,701,800,6,0.0089096
16,801,900,10,0.0189718
16,901,1000,10,0.0166102
11,1,100,14,0.040096
11,101,200,19,0.0585989
11,201,300,11,0.0427062
11,301,400,16,0.0315367
11,401,500,15,0.0449718
11,501,600,17,0.0439209
11,601,700,14,0.0392712
11,701,800,15,0.0500791
11,801,900,7,0.0197345
11,901,1000,15,0.0338418
16,1,100,9,0.0189661
16,101,200,9,0.0235141
16,201,300,10,0.0194181
16,301,400,3,0.00583051
16,401,500,7,0.0123051
16,501,600,11,0.0217401
16,601,700,5,0.011209
16,701,800,7,0.014548
16,801,900,13,0.0233955
16,901,1000,14,0.0420678
18,1,100,10,0.0125876
18,101,200,12,0.0144011
18,201,300,9,0.0163051
18,301,400,5,0.00668362
18,401,500,8,0.00997175
18,501,600,12,0.0161186
18,601,700,12,0.0197627
18,701,800,9,0.0182825
18,801,900,4,0.00428249
18,901,1000,6,0.00587571
5,1,100,7,0.0222316
5,101,200,8,0.0163277
5,201,300,6,0.00624859
5,301,400,9,0.0150678
5,401,500,10,0.0102147
5,501,600,7,0.0152147
5,601,700,8,0.00920339
5,701,800,11,0.0180113
5,801,900,11,0.011096
5,901,1000,10,0.0177627
14,1,100,6,0.0138531
14,101,200,7,0.0184746
14,201,300,8,0.0127627
14,301,400,9,0.0238814
14,401,500,6,0.00957062
14,501,600,10,0.0249718
14,601,700,9,0.0161412
14,701,800,6,0.00806215
14,801,900,6,0.0128588
14,901,1000,10,0.0183051
11,1,100,7,0.00924859
11,101,200,7,0.012565
11,201,300,7,0.0141977
11,301,400,8,0.010774
11,401,500,10,0.0238814
11,501,600,7,0.0115593
11,601,700,10,0.0145706
11,701,800,15,0.0259774
11,801,900,5,0.0121977
11,901,1000,11,0.0158249
6,1,100,8,0.024661
6,101,200,12,0.0235989
6,201,300,11,0.0308701
6,301,400,6,0.0137966
6,401,500,12,0.0220339
6,501,600,14,0.0332599
6,601,700,18,0.0398983
6,701,800,11,0.0296441
6,801,900,13,0.0149209
6,901,1000,4,0.0152655
1,1,100,13,0.037339
1,101,200,9,0.0224463
1,201,300,14,0.0268588
1,301,400,13,0.0454463
1,401,500,12,0.0246554
1,501,600,16,0.0256271
1,601,700,14,0.0275367
1,701,800,20,0.042322
1,801,900,17,0.0338023
1,901,1000,17,0.0367175
4,1,100,5,0.0161017
4,101,200,12,0.033322
4,201,300,6,0.0149831
4,301,400,19,0.0302712
4,401,500,14,0.0333616
4,501,600,14,0.0328701
4,601,700,6,0.0135311
4,701,800,11,0.0348475
4,801,900,12,0.0440678
4,901,1000,10,0.0326102
4,1,100,13,0.0244463
4,101,200,14,0.040113
4,201,300,10,0.0179774
4,301,400,12,0.0210621
4,401,500,10,0.0149718
4,501,600,17,0.034452
4,601,700,13,0.0320395
4,701,800,9,0.0211921
4,801,900,13,0.0304972
4,901,1000,13,0.0314181
7,1,100,8,0.0149774
7,101,200,15,0.0288249
7,201,300,7,0.0186045
7,301,400,13,0.0298362
7,401,500,13,0.0310226
7,501,600,6,0.0138983
7,601,700,14,0.029
7,701,800,12,0.017435
7,801,900,13,0.0331525
7,901,1000,13,0.0298305
16,1,100,12,0.0182938
16,101,200,12,0.0331638
16,201,300,6,0.0147175
16,301,400,10,0.030774
16,401,500,9,0.0186667
16,501,600,11,0.0273729
16,601,700,14,0.0439944
16,701,800,11,0.0139831
16,801,900,14,0.0365876
16,901,1000,9,0.0249605
4,1,100,28,0.103514
4,101,200,16,0.058452
4,201,300,21,0.0895254
4,301,400,21,0.0662938
4,401,500,25,0.103582
4,501,600,16,0.0618983
4,601,700,13,0.0512486
4,701,800,17,0.0438983
4,801,900,21,0.0830621
4,901,1000,21,0.0681977
6,1,100,16,0.0248983
6,101,200,6,0.0139887
6,201,300,19,0.0425537
6,301,400,7,0.0104463
6,401,500,12,0.0140452
6,501,600,5,0.0100904
6,601,700,8,0.0144237
6,701,800,7,0.0116158
6,801,900,5,0.00781921
6,901,1000,11,0.0117288
14,1,100,8,0.0145819
14,101,200,14,0.0203333
14,201,300,14,0.021774
14,301,400,11,0.0176215
14,401,500,10,0.0167232
14,501,600,11,0.0103277
14,601,700,7,0.0121977
14,701,800,10,0.0181186
14,801,900,14,0.0219153
14,901,1000,13,0.0238588
10,1,100,4,0.00764972
10,101,200,4,0.0113277
10,201,300,14,0.0176723
10,301,400,8,0.0141469
10,401,500,7,0.0179322
10,501,600,12,0.0262825
10,601,700,8,0.0195198
10,701,800,10,0.0152429
10,801,900,9,0.00938983
10,901,1000,7,0.0144802
1,1,100,13,0.0249435
1,101,200,3,0.00505085
1,201,300,11,0.0268418
1,301,400,11,0.023548
1,401,500,12,0.0261638
1,501,600,12,0.0291638
1,601,700,8,0.0130282
1,701,800,6,0.0129435
1,801,900,12,0.0326102
1,901,1000,18,0.0274011
2,1,100,12,0.0338757
2,101,200,18,0.0468927
2,201,300,7,0.0152712
2,301,400,16,0.0423277
2,401,500,19,0.0589492
2,501,600,13,0.0354859
2,601,700,20,0.0591186
2,701,800,14,0.0438362
2,801,900,14,0.0202712
2,901,1000,14,0.0395932
0,1,100,16,0.0527458
0,101,200,18,0.0497966
0,201,300,25,0.0636271
0,301,400,18,0.0626441
0,401,500,17,0.0478305
0,501,600,15,0.0477571
0,601,700,17,0.0496497
0,701,800,13,0.0419718
0,801,900,15,0.0405989
0,901,1000,19,0.0582938
17,1,100,14,0.0392203
17,101,200,10,0.0476723
17,201,300,10,0.0351525
17,301,400,12,0.0378757
17,401,500,8,0.0153842
17,501,600,9,0.0304011
17,601,700,9,0.0284407
17,701,800,5,0.00703955
17,801,900,9,0.0347175
17,901,1000,6,0.00738983
1,1,100,15,0.030209
1,101,200,19,0.0542994
1,201,300,12,0.0312712
1,301,400,22,0.0479492
1,401,500,10,0.0151638
1,501,600,12,0.0334802
1,601,700,21,0.0479774
1,701,800,12,0.0288023
1,801,900,19,0.0404237
1,901,1000,16,0.0344915
18,1,100,5,0.0100565
18,101,200,9,0.0106723
18,201,300,9,0.00580791
18,301,400,14,0.0345989
18,401,500,10,0.0205989
18,501,600,10,0.0112034
18,601,700,7,0.012904
18,701,800,5,0.0127684
18,801,900,16,0.0206441
18,901,1000,13,0.0123955
0,1,100,13,0.0176836
0,101,200,5,0.00494915
0,201,300,7,0.0128531
0,301,400,8,0.00867797
0,401,500,9,0.0105424
0,501,600,6,0.00858757
0,601,700,13,0.0208475
0,701,800,6,0.0110282
0,801,900,12,0.0153672
0,901,1000,9,0.0181582
1,1,100,18,0.0446215
1,101,200,27,0.0818757
1,201,300,18,0.0612712
1,301,400,15,0.0575085
1,401,500,25,0.0792768
1,501,600,23,0.0715085
1,601,700,20,0.0588983
1,701,800,15,0.0520791
1,801,900,16,0.0565311
1,901,1000,18,0.0382712
3,1,100,4,0.00527119
3,101,200,1,0.00126554
3,201,300,6,0.0115932
3,301,400,7,0.0170678
3,401,500,3,0.00850282
3,501,600,8,0.0229548
3,601,700,5,0.00736723
3,701,800,7,0.0170791
3,801,900,11,0.0268136
3,901,1000,8,0.0216215
13,1,100,12,0.0187062
13,101,200,15,0.028339
13,201,300,6,0.0132034
13,301,400,14,0.0400282
13,401,500,8,0.0238023
13,501,600,4,0.00794915
13,601,700,12,0.0283729
13,701,800,8,0.0208983
13,801,900,5,0.0166667
13,901,1000,9,0.0199548
13,1,100,7,0.0186554
13,101,200,4,0.00633333
13,201,300,14,0.0236045
13,301,400,14,0.0149887
13,401,500,15,0.0294124
13,501,600,11,0.0131808
13,601,700,15,0.0213164
13,701,800,9,0.0127119
13,801,900,14,0.013904
13,901,1000,16,0.0218531
8,1,100,9,0.00664407
8,101,200,7,0.00822034
8,201,300,9,0.0262938
8,301,400,8,0.0332542
8,401,500,5,0.00546328
8,501,600,10,0.0127006
8,601,700,10,0.0150113
8,701,800,9,0.00866102
8,801,900,15,0.0328644
8,901,1000,4,0.00859887
18,1,100,11,0.0296893
18,101,200,12,0.0438531
18,201,300,14,0.0294237
18,301,400,14,0.0398079
18,401,500,11,0.0324463
18,501,600,15,0.039
18,601,700,11,0.0324068
18,701,800,13,0.0440169
18,801,900,11,0.0336045
18,901,1000,10,0.0213503
3,1,100,19,0.0651864
3,101,200,9,0.0289548
3,201,300,15,0.0480678
3,301,400,23,0.081678
3,401,500,15,0.0444576
3,501,600,16,0.0587062
3,601,700,13,0.0385989
3,701,800,16,0.047452
3,801,900,13,0.0331751
3,901,1000,10,0.0329322
8,1,100,14,0.0207062
8,101,200,13,0.0206045
8,201,300,8,0.0139153
8,301,400,8,0.0208475
8,401,500,13,0.0235932
8,501,600,9,0.0117797
8,601,700,10,0.017435
8,701,800,10,0.0154294
8,801,900,12,0.0242938
8,901,1000,5,0.00849718
13,1,100,16,0.0268136
13,101,200,13,0.0155763
13,201,300,3,0.00308475
13,301,400,13,0.0107288
13,401,500,12,0.0214124
13,501,600,6,0.00450847
13,601,700,9,0.0161808
13,701,800,10,0.0194915
13,801,900,8,0.00734463
13,901,1000,5,0.00625424
7,1,100,6,0.0152542
7,101,200,6,0.00529379
7,201,300,11,0.0243672
7,301,400,11,0.0250904
7,401,500,11,0.0267571
7,501,600,4,0.0122203
7,601,700,16,0.0383616
7,701,800,12,0.0157345
7,801,900,11,0.0192429
7,901,1000,12,0.0269379
12,1,100,8,0.00855367
12,101,200,12,0.0171017
12,201,300,9,0.0102429
12,301,400,11,0.0156102
12,401,500,11,0.016339
12,501,600,9,0.0152768
12,601,700,12,0.0180226
12,701,800,11,0.0186667
12,801,900,7,0.00827119
12,901,1000,11,0.0112316
11,1,100,12,0.0445819
11,101,200,12,0.0265932
11,201,300,11,0.0234124
11,301,400,11,0.0371808
11,401,500,16,0.0585932
11,501,600,11,0.0355085
11,601,700,15,0.0464068
11,701,800,13,0.0411356
11,801,900,20,0.0912034
11,901,1000,16,0.0439944
2,1,100,11,0.0304633
2,101,200,13,0.035339
2,201,300,8,0.0280282
2,301,400,13,0.0218927
2,401,500,18,0.048339
2,501,600,13,0.036209
2,601,700,19,0.0714237
2,701,800,20,0.0531356
2,801,900,16,0.0381412
2,901,1000,8,0.0184407
10,1,100,7,0.012661
10,101,200,10,0.0184633
10,201,300,7,0.0138418
10,301,400,7,0.00762147
10,401,500,12,0.0220734
10,501,600,13,0.0232203
10,601,700,12,0.0235085
10,701,800,10,0.0205593
10,801,900,10,0.0189548
10,901,1000,12,0.019435
15,1,100,8,0.019322
15,101,200,10,0.0202034
15,201,300,13,0.0335254
15,301,400,8,0.0089887
15,401,500,19,0.035209
15,501,600,15,0.0310226
15,601,700,8,0.0181469
15,701,800,10,0.0254237
15,801,900,5,0.00997175
15,901,1000,7,0.017774
1,1,100,5,0.00561582
1,101,200,5,0.00858757
1,201,300,8,0.0137288
1,301,400,4,0.00885311
1,401,500,10,0.0179266
1,501,600,2,0.00528249
1,601,700,8,0.0127571
1,701,800,10,0.0178079
1,801,900,11,0.0140339
1,901,1000,3,0.00132203
8,1,100,12,0.0258814
8,101,200,10,0.0123503
8,201,300,9,0.0166158
8,301,400,10,0.0167062
8,401,500,9,0.0213729
8,501,600,11,0.0226836
8,601,700,12,0.0215085
8,701,800,6,0.00648023
8,801,900,11,0.0182825
8,901,1000,12,0.0203051
18,1,100,14,0.0248757
18,101,200,18,0.0334237
18,201,300,14,0.0281582
18,301,400,12,0.0222034
18,401,500,12,0.0282712
18,501,600,7,0.00735028
18,601,700,14,0.0229605
18,701,800,15,0.0314463
18,801,900,18,0.025452
18,901,1000,12,0.0327684
13,1,100,11,0.0293164
13,101,200,11,0.0127514
13,201,300,10,0.0178362
13,301,400,7,0.0120282
13,401,500,11,0.0263729
13,501,600,9,0.0178192
13,601,700,15,0.0414576
13,701,800,12,0.0196384
13,801,900,6,0.0090678
13,901,1000,9,0.0104463
15,1,100,10,0.025209
15,101,200,9,0.0137062
15,201,300,6,0.00968362
15,301,400,15,0.0264407
15,401,500,12,0.0227458
15,501,600,10,0.0258418
15,601,700,15,0.0223559
15,701,800,7,0.0186215
15,801,900,9,0.0195706
15,901,1000,13,0.0302938
5,1,100,8,0.0183503
5,101,200,9,0.0233616
5,201,300,5,0.0215424
5,301,400,13,0.0299209
5,401,500,14,0.0429435
5,501,600,11,0.0427006
5,601,700,13,0.0341864
5,701,800,7,0.0204407
5,801,900,9,0.0242599
5,901,1000,12,0.037
18,1,100,15,0.0290339
18,101,200,13,0.0264746
18,201,300,24,0.0382938
18,301,400,19,0.0288249
18,401,500,22,0.0373107
18,501,600,21,0.0363333
18,601,700,17,0.0250508
18,701,800,14,0.0167119
18,801,900,24,0.0439266
18,901,1000,25,0.038096
0,1,100,8,0.0118983
0,101,200,10,0.0207119
0,201,300,12,0.0271864
0,301,400,7,0.0169492
0,401,500,5,0.00538418
0,501,600,9,0.0169266
0,601,700,6,0.00893785
0,701,800,7,0.0178814
0,801,900,6,0.00861582
0,901,1000,11,0.0267514
14,1,100,12,0.0383107
14,101,200,15,0.0376215
14,201,300,18,0.0461356
14,301,400,17,0.0414746
14,401,500,13,0.0260565
14,501,600,23,0.0697797
14,601,700,18,0.0403842
14,701,800,21,0.0422486
14,801,900,15,0.0458249
14,901,1000,17,0.0370565
15,1,100,14,0.0382316
15,101,200,13,0.0211186
15,201,300,20,0.0620169
15,301,400,10,0.0219605
15,401,500,14,0.0384972
15,501,600,14,0.0320791
15,601,700,14,0.0343785
15,701,800,15,0.0294068
15,801,900,8,0.0154181
15,901,1000,8,0.0287571
18,1,100,17,0.0376441
18,101,200,11,0.0332768
18,201,300,13,0.0298983
18,301,400,17,0.0416045
18,401,500,15,0.0354237
18,501,600,17,0.050435
18,601,700,7,0.0211525
18,701,800,12,0.0354633
18,801,900,12,0.0384689
18,901,1000,11,0.0319379
10,1,100,19,0.0574407
10,101,200,13,0.0405254
10,201,300,15,0.0557627
10,301,400,19,0.0676893
10,401,500,10,0.0213785
10,501,600,23,0.0702712
10,601,700,20,0.0576215
10,701,800,24,0.0625254
10,801,900,19,0.0735141
10,901,1000,17,0.0576328
10,1,100,6,0.0181017
10,101,200,8,0.0129887
10,201,300,8,0.0278983
10,301,400,4,0.0089322
10,401,500,3,0.00722599
10,501,600,16,0.0369774
10,601,700,10,0.0171808
10,701,800,11,0.0259096
10,801,900,5,0.0113333
10,901,1000,7,0.0146949
6,1,100,15,0.0197514
6,101,200,9,0.0125763
6,201,300,16,0.0251186
6,301,400,7,0.00515254
6,401,500,14,0.0099887
6,501,600,10,0.0150226
6,601,700,18,0.0303729
6,701,800,7,0.0153616
6,801,900,11,0.023661
6,901,1000,8,0.00719209
3,1,100,9,0.0210508
3,101,200,10,0.0268136
3,201,300,11,0.0219266
3,301,400,14,0.0374802
3,401,500,8,0.0272825
3,501,600,11,0.0198475
3,601,700,12,0.0226271
3,701,800,14,0.0269831
3,801,900,13,0.0279209
3,901,1000,11,0.0123277
1,1,100,16,0.0375932
1,101,200,11,0.027226
1,201,300,13,0.0213616
1,301,400,14,0.0369605
1,401,500,11,0.0330621
1,501,600,16,0.041774
1,601,700,16,0.0275367
1,701,800,12,0.0253616
1,801,900,10,0.0203559
1,901,1000,16,0.039565
3,1,100,7,0.0133898
3,101,200,12,0.0211582
3,201,300,9,0.0195706
3,301,400,13,0.0449435
3,401,500,15,0.0301412
3,501,600,11,0.0279548
3,601,700,11,0.0252147
3,701,800,11,0.0190395
3,801,900,12,0.0250565
3,901,1000,11,0.0275424
3,1,100,9,0.0259379
3,101,200,12,0.0207345
3,201,300,8,0.0126215
3,301,400,8,0.0254972
3,401,500,12,0.0144633
3,501,600,10,0.0163559
3,601,700,11,0.0141469
3,701,800,10,0.0211638
3,801,900,9,0.0230113
3,901,1000,7,0.00980791
6,1,100,11,0.0163616
6,101,200,16,0.0316949
6,201,300,8,0.011096
6,301,400,9,0.0148531
6,401,500,10,0.018435
6,501,600,11,0.0251977
6,601,700,10,0.0126158
6,701,800,8,0.0185028
6,801,900,5,0.0134181
6,901,1000,7,0.0117571
10,1,100,7,0.0129661
10,101,200,15,0.0228305
10,201,300,19,0.0312881
10,301,400,16,0.0310565
10,401,500,12,0.0182486
10,501,600,10,0.0186271
10,601,700,10,0.0151073
10,701,800,18,0.0352203
10,801,900,11,0.0113616
10,901,1000,15,0.0344294
10,1,100,10,0.0259492
10,101,200,11,0.0284237
10,201,300,14,0.0382825
10,301,400,9,0.0197458
10,401,500,8,0.0135198
10,501,600,4,0.0100452
10,601,700,12,0.0383955
10,701,800,15,0.0349153
10,801,900,13,0.0261186
10,901,1000,11,0.0220113
7,1,100,19,0.0574407
7,101,200,13,0.0405254
7,201,300,15,0.0557627
7,301,400,19,0.0676893
7,401,500,10,0.0213785
7,501,600,23,0.0702712
7,601,700,20,0.0576215
7,701,800,24,0.0625254
7,801,900,19,0.0735141
7,901,1000,17,0.0576328
5,1,100,12,0.0204633
5,101,200,9,0.0162373
5,201,300,6,0.0122655
5,301,400,7,0.00689831
5,401,500,5,0.00628249
5,501,600,6,0.00325424
5,601,700,8,0.0123616
5,701,800,8,0.0213503
5,801,900,12,0.0279774
5,901,1000,9,0.0130395
7,1,100,7,0.00852542
7,101,200,9,0.0162825
7,201,300,4,0.00538418
7,301,400,7,0.0120113
7,401,500,10,0.0260791
7,501,600,9,0.0231186
7,601,700,13,0.0239774
7,701,800,11,0.0333955
7,801,900,10,0.0278418
7,901,1000,10,0.0204407
7,1,100,7,0.00821469
7,101,200,8,0.0143672
7,201,300,10,0.0150508
7,301,400,5,0.00953672
7,401,500,7,0.00745763
7,501,600,6,0.00673446
7,601,700,5,0.00446328
7,701,800,13,0.00882486
7,801,900,4,0.0107627
7,901,1000,6,0.0100395
4,1,100,9,0.0298362
4,101,200,9,0.0180169
4,201,300,8,0.0271412
4,301,400,11,0.0199831
4,401,500,12,0.0389266
4,501,600,10,0.0212203
4,601,700,15,0.0525424
4,701,800,12,0.046226
4,801,900,13,0.0421017
4,901,1000,9,0.0346667
10,1,100,7,0.0165198
10,101,200,6,0.022
10,201,300,9,0.0283616
10,301,400,15,0.0477232
10,401,500,11,0.0194407
10,501,600,11,0.0193503
10,601,700,7,0.0215706
10,701,800,9,0.0212373
10,801,900,10,0.027452
10,901,1000,11,0.029887
13,1,100,6,0.0138701
13,101,200,6,0.00357627
13,201,300,7,0.00896045
13,301,400,9,0.0221469
13,401,500,9,0.0155593
13,501,600,10,0.0145085
13,601,700,14,0.0285593
13,701,800,8,0.0216271
13,801,900,7,0.015096
13,901,1000,13,0.0269379
15,1,100,7,0.0127401
15,101,200,13,0.0324633
15,201,300,10,0.0181864
15,301,400,23,0.0497175
15,401,500,20,0.0413842
15,501,600,13,0.0347458
15,601,700,14,0.0263955
15,701,800,13,0.0308418
15,801,900,16,0.0328531
15,901,1000,13,0.0234859
13,1,100,7,0.0219492
13,101,200,10,0.0361977
13,201,300,7,0.0278927
13,301,400,5,0.00636723
13,401,500,15,0.0411525
13,501,600,10,0.0252994
13,601,700,8,0.0154237
13,701,800,14,0.0295706
13,801,900,12,0.0294068
13,901,1000,10,0.0121299
14,1,100,8,0.0184859
14,101,200,15,0.0414068
14,201,300,10,0.0303333
14,301,400,5,0.00229944
14,401,500,19,0.0546497
14,501,600,15,0.034904
14,601,700,13,0.0344746
14,701,800,11,0.0318927
14,801,900,11,0.0269096
14,901,1000,11,0.0349096
17,1,100,6,0.0105932
17,101,200,9,0.0212373
17,201,300,6,0.00981921
17,301,400,11,0.0170621
17,401,500,7,0.00939548
17,501,600,10,0.0200226
17,601,700,7,0.0148644
17,701,800,5,0.00320904
17,801,900,11,0.0145311
17,901,1000,9,0.0246497
13,1,100,17,0.0652542
13,101,200,18,0.0819209
13,201,300,21,0.061565
13,301,400,12,0.0381582
13,401,500,18,0.0732938
13,501,600,12,0.0383616
13,601,700,26,0.0920791
13,701,800,16,0.0507345
13,801,900,14,0.0517175
13,901,1000,15,0.0569605
14,1,100,16,0.0377401
14,101,200,10,0.0258927
14,201,300,9,0.0210734
14,301,400,15,0.0526497
14,401,500,15,0.0368814
14,501,600,21,0.0661582
14,601,700,13,0.0372034
14,701,800,13,0.033452
14,801,900,14,0.0299831
14,901,1000,18,0.0569831
9,1,100,18,0.0347797
9,101,200,14,0.0265367
9,201,300,10,0.0266497
9,301,400,11,0.0267853
9,401,500,10,0.0188418
9,501,600,11,0.0253729
9,601,700,10,0.014113
9,701,800,9,0.0182655
9,801,900,18,0.0507345
9,901,1000,11,0.0241695
0,1,100,16,0.056209
0,101,200,13,0.0386554
0,201,300,13,0.0309548
0,301,400,6,0.0137232
0,401,500,15,0.0415254
0,501,600,15,0.053
0,601,700,10,0.0219548
0,701,800,10,0.0242994
0,801,900,7,0.0229944
0,901,1000,17,0.0429548
15,1,100,10,0.0292938
15,101,200,16,0.0228305
15,201,300,11,0.0219944
15,301,400,13,0.0273729
15,401,500,12,0.0332147
15,501,600,8,0.0148531
15,601,700,19,0.043678
15,701,800,13,0.0274746
15,801,900,12,0.0161525
15,901,1000,8,0.0151186
17,1,100,16,0.0401186
17,101,200,17,0.0343559
17,201,300,18,0.0574576
17,301,400,14,0.0285424
17,401,500,10,0.0232034
17,501,600,13,0.0219096
17,601,700,14,0.0251638
17,701,800,19,0.0320621
17,801,900,8,0.017096
17,901,1000,9,0.0184181
19,1,100,14,0.0501977
19,101,200,17,0.0567062
19,201,300,7,0.0243164
19,301,400,14,0.0398249
19,401,500,16,0.0683164
19,501,600,19,0.0545424
19,601,700,11,0.031322
19,701,800,9,0.0262542
19,801,900,13,0.0375311
19,901,1000,12,0.0403842
11,1,100,10,0.0115424
11,101,200,9,0.0173503
11,201,300,7,0.00751412
11,301,400,4,0.0110113
11,401,500,9,0.0188362
11,501,600,8,0.0100621
11,601,700,10,0.0149774
11,701,800,6,0.0195932
11,801,900,3,0.00164407
11,901,1000,11,0.0212994
16,1,100,13,0.0192825
16,101,200,14,0.0435706
16,201,300,25,0.0820113
16,301,400,13,0.0371582
16,401,500,13,0.0434237
16,501,600,19,0.0586441
16,601,700,10,0.0302316
16,701,800,16,0.0411921
16,801,900,11,0.034565
16,901,1000,16,0.0356215
15,1,100,12,0.041209
15,101,200,8,0.0184633
15,201,300,10,0.0364068
15,301,400,13,0.026113
15,401,500,8,0.0213729
15,501,600,12,0.0219209
15,601,700,7,0.0259492
15,701,800,8,0.0258983
15,801,900,6,0.00583616
15,901,1000,12,0.0297684
2,1,100,13,0.0168644
2,101,200,12,0.0110169
2,201,300,9,0.00979661
2,301,400,8,0.00859322
2,401,500,11,0.0177458
2,501,600,10,0.0108136
2,601,700,10,0.00767232
2,701,800,5,0.00470621
2,801,900,9,0.0177175
2,901,1000,12,0.0157627
15,1,100,9,0.0330791
15,101,200,10,0.023661
15,201,300,13,0.035209
15,301,400,15,0.0456215
15,401,500,13,0.0383785
15,501,600,14,0.0388418
15,601,700,10,0.021
15,701,800,9,0.0247853
15,801,900,16,0.0430113
15,901,1000,12,0.0364859
16,1,100,17,0.0254915
16,101,200,16,0.0395141
16,201,300,17,0.0329944
16,301,400,14,0.0175367
16,401,500,11,0.0148757
16,501,600,15,0.0277232
16,601,700,11,0.0161977
16,701,800,22,0.0457175
16,801,900,10,0.0153898
16,901,1000,9,0.0134463
18,1,100,9,0.0185254
18,101,200,9,0.0143616
18,201,300,7,0.0180678
18,301,400,13,0.0167571
18,401,500,7,0.0152147
18,501,600,12,0.0314407
18,601,700,11,0.0232486
18,701,800,5,0.0130847
18,801,900,11,0.023452
18,901,1000,10,0.0311695
4,1,100,25,0.057209
4,101,200,24,0.0678192
4,201,300,18,0.0465254
4,301,400,29,0.0835593
4,401,500,28,0.0639209
4,501,600,28,0.0825819
4,601,700,23,0.0634633
4,701,800,25,0.0588305
4,801,900,29,0.0783446
4,901,1000,31,0.077661
0,1,100,12,0.0173051
0,101,200,7,0.00951977
0,201,300,10,0.00763277
0,301,400,3,0.0124915
0,401,500,3,0.00633333
0,501,600,6,0.0163107
0,601,700,6,0.00871751
0,701,800,7,0.00767797
0,801,900,11,0.0131751
0,901,1000,7,0.0164463
16,1,100,12,0.0351582
16,101,200,12,0.0385932
16,201,300,8,0.0260565
16,301,400,15,0.0415254
16,401,500,14,0.0400847
16,501,600,19,0.0552881
16,601,700,12,0.0370791
16,701,800,13,0.0420847
16,801,900,21,0.0657345
16,901,1000,16,0.0431751
2,1,100,12,0.0253051
2,101,200,12,0.0241582
2,201,300,9,0.0252034
2,301,400,12,0.0391186
2,401,500,15,0.0488305
2,501,600,12,0.035887
2,601,700,2,0.00723164
2,701,800,18,0.0364068
2,801,900,12,0.0325311
2,901,1000,14,0.0290113
9,1,100,12,0.036565
9,101,200,10,0.0230169
9,201,300,12,0.0222034
9,301,400,7,0.0169718
9,401,500,9,0.0260169
9,501,600,8,0.0199605
9,601,700,15,0.0258757
9,701,800,7,0.00924294
9,801,900,7,0.0202429
9,901,1000,12,0.0291186
1,1,100,12,0.0352994
1,101,200,11,0.0189322
1,201,300,9,0.0165028
1,301,400,9,0.0219322
1,401,500,13,0.0409096
1,501,600,13,0.0397571
1,601,700,8,0.0198644
1,701,800,7,0.0254011
1,801,900,10,0.0321864
1,901,1000,8,0.023322
1,1,100,8,0.0166497
1,101,200,9,0.010565
1,201,300,8,0.0209492
1,301,400,5,0.00816384
1,401,500,6,0.008
1,501,600,6,0.0173107
1,601,700,3,0.00922599
1,701,800,7,0.0126893
1,801,900,9,0.0150339
1,901,1000,10,0.0126045
5,1,100,10,0.014774
5,101,200,11,0.0189774
5,201,300,7,0.0132542
5,301,400,7,0.00512994
5,401,500,6,0.0070226
5,501,600,9,0.0163785
5,601,700,9,0.0135876
5,701,800,9,0.0174802
5,801,900,5,0.00749718
5,901,1000,16,0.036661
4,1,100,16,0.0362147
4,101,200,14,0.0240395
4,201,300,8,0.0130282
4,301,400,10,0.0203616
4,401,500,15,0.0364294
4,501,600,4,0.00464972
4,601,700,12,0.0282712
4,701,800,14,0.0388644
4,801,900,12,0.0268136
4,901,1000,15,0.0364181
0,1,100,11,0.0290621
0,101,200,7,0.0214972
0,201,300,13,0.0325254
0,301,400,10,0.0317175
0,401,500,5,0.0163277
0,501,600,10,0.0338531
0,601,700,7,0.0152373
0,801,900,8,0.0124689
0,901,1000,5,0.0191412
7,1,100,15,0.0283729
7,101,200,10,0.0115085
7,201,300,12,0.0243333
7,301,400,9,0.00883616
7,401,500,11,0.0216554
7,501,600,12,0.0255876
7,601,700,7,0.0130169
7,701,800,13,0.0258249
7,801,900,7,0.0227062
7,901,1000,8,0.015904
11,1,100,10,0.0122429
11,101,200,8,0.0124237
11,201,300,9,0.00780226
11,301,400,10,0.0152825
11,401,500,13,0.019435
11,501,600,8,0.0153164
11,601,700,9,0.0159096
11,701,800,14,0.0257684
11,801,900,6,0.00928249
11,901,1000,12,0.0157345
5,1,100,17,0.0322316
5,101,200,11,0.0288983
5,201,300,12,0.0280395
5,301,400,18,0.0451243
5,401,500,16,0.0374407
5,501,600,17,0.0371356
5,601,700,13,0.0231525
5,701,800,18,0.0331243
5,801,900,8,0.0121412
5,901,1000,13,0.026904
11,1,100,5,0.0174463
11,101,200,8,0.0210339
11,201,300,11,0.0136949
11,301,400,7,0.0245876
11,401,500,5,0.0113559
11,501,600,15,0.0284011
11,601,700,12,0.012322
11,701,800,3,0.00881921
11,801,900,7,0.0125989
11,901,1000,8,0.0152938
9,1,100,10,0.0117345
9,101,200,6,0.0113842
9,201,300,10,0.0187571
9,301,400,11,0.0241073
9,401,500,9,0.0179322
9,501,600,8,0.0144407
9,601,700,6,0.0029322
9,701,800,9,0.0120904
9,801,900,8,0.0255763
9,901,1000,7,0.0155085
10,1,100,7,0.0255932
10,101,200,14,0.0424689
10,201,300,9,0.0237966
10,301,400,11,0.0282542
10,401,500,12,0.0400226
10,501,600,11,0.0390395
10,601,700,14,0.0345198
10,701,800,18,0.0442147
10,801,900,9,0.020774
10,901,1000,10,0.0336554
1,1,100,10,0.0206102
1,101,200,7,0.00387571
1,201,300,13,0.0264407
1,301,400,12,0.0202429
1,401,500,7,0.0149605
1,501,600,7,0.00986441
1,601,700,12,0.0135085
1,701,800,10,0.0246045
1,801,900,9,0.0170056
1,901,1000,14,0.0180565
2,1,100,15,0.0213164
2,101,200,12,0.0251073
2,201,300,10,0.00844633
2,301,400,12,0.0179266
2,401,500,8,0.0194972
2,501,600,16,0.0298249
2,601,700,7,0.0135028
2,701,800,12,0.0243672
2,801,900,9,0.0196271
2,901,1000,14,0.0273672
16,1,100,6,0.00412994
16,101,200,7,0.00681356
16,201,300,5,0.00420904
16,301,400,8,0.00979661
16,401,500,8,0.0114407
16,501,600,9,0.00935028
16,601,700,8,0.00678531
16,701,800,8,0.00911299
16,801,900,10,0.00681921
16,901,1000,9,0.0079322
8,1,100,12,0.0326102
8,101,200,11,0.0311073
8,201,300,11,0.023435
8,301,400,18,0.0536441
8,401,500,15,0.046226
8,501,600,17,0.045887
8,601,700,17,0.0447062
8,701,800,20,0.0569774
8,801,900,16,0.0517627
8,901,1000,11,0.029209
3,1,100,14,0.0170508
3,101,200,13,0.0305141
3,201,300,8,0.0106893
3,301,400,13,0.0299661
3,401,500,15,0.0419718
3,501,600,14,0.0362994
3,601,700,11,0.0183503
3,701,800,12,0.0315424
3,801,900,12,0.0355311
3,901,1000,11,0.0349548
4,1,100,16,0.0417006
4,101,200,5,0.0104746
4,201,300,18,0.0319492
4,301,400,12,0.0318814
4,401,500,9,0.0296554
4,501,600,16,0.0309718
4,601,700,9,0.0282825
4,701,800,15,0.0358757
4,801,900,10,0.0279492
4,901,1000,11,0.0254859
4,1,100,8,0.0172938
4,101,200,14,0.042339
4,201,300,15,0.0457514
4,301,400,14,0.0483333
4,401,500,14,0.0403446
4,501,600,9,0.0171582
4,601,700,18,0.0530565
4,701,800,9,0.0296384
4,801,900,15,0.0373672
4,901,1000,18,0.0509605
0,1,100,8,0.0189831
0,101,200,8,0.0174407
0,201,300,9,0.0168475
0,301,400,12,0.0211582
0,401,500,11,0.0235141
0,501,600,13,0.0337458
0,601,700,9,0.0249774
0,701,800,11,0.0187288
0,801,900,7,0.00953672
0,901,1000,9,0.015887
19,1,100,13,0.0229153
19,101,200,11,0.0118023
19,201,300,12,0.0155989
19,301,400,7,0.0132994
19,401,500,11,0.0141582
19,501,600,13,0.0143333
19,601,700,5,0.00859322
19,701,800,8,0.0129718
19,801,900,7,0.0119209
19,901,1000,9,0.0157627
18,1,100,8,0.0252429
18,101,200,8,0.0200169
18,201,300,15,0.0645311
18,301,400,8,0.0120565
18,401,500,9,0.0171356
18,501,600,15,0.0405989
18,601,700,10,0.0211695
18,701,800,7,0.0123333
18,801,900,13,0.0345028
18,901,1000,15,0.044226
15,1,100,4,0.00499435
15,101,200,6,0.0146723
15,201,300,2,0.00306215
15,301,400,5,0.00660452
15,401,500,9,0.0238023
15,501,600,6,0.00580226
15,601,700,9,0.0126102
15,701,800,6,0.0117006
15,801,900,6,0.00800565
15,901,1000,9,0.021
11,1,100,6,0.0136045
11,101,200,11,0.0142316
11,201,300,6,0.0115989
11,301,400,13,0.0199096
11,401,500,11,0.0167232
11,501,600,10,0.0179548
11,601,700,11,0.0226271
11,701,800,9,0.0106045
11,801,900,11,0.0147401
11,901,1000,12,0.0136497
19,1,100,3,0.00312994
19,101,200,12,0.0210282
19,201,300,12,0.0107119
19,301,400,11,0.0158418
19,401,500,10,0.015548
19,501,600,11,0.0208418
19,601,700,7,0.0111808
19,701,800,7,0.00840113
19,801,900,13,0.0137853
19,901,1000,11,0.013226
5,1,100,11,0.018339
5,101,200,10,0.0199887
5,201,300,9,0.0184068
5,301,400,7,0.0029774
5,401,500,6,0.0150339
5,501,600,10,0.0248362
5,601,700,8,0.00924294
5,701,800,10,0.0150904
5,801,900,3,0.0030565
5,901,1000,6,0.0138701
16,1,100,13,0.0262373
16,101,200,18,0.034774
16,201,300,14,0.0378079
16,301,400,14,0.0341073
16,401,500,10,0.0181243
16,501,600,12,0.0216384
16,601,700,10,0.0235141
16,701,800,15,0.0310452
16,801,900,9,0.0170452
16,901,1000,16,0.0443842
9,1,100,16,0.0296328
9,101,200,13,0.0436102
9,201,300,13,0.0269322
9,301,400,8,0.0166045
9,401,500,11,0.0105367
9,501,600,22,0.0417401
9,601,700,10,0.0199605
9,701,800,10,0.0228814
9,801,900,11,0.0250508
9,901,1000,5,0.00538418
3,1,100,8,0.0277401
3,101,200,13,0.0234237
3,201,300,14,0.0406949
3,301,400,10,0.0306102
3,401,500,11,0.0210904
3,501,600,16,0.0447571
3,601,700,13,0.0248418
3,701,800,18,0.0390904
3,801,900,17,0.0476102
3,901,1000,14,0.0343164
17,1,100,13,0.0299831
17,101,200,10,0.0159548
17,201,300,5,0.0070113
17,301,400,8,0.0207006
17,401,500,9,0.0180113
17,501,600,12,0.0351412
17,601,700,10,0.0242203
17,701,800,10,0.0307288
17,801,900,9,0.025209
17,901,1000,10,0.0234689
8,1,100,16,0.0327571
8,101,200,7,0.0144407
8,201,300,11,0.0252316
8,301,400,11,0.031661
8,401,500,14,0.0261073
8,501,600,12,0.0158418
8,601,700,11,0.0223842
8,701,800,15,0.0329153
8,801,900,12,0.0262768
8,901,1000,15,0.0223503
19,1,100,13,0.0270282
19,101,200,13,0.0269605
19,201,300,17,0.0469831
19,301,400,21,0.0566384
19,401,500,14,0.0430113
19,501,600,16,0.0367175
19,601,700,14,0.037791
19,701,800,13,0.0254124
19,801,900,15,0.0371412
19,901,1000,13,0.0347119
19,1,100,24,0.0474011
19,101,200,13,0.0298927
19,201,300,8,0.0261525
19,301,400,12,0.0289492
19,401,500,18,0.0471299
19,501,600,10,0.0299774
19,601,700,12,0.0303729
19,701,800,12,0.0256497
19,801,900,14,0.0346667
19,901,1000,18,0.0338983
2,1,100,9,0.016452
2,101,200,18,0.0280734
2,201,300,4,0.0105593
2,301,400,10,0.0155085
2,401,500,11,0.0216102
2,501,600,16,0.0326328
2,601,700,11,0.0253955
2,701,800,16,0.0267458
2,801,900,9,0.0120678
2,901,1000,13,0.0251808
17,1,100,14,0.028209
17,101,200,10,0.0263503
17,201,300,8,0.0147571
17,301,400,11,0.0290282
17,401,500,12,0.0261695
17,501,600,15,0.0363616
17,601,700,13,0.0378588
17,701,800,13,0.0360565
17,801,900,17,0.054
17,901,1000,14,0.0373559
13,1,100,5,0.0161186
13,101,200,4,0.00437288
13,201,300,15,0.0321299
13,301,400,10,0.0176158
13,401,500,7,0.00841808
13,501,600,8,0.0169209
13,601,700,11,0.0276102
13,701,800,4,0.00893785
13,801,900,14,0.0272768
13,901,1000,4,0.00484746
3,1,100,19,0.0463277
3,101,200,9,0.0207175
3,201,300,13,0.0298362
3,301,400,12,0.0373107
3,401,500,9,0.0289887
3,501,600,13,0.0401356
3,601,700,9,0.0189266
3,701,800,12,0.0379322
3,801,900,9,0.0333277
3,901,1000,15,0.0250169
2,1,100,8,0.0164181
2,101,200,14,0.0249548
2,201,300,8,0.0195537
2,301,400,8,0.0163164
2,401,500,5,0.0116554
2,501,600,9,0.0230395
2,601,700,9,0.0192203
2,701,800,11,0.0225254
2,801,900,10,0.0226949
2,901,1000,4,0.00757062
9,1,100,14,0.036
9,101,200,11,0.0337345
9,201,300,18,0.0516497
9,301,400,12,0.0321073
9,401,500,19,0.0470791
9,501,600,22,0.0640282
9,601,700,8,0.0216893
9,701,800,11,0.0316102
9,801,900,15,0.0372429
9,901,1000,12,0.0314407
6,1,100,9,0.0121469
6,101,200,7,0.013339
6,201,300,10,0.0143559
6,301,400,8,0.0153446
6,401,500,8,0.0141582
6,501,600,5,0.0115593
6,601,700,7,0.0127458
6,701,800,11,0.0161017
6,801,900,10,0.0167119
6,901,1000,8,0.0172147
4,1,100,13,0.0221638
4,101,200,13,0.0277175
4,201,300,11,0.0329096
4,301,400,14,0.0382542
4,401,500,10,0.0298644
4,501,600,9,0.0341525
4,601,700,9,0.0241582
4,701,800,11,0.0269661
4,801,900,11,0.0414972
4,901,1000,16,0.033661
12,1,100,9,0.0199774
12,101,200,12,0.0172768
12,201,300,13,0.0248475
12,301,400,8,0.0191864
12,401,500,3,0.00778531
12,501,600,5,0.0132712
12,601,700,6,0.0115424
12,701,800,6,0.00728814
12,801,900,11,0.0111356
12,901,1000,12,0.0144802
12,1,100,7,0.012452
12,101,200,10,0.0146667
12,201,300,7,0.00738418
12,301,400,11,0.011226
12,401,500,11,0.0218362
12,501,600,5,0.00828249
12,601,700,13,0.0311412
12,701,800,6,0.00442938
12,801,900,3,0.0060339
12,901,1000,7,0.0152712
9,1,100,14,0.0440169
9,101,200,7,0.0208305
9,201,300,10,0.0244689
9,301,400,18,0.0669548
9,401,500,11,0.0309492
9,501,600,11,0.0385198
9,601,700,9,0.0286271
9,701,800,12,0.0387514
9,801,900,16,0.0497062
9,901,1000,9,0.0292542
14,1,100,9,0.0245085
14,101,200,1,0.00363842
14,201,300,9,0.00942373
14,301,400,6,0.0140169
14,401,500,11,0.0217966
14,501,600,3,0.00525989
14,601,700,8,0.0161469
14,701,800,12,0.0174689
14,801,900,8,0.0132486
14,901,1000,15,0.0360226
15,1,100,11,0.0183898
15,101,200,11,0.0291864
15,201,300,15,0.0364689
15,301,400,13,0.0331921
15,401,500,8,0.0227006
15,501,600,5,0.0147853
15,601,700,12,0.0263898
15,701,800,14,0.0346949
15,801,900,6,0.0192147
15,901,1000,6,0.015435
12,1,100,10,0.0210508
12,101,200,16,0.0305989
12,201,300,10,0.0243503
12,301,400,13,0.0346384
12,401,500,10,0.0179096
12,501,600,17,0.0327797
12,601,700,10,0.0204181
12,701,800,13,0.0243729
12,801,900,14,0.023661
12,901,1000,14,0.0236667
19,1,100,12,0.0273277
19,101,200,8,0.0199774
19,201,300,9,0.0268814
19,301,400,7,0.0115706
19,401,500,12,0.0281921
19,501,600,21,0.04
19,601,700,12,0.0325876
19,701,800,13,0.0284124
19,801,900,8,0.0132486
19,901,1000,7,0.0172429
17,1,100,13,0.047322
17,101,200,8,0.0339096
17,201,300,9,0.0340847
17,301,400,10,0.029904
17,401,500,10,0.0329435
17,501,600,11,0.0240282
17,601,700,10,0.039452
17,701,800,7,0.0175424
17,801,900,12,0.0445932
17,901,1000,12,0.030113
7,1,100,9,0.00428249
7,101,200,14,0.0157288
7,201,300,16,0.0158814
7,301,400,10,0.00874011
7,401,500,10,0.0132542
7,501,600,14,0.0218701
7,601,700,12,0.0113277
7,701,800,12,0.0124124
7,801,900,10,0.00802825
7,901,1000,9,0.0117684
0,1,100,9,0.0220395
0,101,200,12,0.0196158
0,201,300,10,0.0154576
0,301,400,13,0.0334181
0,401,500,8,0.0115424
0,501,600,13,0.0323955
0,601,700,4,0.00883051
0,701,800,6,0.0105311
0,801,900,11,0.0268023
0,901,1000,3,0.00716384
14,1,100,9,0.0181299
14,101,200,5,0.00617514
14,201,300,4,0.00784746
14,301,400,9,0.013887
14,401,500,7,0.0102147
14,501,600,10,0.0158079
14,601,700,6,0.0104972
14,701,800,8,0.0259266
14,801,900,10,0.0127966
14,901,1000,4,0.00319774
6,1,100,15,0.0116667
6,101,200,29,0.0221864
6,201,300,19,0.0180847
6,301,400,21,0.0223898
6,401,500,13,0.0200395
6,501,600,22,0.0281469
6,601,700,19,0.0195932
6,701,800,12,0.0122994
6,801,900,19,0.0168305
6,901,1000,17,0.0160791
9,1,100,12,0.0338757
9,101,200,18,0.0468927
9,201,300,7,0.0152712
9,301,400,16,0.0423277
9,401,500,19,0.0589492
9,501,600,13,0.0354859
9,601,700,20,0.0591186
9,701,800,14,0.0438362
9,801,900,14,0.0202712
9,901,1000,14,0.0395932
1,1,100,14,0.0572542
1,101,200,17,0.0482655
1,201,300,16,0.0542542
1,301,400,17,0.0463333
1,401,500,13,0.0467853
1,501,600,12,0.0343616
1,601,700,14,0.0485819
1,701,800,13,0.0400169
1,801,900,14,0.0477853
1,901,1000,13,0.0381186
9,1,100,9,0.0102938
9,101,200,5,0.00975141
9,201,300,13,0.0222429
9,301,400,6,0.0106102
9,401,500,14,0.0369435
9,501,600,14,0.0261412
9,601,700,10,0.0149661
9,701,800,9,0.0239661
9,801,900,9,0.0209379
9,901,1000,7,0.0191808
8,1,100,8,0.0177514
8,101,200,9,0.0231695
8,201,300,11,0.0175537
8,301,400,10,0.0269887
8,401,500,11,0.0210904
8,501,600,11,0.023678
8,601,700,11,0.0142599
8,701,800,6,0.00510734
8,801,900,13,0.0177797
8,901,1000,6,0.0103785
9,1,100,8,0.0205367
9,101,200,14,0.0392938
9,201,300,16,0.0504124
9,301,400,14,0.0340395
9,401,500,7,0.0243898
9,501,600,11,0.0266836
9,601,700,11,0.031339
9,701,800,9,0.0265989
9,801,900,13,0.0429266
9,901,1000,12,0.0166441
17,1,100,8,0.00610734
17,101,200,12,0.0237966
17,201,300,11,0.0190791
17,301,400,8,0.0161356
17,401,500,8,0.0109209
17,501,600,14,0.0181977
17,601,700,9,0.0175311
17,701,800,6,0.0134294
17,801,900,8,0.0150452
17,901,1000,3,0.00301695
12,1,100,14,0.0488192
12,101,200,17,0.0525593
12,201,300,10,0.027661
12,301,400,15,0.0419322
12,401,500,7,0.0275989
12,501,600,19,0.0431073
12,601,700,18,0.0405367
12,701,800,12,0.026113
12,801,900,11,0.0322373
12,901,1000,14,0.0498079
5,1,100,6,0.0118701
5,101,200,14,0.0312147
5,201,300,15,0.0329322
5,301,400,12,0.0334407
5,401,500,11,0.0186441
5,501,600,12,0.0230621
5,601,700,10,0.0171073
5,701,800,11,0.0266497
5,801,900,11,0.0163277
5,901,1000,9,0.0218136
7,1,100,9,0.0165424
7,101,200,6,0.00867232
7,201,300,12,0.0186497
7,301,400,7,0.0100282
7,401,500,13,0.0153616
7,501,600,12,0.0125706
7,601,700,11,0.0144972
7,701,800,6,0.00720339
7,801,900,11,0.0123164
7,901,1000,13,0.0146102
