CHROM,BIN_START,BIN_END,N_VARIANTS,PI
18,1,100,13,0.039096
18,101,200,14,0.0380452
18,201,300,17,0.0337062
18,301,400,17,0.0332994
18,401,500,21,0.0508644
18,501,600,12,0.0401977
18,601,700,18,0.0392034
18,701,800,14,0.0332373
18,801,900,16,0.0435085
18,901,1000,16,0.0447571
12,1,100,11,0.0220734
12,101,200,10,0.0196158
12,201,300,10,0.0265254
12,301,400,5,0.0122768
12,401,500,11,0.027339
12,501,600,9,0.0171299
12,601,700,9,0.0206554
12,701,800,12,0.0216384
12,801,900,8,0.0189492
12,901,1000,8,0.00819209
16,1,100,15,0.0570056
16,101,200,16,0.0394463
16,201,300,16,0.048904
16,301,400,16,0.0314011
16,401,500,15,0.0433446
16,501,600,10,0.0345028
16,601,700,14,0.0497797
16,701,800,14,0.0454746
16,801,900,10,0.0287684
16,901,1000,13,0.0444859
2,1,100,12,0.0275537
2,101,200,17,0.047209
2,201,300,14,0.0503616
2,301,400,14,0.034774
2,401,500,18,0.0558588
2,501,600,9,0.0244972
2,601,700,19,0.0341751
2,701,800,22,0.0661412
2,801,900,19,0.0505254
2,901,1000,8,0.0144746
2,1,100,19,0.0396215
2,101,200,11,0.0206554
2,201,300,12,0.0307684
2,301,400,13,0.0328418
2,401,500,13,0.0222542
2,501,600,12,0.0149548
2,601,700,10,0.0176497
2,701,800,10,0.0334181
2,801,900,13,0.0277966
2,901,1000,10,0.0296554
4,1,100,24,0.0237853
4,101,200,13,0.0167062
4,201,300,16,0.0220282
4,301,400,16,0.0270508
4,401,500,9,0.00963277
4,501,600,17,0.0189096
4,601,700,14,0.0172994
4,701,800,14,0.012791
4,801,900,18,0.0172881
4,901,1000,22,0.0205706
15,1,100,14,0.040096
15,101,200,12,0.0348362
15,201,300,11,0.0179153
15,301,400,13,0.0301243
15,401,500,12,0.0279831
15,501,600,16,0.031904
15,601,700,18,0.0440452
15,701,800,13,0.0359887
15,801,900,18,0.0315537
15,901,1000,15,0.0377627
8,1,100,18,0.036322
8,101,200,5,0.00990395
8,201,300,18,0.0280113
8,301,400,12,0.0187175
8,401,500,11,0.0168136
8,501,600,12,0.0192938
8,601,700,15,0.0294972
8,701,800,10,0.0205537
8,801,900,11,0.0184689
8,901,1000,9,0.0135141
8,1,100,6,0.0117458
8,101,200,13,0.0304746
8,201,300,8,0.0108588
8,301,400,12,0.0172203
8,401,500,9,0.017887
8,501,600,13,0.0257232
8,601,700,13,0.025435
8,701,800,5,0.00665537
8,801,900,7,0.00933898
8,901,1000,5,0.0134181
2,1,100,10,0.0153503
2,101,200,9,0.0113164
2,201,300,15,0.0422599
2,301,400,13,0.0318475
2,401,500,18,0.0703672
2,501,600,17,0.0564294
2,601,700,16,0.0313785
2,701,800,15,0.0389944
2,801,900,11,0.0382768
2,901,1000,14,0.0361525
0,1,100,20,0.0467797
0,101,200,15,0.0372994
0,201,300,17,0.0381808
0,301,400,21,0.0450508
0,401,500,14,0.0464237
0,501,600,23,0.0579153
0,601,700,16,0.0356723
0,701,800,15,0.0393164
0,801,900,16,0.041226
0,901,1000,20,0.0482655
17,1,100,25,0.0719718
17,101,200,20,0.0608701
17,201,300,24,0.0902768
17,301,400,22,0.0522825
17,401,500,25,0.0708305
17,501,600,19,0.0652034
17,601,700,24,0.0789944
17,701,800,24,0.0872147
17,801,900,25,0.0745819
17,901,1000,14,0.0413446
4,1,100,14,0.0269548
4,101,200,12,0.0170282
4,201,300,12,0.0327175
4,301,400,12,0.0240565
4,401,500,9,0.0188418
4,501,600,9,0.0202316
4,601,700,20,0.0356554
4,701,800,12,0.0219096
4,801,900,14,0.0269887
4,901,1000,12,0.0176271
13,1,100,11,0.028661
13,101,200,14,0.0371977
13,201,300,14,0.0400395
13,301,400,14,0.0307853
13,401,500,16,0.0328079
13,501,600,14,0.0241921
13,601,700,13,0.0286384
13,701,800,16,0.0610113
13,801,900,13,0.0494859
13,901,1000,6,0.0143503
4,1,100,12,0.026774
4,101,200,14,0.038904
4,201,300,18,0.0413785
4,301,400,9,0.0190734
4,401,500,13,0.036113
4,501,600,11,0.0162599
4,601,700,11,0.0182994
4,701,800,17,0.039791
4,801,900,12,0.0248927
4,901,1000,14,0.0290169
4,1,100,15,0.0320678
4,101,200,12,0.0224068
4,201,300,14,0.0211356
4,301,400,13,0.0261864
4,401,500,14,0.0223446
4,501,600,15,0.0411921
4,601,700,10,0.0197966
4,701,800,16,0.0380169
4,801,900,12,0.0311243
4,901,1000,15,0.0342147
11,1,100,12,0.0495763
11,101,200,12,0.0368023
11,201,300,21,0.063339
11,301,400,12,0.0449153
11,401,500,12,0.0320621
11,501,600,12,0.0199661
11,601,700,14,0.0415028
11,701,800,11,0.0270226
11,801,900,25,0.0800452
11,901,1000,18,0.0568362
19,1,100,26,0.0897797
19,101,200,24,0.0873898
19,201,300,35,0.115644
19,301,400,23,0.0801525
19,401,500,24,0.0751582
19,501,600,28,0.100113
19,601,700,20,0.0752373
19,701,800,19,0.066113
19,801,900,27,0.102514
19,901,1000,25,0.0868644
10,1,100,19,0.0528701
10,101,200,23,0.0519322
10,201,300,22,0.0605537
10,301,400,26,0.0669548
10,401,500,14,0.0444802
10,501,600,20,0.0423955
10,601,700,21,0.0572825
10,701,800,25,0.0613446
10,801,900,26,0.0769492
10,901,1000,13,0.0321412
0,1,100,18,0.0466723
0,101,200,23,0.0511412
0,201,300,16,0.0396328
0,301,400,20,0.034452
0,401,500,15,0.0251412
0,501,600,21,0.0328079
0,601,700,17,0.0344407
0,701,800,22,0.0545593
0,801,900,18,0.0464407
0,901,1000,18,0.0379774
15,1,100,9,0.0191243
15,101,200,15,0.0220508
15,201,300,11,0.0186158
15,301,400,10,0.0187514
15,401,500,14,0.020887
15,501,600,15,0.0286949
15,601,700,12,0.0233446
15,701,800,14,0.0301977
15,801,900,16,0.0318249
15,901,1000,8,0.0167627
10,1,100,12,0.0144633
10,101,200,10,0.025565
10,201,300,12,0.0376441
10,301,400,10,0.023565
10,401,500,16,0.0418249
10,501,600,19,0.0326441
10,601,700,10,0.033096
10,701,800,14,0.0318701
10,801,900,13,0.0372542
10,901,1000,13,0.0349379
11,1,100,9,0.0156384
11,101,200,15,0.0386158
11,201,300,21,0.0379435
11,301,400,14,0.0387571
11,401,500,10,0.0296271
11,501,600,17,0.0482373
11,601,700,21,0.0405706
11,701,800,19,0.0561638
11,801,900,22,0.0653955
11,901,1000,19,0.0554463
11,1,100,15,0.0521017
11,101,200,12,0.0330904
11,201,300,10,0.0232825
11,301,400,14,0.0211695
11,401,500,8,0.0192768
11,501,600,19,0.0526045
11,601,700,16,0.0326836
11,701,800,8,0.0234689
11,801,900,18,0.0457514
11,901,1000,15,0.0415198
1,1,100,17,0.0403559
1,101,200,19,0.0431186
1,201,300,23,0.0654746
1,301,400,18,0.0433277
1,401,500,18,0.0429887
1,501,600,21,0.0405254
1,601,700,10,0.0226384
1,701,800,12,0.0264576
1,801,900,23,0.0568983
1,901,1000,16,0.036
5,1,100,23,0.0507401
5,101,200,7,0.0173672
5,201,300,12,0.0286441
5,301,400,15,0.0304407
5,401,500,18,0.0393729
5,501,600,7,0.0117966
5,601,700,16,0.0344915
5,701,800,19,0.0384407
5,801,900,19,0.0482542
5,901,1000,17,0.0423729
7,1,100,18,0.0548983
7,101,200,10,0.0340395
7,201,300,13,0.0381751
7,301,400,15,0.0418305
7,401,500,15,0.0359435
7,501,600,14,0.0351017
7,601,700,11,0.0306158
7,701,800,16,0.0451243
7,801,900,13,0.0408249
7,901,1000,6,0.0191412
8,1,100,21,0.0502655
8,101,200,29,0.0888814
8,201,300,25,0.0574915
8,301,400,18,0.0484972
8,401,500,24,0.0678192
8,501,600,19,0.0622147
8,601,700,18,0.0617062
8,701,800,22,0.0663616
8,801,900,17,0.0452712
8,901,1000,26,0.0838531
3,1,100,14,0.0302486
3,101,200,17,0.0443503
3,201,300,17,0.0542881
3,301,400,19,0.0540734
3,401,500,20,0.0566949
3,501,600,15,0.0519379
3,601,700,16,0.0410282
3,701,800,22,0.0730621
3,801,900,20,0.0547175
3,901,1000,22,0.0701243
4,1,100,25,0.0812429
4,101,200,25,0.0913729
4,201,300,28,0.0961977
4,301,400,20,0.0665085
4,401,500,20,0.0604915
4,501,600,24,0.081226
4,601,700,21,0.0636328
4,701,800,22,0.0709774
4,801,900,22,0.0699831
4,901,1000,27,0.0939944
5,1,100,9,0.0138757
5,101,200,17,0.0415367
5,201,300,21,0.0446215
5,301,400,18,0.038678
5,401,500,17,0.0347627
5,501,600,15,0.0321017
5,601,700,24,0.0385876
5,701,800,6,0.0122034
5,801,900,2,0.00292655
5,901,1000,14,0.0264689
3,1,100,16,0.0374294
3,101,200,13,0.0227797
3,201,300,2,0.00268362
3,301,400,12,0.0261243
3,401,500,14,0.0303672
3,501,600,16,0.0301582
3,601,700,10,0.00970621
3,701,800,17,0.0289605
3,801,900,11,0.0253672
3,901,1000,11,0.0307062
11,1,100,10,0.0216554
11,101,200,12,0.0181921
11,201,300,11,0.0282655
11,301,400,12,0.0261921
11,401,500,7,0.00735028
11,501,600,10,0.0236893
11,601,700,8,0.0112655
11,701,800,11,0.0327853
11,801,900,13,0.0210113
11,901,1000,14,0.0246441
8,1,100,14,0.0381695
8,101,200,12,0.0254294
8,201,300,10,0.0162316
8,301,400,12,0.0337288
8,401,500,15,0.0340904
8,501,600,18,0.0316949
8,601,700,11,0.0249153
8,701,800,9,0.0232147
8,801,900,13,0.0307571
8,901,1000,12,0.0288814
6,1,100,7,0.00757062
6,101,200,13,0.0179379
6,201,300,11,0.010113
6,301,400,13,0.0161977
6,401,500,8,0.0104463
6,501,600,7,0.00638418
6,601,700,7,0.012
6,701,800,10,0.00770621
6,801,900,13,0.0145254
6,901,1000,11,0.0116949
8,1,100,17,0.0612938
8,101,200,21,0.0828362
8,201,300,21,0.0797232
8,301,400,26,0.0907458
8,401,500,23,0.0903277
8,501,600,21,0.0637288
8,601,700,15,0.0598136
8,701,800,26,0.0829492
8,801,900,26,0.0894068
8,901,1000,21,0.085678
15,1,100,12,0.018226
15,101,200,11,0.0140734
15,201,300,21,0.0434576
15,301,400,8,0.0154972
15,401,500,5,0.00677401
15,501,600,13,0.0275932
15,601,700,11,0.0183729
15,701,800,9,0.0205819
15,801,900,11,0.0246893
15,901,1000,10,0.0223107
19,1,100,10,0.0153164
19,101,200,9,0.0165989
19,201,300,7,0.00447458
19,301,400,12,0.0199887
19,401,500,11,0.0165763
19,501,600,4,0.00671751
19,601,700,7,0.0167797
19,701,800,11,0.0165424
19,801,900,8,0.0104633
19,901,1000,9,0.0211073
7,1,100,10,0.00827119
7,101,200,5,0.00719209
7,201,300,13,0.0187627
7,301,400,13,0.0168475
7,401,500,16,0.0245819
7,501,600,13,0.0246497
7,601,700,19,0.0223898
7,701,800,16,0.0263729
7,801,900,12,0.00833898
7,901,1000,12,0.0138983
17,1,100,18,0.041113
17,101,200,23,0.0605932
17,201,300,23,0.0611073
17,301,400,20,0.0723051
17,401,500,18,0.0700452
17,501,600,16,0.0502147
17,601,700,6,0.0233729
17,701,800,19,0.0622712
17,801,900,20,0.0625085
17,901,1000,17,0.0487062
13,1,100,16,0.0406441
13,101,200,9,0.0207458
13,201,300,8,0.0134181
13,301,400,13,0.0209209
13,401,500,19,0.0502542
13,501,600,9,0.0171525
13,601,700,16,0.0293277
13,701,800,9,0.0165424
13,801,900,12,0.0348079
13,901,1000,14,0.0360565
18,1,100,20,0.0686836
18,101,200,16,0.0422938
18,201,300,12,0.0402712
18,301,400,12,0.0361469
18,401,500,15,0.0495819
18,501,600,15,0.0598305
18,601,700,13,0.0340621
18,701,800,19,0.0849774
18,801,900,17,0.0763446
18,901,1000,15,0.0484068
8,1,100,12,0.0129322
8,101,200,7,0.014435
8,201,300,9,0.011226
8,301,400,16,0.0288418
8,401,500,12,0.0171469
8,501,600,13,0.021226
8,601,700,8,0.0128701
8,701,800,10,0.0134689
8,801,900,13,0.0173672
8,901,1000,10,0.0168983
18,1,100,12,0.0234068
18,101,200,15,0.0157345
18,201,300,13,0.0147006
18,301,400,10,0.0124633
18,401,500,11,0.00496045
18,501,600,12,0.0177458
18,601,700,9,0.0123785
18,701,800,18,0.0248079
18,801,900,16,0.0247514
18,901,1000,12,0.0286497
11,1,100,22,0.0838814
11,101,200,31,0.103977
11,201,300,24,0.103559
11,301,400,23,0.0771808
11,401,500,30,0.0979379
11,501,600,20,0.0715254
11,601,700,21,0.0792994
11,701,800,24,0.0856723
11,801,900,28,0.0881751
11,901,1000,20,0.0730621
5,1,100,12,0.0251921
5,101,200,10,0.0209774
5,201,300,9,0.00967232
5,301,400,18,0.031113
5,401,500,6,0.0116441
5,501,600,19,0.0444407
5,601,700,10,0.0332147
5,701,800,10,0.0238983
5,801,900,11,0.029661
5,901,1000,18,0.0391525
15,1,100,9,0.0148079
15,101,200,8,0.012
15,201,300,9,0.0116723
15,301,400,11,0.0190734
15,401,500,9,0.0111751
15,501,600,12,0.00939548
15,601,700,9,0.017113
15,701,800,4,0.00289831
15,801,900,11,0.0155198
15,901,1000,6,0.0130847
13,1,100,12,0.0276384
13,101,200,6,0.0183729
13,201,300,13,0.0232881
13,301,400,9,0.0216215
13,401,500,9,0.0181695
13,501,600,9,0.0199548
13,601,700,7,0.0236441
13,701,800,9,0.017661
13,801,900,15,0.0323898
13,901,1000,9,0.013678
11,1,100,21,0.0543898
11,101,200,13,0.0320226
11,201,300,16,0.0437514
11,301,400,14,0.0444407
11,401,500,15,0.0373616
11,501,600,23,0.0559096
11,601,700,22,0.0715367
11,701,800,7,0.0196271
11,801,900,16,0.0292825
11,901,1000,16,0.0479153
14,1,100,11,0.0391638
14,101,200,14,0.0281412
14,201,300,10,0.0276723
14,301,400,15,0.0342712
14,401,500,14,0.0329379
14,501,600,15,0.046678
14,601,700,13,0.0302655
14,701,800,10,0.0287119
14,801,900,9,0.0196441
14,901,1000,15,0.031322
19,1,100,10,0.0240226
19,101,200,12,0.0396045
19,201,300,12,0.0535254
19,301,400,10,0.0210734
19,401,500,12,0.025678
19,501,600,11,0.0184859
19,601,700,11,0.0273729
19,701,800,11,0.0180113
19,801,900,10,0.0225819
19,901,1000,17,0.0304746
17,1,100,17,0.0414633
17,101,200,19,0.0558588
17,201,300,12,0.0189661
17,301,400,14,0.035661
17,401,500,13,0.030565
17,501,600,13,0.0325706
17,601,700,11,0.0233107
17,701,800,15,0.0350452
17,801,900,18,0.0501243
17,901,1000,10,0.0156384
16,1,100,17,0.052209
16,101,200,10,0.0253785
16,201,300,11,0.0317853
16,301,400,15,0.0392881
16,401,500,21,0.0548701
16,501,600,11,0.0280452
16,601,700,13,0.0192203
16,701,800,13,0.0293729
16,801,900,9,0.02
16,901,1000,10,0.0250282
14,1,100,14,0.0290621
14,101,200,11,0.0187514
14,201,300,12,0.0288927
14,301,400,14,0.035678
14,401,500,10,0.0116158
14,501,600,13,0.0243446
14,601,700,10,0.0201186
14,701,800,14,0.034887
14,801,900,21,0.0531864
14,901,1000,9,0.0120169
12,1,100,10,0.027
12,101,200,17,0.0576045
12,201,300,20,0.0504633
12,301,400,11,0.0196102
12,401,500,12,0.0407288
12,501,600,21,0.0860113
12,601,700,17,0.045548
12,701,800,12,0.0303051
12,801,900,9,0.0257684
12,901,1000,16,0.031096
1,1,100,15,0.034452
1,101,200,15,0.0254068
1,201,300,15,0.0324463
1,301,400,19,0.0338023
1,401,500,11,0.0214407
1,501,600,18,0.031435
1,601,700,14,0.0280904
1,701,800,14,0.0288757
1,801,900,17,0.0337627
1,901,1000,20,0.0401751
5,1,100,15,0.0472034
5,101,200,14,0.0245311
5,201,300,14,0.0317232
5,301,400,9,0.0170282
5,401,500,12,0.0319492
5,501,600,13,0.0233503
5,601,700,12,0.0287401
5,701,800,16,0.0552655
5,801,900,10,0.0193559
5,901,1000,13,0.0320282
11,1,100,19,0.0611017
11,101,200,22,0.0614972
11,201,300,19,0.0608249
11,301,400,20,0.0612373
11,401,500,21,0.0695989
11,501,600,28,0.112797
11,601,700,26,0.0784689
11,701,800,16,0.0461017
11,801,900,17,0.0486384
11,901,1000,18,0.0619209
7,1,100,12,0.0123051
7,101,200,9,0.0190904
7,201,300,7,0.0157006
7,301,400,8,0.00771751
7,401,500,8,0.0118418
7,501,600,9,0.019322
7,601,700,14,0.0279379
7,701,800,11,0.0214463
7,801,900,7,0.00858192
7,901,1000,6,0.0185141
6,1,100,16,0.0198475
6,101,200,19,0.0317062
6,201,300,25,0.0463107
6,301,400,17,0.0195537
6,401,500,14,0.0167853
6,501,600,19,0.0349209
6,601,700,18,0.0180847
6,701,800,23,0.0370621
6,801,900,17,0.0146723
6,901,1000,15,0.0211582
2,1,100,10,0.0219944
2,101,200,7,0.0181751
2,201,300,17,0.0229718
2,301,400,9,0.00757062
2,401,500,8,0.00593785
2,501,600,19,0.0484124
2,601,700,14,0.0236893
2,701,800,14,0.0221073
2,801,900,10,0.0206723
2,901,1000,12,0.0192768
16,1,100,17,0.036096
16,101,200,13,0.0233955
16,201,300,10,0.0153277
16,301,400,11,0.0263616
16,401,500,15,0.0398757
16,501,600,16,0.0413616
16,601,700,13,0.0230056
16,701,800,15,0.0365424
16,801,900,14,0.0263333
16,901,1000,12,0.0238418
5,1,100,20,0.0575141
5,101,200,13,0.0155537
5,201,300,20,0.0608644
5,301,400,14,0.0270226
5,401,500,19,0.052661
5,501,600,15,0.0406497
5,601,700,27,0.0619944
5,701,800,22,0.0645254
5,801,900,15,0.0398588
5,901,1000,21,0.062096
12,1,100,6,0.0123729
12,101,200,11,0.0170508
12,201,300,9,0.0182034
12,301,400,10,0.0165028
12,401,500,14,0.0212712
12,501,600,15,0.030209
12,601,700,11,0.0173955
12,701,800,10,0.0203785
12,801,900,7,0.0109605
12,901,1000,8,0.0145763
3,1,100,17,0.0425537
3,101,200,12,0.0236723
3,201,300,21,0.0651977
3,301,400,16,0.0466158
3,401,500,17,0.0380847
3,501,600,20,0.0437006
3,601,700,25,0.0758531
3,701,800,14,0.0301243
3,801,900,22,0.0632994
3,901,1000,14,0.046
3,1,100,18,0.0444802
3,101,200,26,0.0487458
3,201,300,24,0.0560847
3,301,400,19,0.0526158
3,401,500,21,0.0455254
3,501,600,25,0.0549379
3,601,700,20,0.0659209
3,701,800,16,0.0484859
3,801,900,26,0.0606723
3,901,1000,25,0.057661
16,1,100,29,0.0615367
16,101,200,23,0.043774
16,201,300,25,0.0382147
16,301,400,28,0.051678
16,401,500,18,0.0365311
16,501,600,28,0.0547232
16,601,700,31,0.0798475
16,701,800,26,0.0519944
16,801,900,36,0.0665876
16,901,1000,27,0.0531864
10,1,100,19,0.0396215
10,101,200,11,0.0206554
10,201,300,12,0.0307684
10,301,400,13,0.0328418
10,401,500,13,0.0222542
10,501,600,12,0.0149548
10,601,700,10,0.0176497
10,701,800,10,0.0334181
10,801,900,13,0.0277966
10,901,1000,10,0.0296554
9,1,100,12,0.0420452
9,101,200,11,0.0255424
9,201,300,10,0.0366836
9,301,400,10,0.0262034
9,401,500,8,0.0218588
9,501,600,16,0.0462712
9,601,700,14,0.0438192
9,701,800,8,0.0230904
9,801,900,14,0.0353051
9,901,1000,10,0.0234237
19,1,100,11,0.0174746
19,101,200,13,0.0196723
19,201,300,14,0.0244689
19,301,400,10,0.0150734
19,401,500,16,0.041661
19,501,600,16,0.0372486
19,601,700,13,0.0277966
19,701,800,12,0.028678
19,801,900,15,0.0179831
19,901,1000,13,0.0162938
6,1,100,15,0.0402825
6,101,200,15,0.0492768
6,201,300,10,0.0252542
6,301,400,6,0.0168136
6,401,500,10,0.0314915
6,501,600,8,0.0267006
6,601,700,9,0.0223955
6,701,800,14,0.0514068
6,801,900,10,0.0313672
6,901,1000,10,0.0219548
8,1,100,5,0.0114011
8,101,200,10,0.0322938
8,201,300,9,0.022096
8,301,400,11,0.0272599
8,401,500,5,0.00996045
8,501,600,9,0.0176723
8,601,700,10,0.0292994
8,701,800,11,0.0197853
8,801,900,8,0.0213672
8,901,1000,11,0.0229266
1,1,100,15,0.0275706
1,101,200,12,0.0329209
1,201,300,17,0.0337345
1,301,400,13,0.0378588
1,401,500,16,0.045435
1,501,600,14,0.0274011
1,601,700,16,0.0354689
1,701,800,11,0.0274633
1,801,900,16,0.0407966
1,901,1000,18,0.0615763
4,1,100,16,0.0317797
4,101,200,20,0.0281921
4,201,300,16,0.0247401
4,301,400,14,0.023548
4,401,500,9,0.0158249
4,501,600,16,0.0271808
4,601,700,13,0.0210508
4,701,800,19,0.0361412
4,801,900,18,0.0325593
4,901,1000,16,0.0208814
6,1,100,13,0.0226328
6,101,200,13,0.0321751
6,201,300,20,0.0592316
6,301,400,21,0.0654237
6,401,500,16,0.0503729
6,501,600,20,0.0593729
6,601,700,9,0.0183164
6,701,800,16,0.0517401
6,801,900,21,0.0524802
6,901,1000,12,0.0403277
19,1,100,21,0.063887
19,101,200,17,0.0451017
19,201,300,22,0.0464181
19,301,400,20,0.0522542
19,401,500,25,0.0703333
19,501,600,28,0.084548
19,601,700,21,0.0632938
19,701,800,22,0.0556271
19,801,900,17,0.0380508
19,901,1000,18,0.0530169
9,1,100,16,0.0437288
9,101,200,13,0.0391356
9,201,300,19,0.0514124
9,301,400,10,0.0370508
9,401,500,15,0.0426215
9,501,600,11,0.0384689
9,601,700,11,0.0268418
9,701,800,15,0.0440678
9,801,900,9,0.0237514
9,901,1000,16,0.042678
3,1,100,14,0.0284124
3,101,200,12,0.0266497
3,201,300,15,0.0333333
3,301,400,15,0.0319209
3,401,500,15,0.0320169
3,501,600,13,0.0212486
3,601,700,17,0.0408192
3,701,800,18,0.036774
3,801,900,15,0.0256667
3,901,1000,8,0.0158983
6,1,100,10,0.0225311
6,101,200,10,0.0218701
6,201,300,7,0.0149774
6,301,400,13,0.0284407
6,401,500,5,0.0111017
6,501,600,11,0.018661
6,601,700,13,0.0217684
6,701,800,9,0.0303503
6,801,900,10,0.0129661
6,901,1000,10,0.028435
7,1,100,10,0.0370452
7,101,200,7,0.0183051
7,201,300,11,0.0227062
7,301,400,12,0.0304972
7,401,500,10,0.0229322
7,501,600,9,0.0189209
7,601,700,8,0.0183107
7,701,800,12,0.0196102
7,801,900,13,0.024548
7,901,1000,13,0.035322
12,1,100,24,0.057887
12,101,200,17,0.031661
12,201,300,20,0.0497062
12,301,400,17,0.0392712
12,401,500,20,0.0542316
12,501,600,14,0.0240621
12,601,700,18,0.0461695
12,701,800,19,0.0448249
12,801,900,17,0.0416497
12,901,1000,15,0.0414011
14,1,100,14,0.0184463
14,101,200,6,0.00536158
14,201,300,16,0.0253164
14,301,400,13,0.0243051
14,401,500,22,0.026661
14,501,600,13,0.0193616
14,601,700,18,0.0223277
14,701,800,18,0.0229718
14,801,900,17,0.0300734
14,901,1000,16,0.022565
15,1,100,14,0.0317966
15,101,200,14,0.0277062
15,201,300,11,0.0187627
15,301,400,10,0.0174463
15,401,500,17,0.0427062
15,501,600,14,0.0328079
15,601,700,17,0.028209
15,701,800,13,0.0211751
15,801,900,14,0.0285932
15,901,1000,10,0.021
6,1,100,10,0.0228814
6,101,200,11,0.0203672
6,201,300,19,0.0401751
6,301,400,12,0.0234802
6,401,500,16,0.0334463
6,501,600,17,0.0312994
6,601,700,8,0.0195028
6,701,800,16,0.0242768
6,801,900,9,0.0177966
6,901,1000,20,0.0386723
14,1,100,11,0.0117853
14,101,200,12,0.0215819
14,201,300,9,0.0142316
14,301,400,13,0.0160565
14,401,500,6,0.00888701
14,501,600,12,0.0186271
14,601,700,9,0.0174068
14,701,800,9,0.0174124
14,801,900,6,0.00888136
14,901,1000,7,0.0130847
5,1,100,16,0.0478475
5,101,200,18,0.0392712
5,201,300,9,0.0266102
5,301,400,14,0.0203107
5,401,500,16,0.029
5,501,600,16,0.0385254
5,601,700,16,0.0256497
5,701,800,16,0.0343559
5,801,900,18,0.047339
5,901,1000,14,0.0390339
9,1,100,8,0.0192825
9,101,200,12,0.0241638
9,201,300,9,0.0232712
9,301,400,19,0.039678
9,401,500,14,0.021113
9,501,600,13,0.0276893
9,601,700,16,0.0407966
9,701,800,13,0.025565
9,801,900,14,0.0336158
9,901,1000,8,0.0129153
16,1,100,11,0.0221073
16,101,200,22,0.0423842
16,201,300,20,0.0385198
16,301,400,13,0.0173729
16,401,500,21,0.0391921
16,501,600,15,0.0311695
16,601,700,14,0.0317853
16,701,800,13,0.0250508
16,801,900,14,0.0261977
16,901,1000,17,0.0263559
11,1,100,19,0.0439153
11,101,200,13,0.027548
11,201,300,17,0.040322
11,301,400,8,0.0147232
11,401,500,10,0.018
11,501,600,9,0.0270113
11,601,700,24,0.067435
11,701,800,10,0.0239379
11,801,900,13,0.0284068
11,901,1000,14,0.0352938
16,1,100,13,0.0306949
16,101,200,15,0.0131356
16,201,300,18,0.0465311
16,301,400,16,0.0367175
16,401,500,11,0.0173164
16,501,600,21,0.0450282
16,601,700,10,0.0194689
16,701,800,9,0.0182147
16,801,900,16,0.0344011
16,901,1000,11,0.0193277
9,1,100,16,0.0457627
9,101,200,29,0.0713616
9,201,300,15,0.0381017
9,301,400,12,0.027678
9,401,500,13,0.0328701
9,501,600,16,0.0591864
9,601,700,13,0.0440565
9,701,800,14,0.0326215
9,801,900,15,0.0493051
9,901,1000,15,0.0387119
14,1,100,20,0.0651808
14,101,200,19,0.0647062
14,201,300,15,0.0248701
14,301,400,18,0.0623446
14,401,500,17,0.049452
14,501,600,11,0.0476723
14,601,700,15,0.0340226
14,701,800,14,0.0435876
14,801,900,17,0.0479661
14,901,1000,14,0.0472316
9,1,100,11,0.0280621
9,101,200,12,0.0203672
9,201,300,8,0.021791
9,301,400,16,0.0369605
9,401,500,6,0.0194463
9,501,600,5,0.0115198
9,601,700,9,0.0143503
9,701,800,12,0.0244011
9,801,900,2,0.00537853
9,901,1000,12,0.0258249
17,1,100,15,0.0276723
17,101,200,16,0.033113
17,201,300,20,0.0405311
17,301,400,12,0.0267514
17,401,500,19,0.0409379
17,501,600,13,0.0184746
17,601,700,5,0.0089548
17,701,800,25,0.0476836
17,801,900,9,0.0168023
17,901,1000,14,0.0241638
5,1,100,20,0.0536441
5,101,200,16,0.0494859
5,201,300,21,0.0610678
5,301,400,13,0.0299548
5,401,500,13,0.0355819
5,501,600,24,0.0708362
5,601,700,22,0.0555141
5,701,800,24,0.0637627
5,801,900,24,0.0622599
5,901,1000,14,0.0406893
14,1,100,17,0.0578079
14,101,200,14,0.0575876
14,201,300,17,0.065096
14,301,400,20,0.0758136
14,401,500,24,0.0910791
14,501,600,27,0.0909379
14,601,700,23,0.0780904
14,701,800,17,0.064774
14,801,900,32,0.10722
14,901,1000,18,0.0615537
3,1,100,10,0.027435
3,101,200,14,0.0330395
3,201,300,16,0.0356102
3,301,400,11,0.0335141
3,401,500,14,0.0364576
3,501,600,14,0.0341356
3,601,700,15,0.0384237
3,701,800,11,0.0242881
3,801,900,11,0.0180791
3,901,1000,15,0.0328136
12,1,100,14,0.0271469
12,101,200,13,0.0415706
12,201,300,6,0.00556497
12,301,400,14,0.0293503
12,401,500,15,0.0342825
12,501,600,12,0.0240282
12,601,700,15,0.0290621
12,701,800,12,0.0390452
12,801,900,15,0.0400226
12,901,1000,22,0.0501469
17,1,100,20,0.063661
17,101,200,16,0.0478588
17,201,300,23,0.0992373
17,301,400,29,0.088678
17,401,500,20,0.0574859
17,501,600,20,0.0524237
17,601,700,16,0.0519492
17,701,800,18,0.0691864
17,801,900,19,0.0626441
17,901,1000,24,0.0775819
4,1,100,16,0.0377797
4,101,200,18,0.0427119
4,201,300,18,0.0534746
4,301,400,16,0.0264068
4,401,500,18,0.0487345
4,501,600,21,0.0527571
4,601,700,21,0.0506384
4,701,800,15,0.0420904
4,801,900,23,0.0496554
4,901,1000,19,0.0469548
5,1,100,12,0.0117401
5,101,200,12,0.0163616
5,201,300,7,0.00868927
5,301,400,9,0.0110282
5,401,500,17,0.0297288
5,501,600,13,0.0214068
5,601,700,13,0.0172768
5,701,800,7,0.00939548
5,801,900,10,0.00616384
5,901,1000,14,0.0175254
2,1,100,15,0.0482316
2,101,200,19,0.0545706
2,201,300,14,0.0461751
2,301,400,21,0.0667684
2,401,500,18,0.0581243
2,501,600,15,0.0522712
2,601,700,18,0.0544802
2,701,800,14,0.0389322
2,801,900,13,0.0448588
2,901,1000,14,0.041096
0,1,100,12,0.0371017
0,101,200,14,0.0428757
0,201,300,16,0.0548305
0,301,400,18,0.0401695
0,401,500,10,0.0254802
0,501,600,16,0.0306384
0,601,700,5,0.0141469
0,701,800,15,0.0466836
0,801,900,18,0.0415311
0,901,1000,11,0.0238757
17,1,100,18,0.0419209
17,101,200,10,0.0343559
17,201,300,14,0.0473672
17,301,400,13,0.049096
17,401,500,16,0.0470169
17,501,600,15,0.0336949
17,601,700,19,0.0569548
17,701,800,7,0.0235876
17,801,900,14,0.0309774
17,901,1000,12,0.0345028
10,1,100,12,0.0236836
10,101,200,8,0.022904
10,201,300,16,0.0371299
10,301,400,10,0.017661
10,401,500,13,0.0273051
10,501,600,17,0.0342825
10,601,700,7,0.0173446
10,701,800,20,0.0481356
10,801,900,12,0.0334011
10,901,1000,12,0.0259379
4,1,100,12,0.0302203
4,101,200,19,0.0511864
4,201,300,13,0.0262712
4,301,400,20,0.0471695
4,401,500,13,0.0341921
4,501,600,15,0.0265876
4,601,700,15,0.0287571
4,701,800,18,0.0389209
4,801,900,20,0.0405876
4,901,1000,20,0.0458814
0,1,100,30,0.0901243
0,101,200,27,0.093322
0,201,300,21,0.0653955
0,301,400,30,0.0922316
0,401,500,28,0.10161
0,501,600,34,0.105644
0,601,700,30,0.0831977
0,701,800,27,0.0919661
0,801,900,32,0.104198
0,901,1000,23,0.0663164
15,1,100,15,0.026774
15,101,200,15,0.0250565
15,201,300,11,0.0137797
15,301,400,10,0.021322
15,401,500,12,0.0276723
15,501,600,13,0.0238983
15,601,700,11,0.0197345
15,701,800,12,0.0204802
15,801,900,10,0.0180904
15,901,1000,10,0.017435
2,1,100,13,0.0295932
2,101,200,10,0.0377853
2,201,300,18,0.045565
2,301,400,17,0.0510056
2,401,500,9,0.0287514
2,501,600,10,0.0280565
2,601,700,10,0.0345028
2,701,800,10,0.0219209
2,801,900,12,0.0365593
2,901,1000,15,0.0350621
17,1,100,16,0.0422881
17,101,200,14,0.0321638
17,201,300,13,0.0252316
17,301,400,10,0.0207062
17,401,500,9,0.016209
17,501,600,17,0.0351864
17,601,700,11,0.0273955
17,701,800,12,0.027774
17,801,900,11,0.0240395
17,901,1000,17,0.0388927
13,1,100,24,0.0745537
13,101,200,28,0.0782373
13,201,300,19,0.06
13,301,400,25,0.0673503
13,401,500,36,0.0941412
13,501,600,25,0.0715876
13,601,700,24,0.0696328
13,701,800,22,0.0452316
13,801,900,18,0.055661
13,901,1000,20,0.0492768
8,1,100,14,0.0285819
8,101,200,10,0.0195424
8,201,300,12,0.0271525
8,301,400,8,0.00981921
8,401,500,10,0.0111638
8,501,600,16,0.0331017
8,601,700,13,0.0362881
8,701,800,16,0.0403051
8,801,900,13,0.0253277
8,901,1000,16,0.0346667
12,1,100,21,0.0537401
12,101,200,13,0.0311356
12,201,300,16,0.036435
12,301,400,8,0.0229322
12,401,500,13,0.0389492
12,501,600,12,0.0362712
12,601,700,12,0.0232542
12,701,800,9,0.0151017
12,801,900,14,0.0398475
12,901,1000,15,0.0380904
0,1,100,23,0.0682316
0,101,200,16,0.0505989
0,201,300,18,0.0422147
0,301,400,13,0.0319718
0,401,500,15,0.0417062
0,501,600,15,0.0369548
0,601,700,8,0.0219548
0,701,800,11,0.0287853
0,801,900,12,0.0424746
0,901,1000,8,0.0173277
9,1,100,7,0.0102938
9,101,200,7,0.0106554
9,201,300,11,0.0271017
9,301,400,15,0.0269322
9,401,500,14,0.0527797
9,501,600,11,0.0218136
9,601,700,17,0.0343672
9,701,800,12,0.0337288
9,801,900,12,0.0327797
9,901,1000,7,0.0153277
19,1,100,16,0.0404068
19,101,200,13,0.0341582
19,201,300,10,0.0290678
19,301,400,12,0.0312881
19,401,500,9,0.0260395
19,501,600,12,0.0379774
19,601,700,14,0.0427062
19,701,800,14,0.0279153
19,801,900,18,0.0480565
19,901,1000,3,0.010339
4,1,100,16,0.0629661
4,101,200,17,0.0507232
4,201,300,18,0.0629887
4,301,400,26,0.0902938
4,401,500,16,0.0574181
4,501,600,13,0.0561469
4,601,700,16,0.0580621
4,701,800,12,0.0430904
4,801,900,11,0.0325141
4,901,1000,12,0.0408023
19,1,100,10,0.0215706
19,101,200,14,0.0359944
19,201,300,6,0.0177175
19,301,400,12,0.0227458
19,401,500,8,0.0258644
19,501,600,7,0.012678
19,601,700,13,0.0331525
19,701,800,10,0.0278927
19,801,900,11,0.0282994
19,901,1000,15,0.0251299
11,1,100,12,0.0293051
11,101,200,16,0.0507458
11,201,300,14,0.0404068
11,301,400,13,0.046113
11,401,500,8,0.0184576
11,501,600,13,0.0286667
11,601,700,26,0.0787684
11,701,800,12,0.0315198
11,801,900,8,0.0129718
11,901,1000,22,0.0449379
17,1,100,13,0.0248814
17,101,200,15,0.038226
17,201,300,12,0.0227401
17,301,400,13,0.0153107
17,401,500,7,0.013887
17,501,600,11,0.0288927
17,601,700,12,0.0224237
17,701,800,10,0.0187288
17,801,900,13,0.0248701
17,901,1000,8,0.00892655
1,1,100,11,0.0218757
1,101,200,9,0.00917514
1,201,300,10,0.0274915
1,301,400,10,0.0200678
1,401,500,14,0.0364237
1,501,600,16,0.0360113
1,601,700,12,0.0265311
1,701,800,11,0.0334633
1,801,900,7,0.0120678
1,901,1000,10,0.0300226
2,1,100,15,0.0452938
2,101,200,24,0.0735537
2,201,300,17,0.0646723
2,301,400,16,0.0605367
2,401,500,17,0.0602034
2,501,600,16,0.064791
2,601,700,15,0.0472316
2,701,800,19,0.059452
2,801,900,17,0.0650282
2,901,1000,11,0.0335424
19,1,100,18,0.0413616
19,101,200,13,0.028096
19,201,300,14,0.0238588
19,301,400,19,0.0437062
19,401,500,17,0.0340169
19,501,600,15,0.0315876
19,601,700,14,0.0305198
19,701,800,19,0.0519492
19,801,900,21,0.0414746
19,901,1000,14,0.0284463
6,1,100,21,0.048548
6,101,200,14,0.0215537
6,201,300,12,0.0313955
6,301,400,20,0.0575593
6,401,500,16,0.0337175
6,501,600,16,0.0506328
6,601,700,13,0.0260395
6,701,800,15,0.0317232
6,801,900,12,0.0426893
6,901,1000,15,0.0476836
10,1,100,9,0.0161695
10,101,200,8,0.011435
10,201,300,8,0.0121977
10,301,400,8,0.00933898
10,401,500,9,0.0144859
10,501,600,13,0.0197062
10,601,700,10,0.014096
10,701,800,6,0.0079548
10,801,900,4,0.00883616
10,901,1000,13,0.0275989
7,1,100,18,0.0680621
7,101,200,22,0.0801808
7,201,300,26,0.0772542
7,301,400,25,0.0823955
7,401,500,21,0.0674463
7,501,600,24,0.0800678
7,601,700,32,0.111571
7,701,800,19,0.0572429
7,801,900,20,0.089226
7,901,1000,23,0.087678
5,1,100,12,0.0255876
5,101,200,11,0.0213503
5,201,300,10,0.0172203
5,301,400,14,0.014113
5,401,500,15,0.0387797
5,501,600,14,0.0289605
5,601,700,11,0.0225706
5,701,800,16,0.0367006
5,801,900,17,0.029452
5,901,1000,12,0.023209
10,1,100,14,0.0294124
10,101,200,17,0.0403955
10,201,300,27,0.0519661
10,301,400,25,0.0459266
10,401,500,19,0.0328814
10,501,600,16,0.0367458
10,601,700,24,0.0557345
10,701,800,26,0.0560169
10,801,900,25,0.057113
10,901,1000,13,0.0281582
8,1,100,21,0.0270452
8,101,200,10,0.0148136
8,201,300,11,0.0182881
8,301,400,9,0.0101751
8,401,500,13,0.0244972
8,501,600,17,0.0234746
8,601,700,9,0.0166045
8,701,800,12,0.0230904
8,801,900,10,0.012887
8,901,1000,11,0.0192429
15,1,100,20,0.0566102
15,101,200,20,0.0638305
15,201,300,25,0.0725876
15,301,400,16,0.0428983
15,401,500,21,0.0778192
15,501,600,15,0.0415198
15,601,700,23,0.0566215
15,701,800,23,0.0598079
15,801,900,24,0.081774
15,901,1000,22,0.0691073
14,1,100,10,0.019774
14,101,200,12,0.0231356
14,201,300,10,0.0277797
14,301,400,15,0.0238531
14,401,500,13,0.0307853
14,501,600,7,0.0122034
14,601,700,14,0.0271073
14,701,800,13,0.0302881
14,801,900,17,0.0379831
14,901,1000,15,0.0310565
3,1,100,19,0.0584689
3,101,200,19,0.0531356
3,201,300,17,0.0663729
3,301,400,17,0.0567401
3,401,500,20,0.0540056
3,501,600,26,0.0718136
3,601,700,24,0.0588983
3,701,800,26,0.0757288
3,801,900,19,0.0563616
3,901,1000,21,0.0546271
0,1,100,12,0.0234463
0,101,200,12,0.0252147
0,201,300,10,0.0196667
0,301,400,9,0.0147288
0,401,500,8,0.0204124
0,501,600,12,0.0221525
0,601,700,18,0.0267853
0,701,800,11,0.0205254
0,801,900,15,0.0233164
0,901,1000,10,0.0226215
12,1,100,13,0.0241921
12,101,200,12,0.0380339
12,201,300,15,0.0335763
12,301,400,22,0.0615141
12,401,500,16,0.0280226
12,501,600,12,0.0465198
12,601,700,19,0.0517684
12,701,800,9,0.0234407
12,801,900,18,0.0391356
12,901,1000,12,0.041096
12,1,100,22,0.0662373
12,101,200,15,0.0497797
12,201,300,13,0.0330621
12,301,400,20,0.0537288
12,401,500,14,0.0533842
12,501,600,18,0.0619492
12,601,700,16,0.0577797
12,701,800,18,0.0633446
12,801,900,20,0.082678
12,901,1000,18,0.0580621
13,1,100,11,0.0333107
13,101,200,20,0.0512938
13,201,300,10,0.0258588
13,301,400,16,0.0334915
13,401,500,19,0.0424181
13,501,600,14,0.0318305
13,601,700,16,0.0509774
13,701,800,21,0.0502655
13,801,900,20,0.0537232
13,901,1000,16,0.0380678
7,1,100,12,0.0340226
7,101,200,14,0.0290904
7,201,300,17,0.0425085
7,301,400,19,0.0377175
7,401,500,22,0.0317175
7,501,600,14,0.0445141
7,601,700,10,0.0193107
7,701,800,12,0.0281808
7,801,900,13,0.0343107
7,901,1000,8,0.016548
10,1,100,19,0.0630056
10,101,200,22,0.0818983
10,201,300,19,0.0777514
10,301,400,18,0.0730791
10,401,500,18,0.0657853
10,501,600,16,0.0586102
10,601,700,15,0.0513051
10,701,800,23,0.0754124
10,801,900,20,0.0752316
10,901,1000,16,0.0423446
18,1,100,21,0.0523672
18,101,200,15,0.0495819
18,201,300,18,0.0491412
18,301,400,13,0.0500847
18,401,500,20,0.0641751
18,501,600,21,0.057565
18,601,700,16,0.0452542
18,701,800,14,0.0444407
18,801,900,17,0.0497627
18,901,1000,16,0.0458983
10,1,100,14,0.0366554
10,101,200,13,0.0371017
10,201,300,17,0.0343842
10,301,400,15,0.0350678
10,401,500,10,0.0288079
10,501,600,19,0.057904
10,601,700,18,0.0511243
10,701,800,17,0.0386836
10,801,900,13,0.031
10,901,1000,11,0.0263616
13,1,100,13,0.0304633
13,101,200,17,0.0338079
13,201,300,15,0.0346102
13,301,400,21,0.0459887
13,401,500,23,0.0467966
13,501,600,19,0.0383051
13,601,700,15,0.0380621
13,701,800,30,0.0567006
13,801,900,25,0.0644011
13,901,1000,23,0.0415989
2,1,100,11,0.015226
2,101,200,6,0.0117458
2,201,300,14,0.0300226
2,301,400,10,0.018678
2,401,500,17,0.0218531
2,501,600,15,0.0185706
2,601,700,16,0.0230565
2,701,800,9,0.0121751
2,801,900,11,0.0132542
2,901,1000,9,0.00858192
0,1,100,15,0.0203277
0,101,200,10,0.0141808
0,201,300,11,0.0197627
0,301,400,16,0.0190056
0,401,500,23,0.0255254
0,501,600,20,0.0212147
0,601,700,22,0.0267966
0,701,800,13,0.0286893
0,801,900,18,0.032113
0,901,1000,7,0.00419774
14,1,100,18,0.0212203
14,101,200,10,0.00829944
14,201,300,10,0.00923729
14,301,400,16,0.0170508
14,401,500,10,0.014791
14,501,600,6,0.006
14,601,700,17,0.0259492
14,701,800,7,0.0121017
14,801,900,11,0.0159718
14,901,1000,19,0.0404463
7,1,100,11,0.0239266
7,101,200,11,0.0177119
7,201,300,13,0.0192881
7,301,400,8,0.0150169
7,401,500,13,0.0198757
7,501,600,9,0.0144294
7,601,700,10,0.0210565
7,701,800,8,0.0184689
7,801,900,7,0.0116441
7,901,1000,9,0.0257345
15,1,100,16,0.0297062
15,101,200,11,0.0267288
15,201,300,3,0.00936158
15,301,400,11,0.0292316
15,401,500,14,0.0336554
15,501,600,6,0.00912429
15,601,700,14,0.0304746
15,701,800,8,0.0226836
15,801,900,15,0.0389379
15,901,1000,14,0.0229887
1,1,100,18,0.0514463
1,101,200,21,0.059904
1,201,300,22,0.0571808
1,301,400,20,0.0558588
1,401,500,15,0.052096
1,501,600,18,0.0434407
1,601,700,15,0.0425254
1,701,800,20,0.0538531
1,801,900,22,0.0663164
1,901,1000,13,0.0413164
1,1,100,14,0.0251356
1,101,200,15,0.021565
1,201,300,8,0.015113
1,301,400,6,0.0104576
1,401,500,10,0.0123955
1,501,600,9,0.021113
1,601,700,15,0.0203107
1,701,800,8,0.0171073
1,801,900,10,0.013904
1,901,1000,8,0.0111073
15,1,100,15,0.0280565
15,101,200,11,0.0244181
15,201,300,10,0.0160847
15,301,400,12,0.0151638
15,401,500,9,0.0123672
15,501,600,13,0.0238023
15,601,700,16,0.0228023
15,701,800,18,0.0389322
15,801,900,8,0.00607345
15,901,1000,8,0.0168475
3,1,100,14,0.033435
3,101,200,14,0.0298305
3,201,300,14,0.0269379
3,301,400,8,0.0148362
3,401,500,14,0.0342316
3,501,600,16,0.0451469
3,601,700,12,0.0345593
3,701,800,22,0.0293559
3,801,900,16,0.032096
3,901,1000,19,0.049113
0,1,100,8,0.00918079
0,101,200,2,0.00131073
0,201,300,8,0.00997175
0,301,400,9,0.0114463
0,401,500,4,0.00586441
0,501,600,7,0.0128023
0,601,700,10,0.00905085
0,701,800,9,0.0171525
0,801,900,13,0.0247797
0,901,1000,6,0.00907345
1,1,100,13,0.0292034
1,101,200,9,0.0294972
1,201,300,10,0.0229435
1,301,400,16,0.0440508
1,401,500,5,0.0114463
1,501,600,7,0.0235367
1,601,700,11,0.0261921
1,701,800,9,0.0268814
1,801,900,12,0.0418418
1,901,1000,11,0.0253616
1,1,100,13,0.0257345
1,101,200,10,0.0229548
1,201,300,4,0.00880226
1,301,400,12,0.027887
1,401,500,12,0.0284181
1,501,600,11,0.0184915
1,601,700,10,0.0170847
1,701,800,15,0.0200847
1,801,900,7,0.0154576
1,901,1000,13,0.024322
18,1,100,11,0.0327119
18,101,200,8,0.013904
18,201,300,13,0.028096
18,301,400,10,0.0297684
18,401,500,9,0.0203446
18,501,600,11,0.0305254
18,601,700,10,0.0208644
18,701,800,16,0.0369887
18,801,900,7,0.0130847
18,901,1000,13,0.028339
16,1,100,17,0.0454068
16,101,200,15,0.0222768
16,201,300,18,0.0489492
16,301,400,18,0.037661
16,401,500,15,0.0323333
16,501,600,13,0.0294689
16,601,700,11,0.031661
16,701,800,12,0.028452
16,801,900,14,0.0477797
16,901,1000,9,0.0172034
2,1,100,9,0.0253277
2,101,200,6,0.0212429
2,201,300,10,0.0260113
2,301,400,11,0.0266949
2,401,500,7,0.0145028
2,501,600,9,0.0111525
2,601,700,4,0.0149831
2,701,800,8,0.00884746
2,801,900,10,0.0214802
2,901,1000,4,0.00554802
12,1,100,12,0.0139435
12,101,200,15,0.0207797
12,201,300,9,0.00772881
12,301,400,11,0.0119379
12,401,500,12,0.0175085
12,501,600,12,0.0207797
12,601,700,8,0.0110169
12,701,800,15,0.0278249
12,801,900,9,0.00735028
12,901,1000,7,0.00861582
5,1,100,6,0.0107119
5,101,200,13,0.026113
5,201,300,10,0.0144972
5,301,400,13,0.030548
5,401,500,12,0.0173672
5,501,600,15,0.0250734
5,601,700,14,0.0150734
5,701,800,10,0.0163672
5,801,900,15,0.0240056
5,901,1000,14,0.0182486
14,1,100,16,0.0381977
14,101,200,24,0.0659718
14,201,300,16,0.0387966
14,301,400,16,0.0443785
14,401,500,18,0.036113
14,501,600,17,0.0344802
14,601,700,15,0.0249153
14,701,800,17,0.0369548
14,801,900,12,0.0296949
14,901,1000,17,0.0418249
8,1,100,16,0.0485311
8,101,200,22,0.0664407
8,201,300,14,0.034661
8,301,400,12,0.0383729
8,401,500,19,0.0601299
8,501,600,6,0.0154237
8,601,700,19,0.0564746
8,701,800,10,0.028661
8,801,900,10,0.0328588
8,901,1000,20,0.0683277
1,1,100,13,0.0367062
1,101,200,10,0.0234802
1,201,300,11,0.0206836
1,301,400,12,0.0343277
1,401,500,18,0.0394011
1,501,600,15,0.0372825
1,601,700,15,0.0296102
1,701,800,7,0.0126045
1,801,900,13,0.0308136
1,901,1000,15,0.0328644
7,1,100,11,0.0223898
7,101,200,18,0.0353503
7,201,300,11,0.0150678
7,301,400,14,0.0339887
7,401,500,18,0.0320565
7,501,600,11,0.024322
7,601,700,14,0.0314972
7,701,800,16,0.0301582
7,801,900,16,0.0319153
7,901,1000,11,0.0212655
19,1,100,24,0.0683785
19,101,200,13,0.0492938
19,201,300,25,0.0741751
19,301,400,16,0.0491412
19,401,500,10,0.0405706
19,501,600,24,0.0904633
19,601,700,24,0.0777797
19,701,800,10,0.0266328
19,801,900,15,0.0423164
19,901,1000,17,0.0561073
4,1,100,15,0.0399322
4,101,200,20,0.0454124
4,201,300,17,0.043113
4,301,400,13,0.0331977
4,401,500,12,0.0326215
4,501,600,13,0.027678
4,601,700,15,0.0243955
4,701,800,18,0.0297797
4,801,900,19,0.0426949
4,901,1000,15,0.0352655
11,1,100,8,0.019774
11,101,200,6,0.00955367
11,201,300,14,0.0333729
11,301,400,13,0.0217175
11,401,500,12,0.0340339
11,501,600,8,0.0179831
11,601,700,10,0.0171808
11,701,800,19,0.0260169
11,801,900,9,0.018548
11,901,1000,11,0.0127175
16,1,100,7,0.0112994
16,101,200,10,0.0133842
16,201,300,6,0.0112542
16,301,400,13,0.0160904
16,401,500,11,0.0168588
16,501,600,16,0.0305763
16,601,700,11,0.0170904
16,701,800,16,0.0343672
16,801,900,9,0.0210904
16,901,1000,11,0.021565
0,1,100,25,0.0612542
0,101,200,17,0.0454463
0,201,300,19,0.0509266
0,301,400,24,0.0570113
0,401,500,16,0.0425367
0,501,600,21,0.0562655
0,601,700,19,0.0528701
0,701,800,15,0.0396215
0,801,900,17,0.0444124
0,901,1000,17,0.0438305
17,1,100,22,0.0661977
17,101,200,20,0.0560791
17,201,300,13,0.0234972
17,301,400,11,0.0379153
17,401,500,15,0.0367006
17,501,600,15,0.0539209
17,601,700,20,0.0559661
17,701,800,22,0.0568418
17,801,900,12,0.0415028
17,901,1000,16,0.0426384
13,1,100,12,0.0257175
13,101,200,16,0.027435
13,201,300,7,0.0180565
13,301,400,11,0.0175537
13,401,500,19,0.0360847
13,501,600,18,0.0421751
13,601,700,14,0.0325424
13,701,800,13,0.0302316
13,801,900,16,0.0316723
13,901,1000,15,0.0255537
1,1,100,23,0.073322
1,101,200,24,0.0673333
1,201,300,20,0.0457006
1,301,400,25,0.0668701
1,401,500,20,0.055887
1,501,600,20,0.0617458
1,601,700,15,0.0396271
1,701,800,18,0.0498588
1,801,900,14,0.0411525
1,901,1000,20,0.0627175
3,1,100,22,0.0401073
3,101,200,12,0.0214181
3,201,300,31,0.047339
3,301,400,17,0.0273672
3,401,500,12,0.0208249
3,501,600,21,0.0283672
3,601,700,13,0.0168531
3,701,800,17,0.0139661
3,801,900,19,0.023339
3,901,1000,18,0.0313785
17,1,100,14,0.0356949
17,101,200,16,0.0232034
17,201,300,9,0.016565
17,301,400,8,0.00691525
17,401,500,11,0.0137571
17,501,600,13,0.0296893
17,601,700,11,0.0245367
17,701,800,11,0.0299209
17,801,900,17,0.0269492
17,901,1000,12,0.020226
14,1,100,21,0.0444181
14,101,200,10,0.014096
14,201,300,10,0.0186158
14,301,400,18,0.0449322
14,401,500,10,0.0221695
14,501,600,17,0.0399718
14,601,700,12,0.0189322
14,701,800,21,0.0452599
14,801,900,11,0.0213955
14,901,1000,16,0.0346441
15,1,100,13,0.0371582
15,101,200,15,0.0382147
15,201,300,13,0.0403898
15,301,400,21,0.0436554
15,401,500,12,0.0284972
15,501,600,14,0.0272486
15,601,700,10,0.0268192
15,701,800,9,0.0225028
15,801,900,13,0.0345706
15,901,1000,12,0.0360169
16,1,100,22,0.0488192
16,101,200,20,0.0338927
16,201,300,21,0.0536497
16,301,400,15,0.034
16,401,500,22,0.0411808
16,501,600,22,0.0486328
16,601,700,20,0.0518927
16,701,800,22,0.052
16,801,900,19,0.0428249
16,901,1000,17,0.0368362
0,1,100,22,0.056791
0,101,200,23,0.0457458
0,201,300,22,0.0644972
0,301,400,28,0.0605028
0,401,500,14,0.0346949
0,501,600,14,0.0318362
0,601,700,14,0.0390056
0,701,800,24,0.0642034
0,801,900,27,0.0685876
0,901,1000,17,0.0413051
13,1,100,14,0.0338136
13,101,200,11,0.0390339
13,201,300,25,0.0656554
13,301,400,13,0.0319774
13,401,500,18,0.044339
13,501,600,14,0.0297571
13,601,700,11,0.0240113
13,701,800,15,0.0312316
13,801,900,15,0.0488927
13,901,1000,15,0.0433955
19,1,100,20,0.0594859
19,101,200,16,0.0479096
19,201,300,13,0.0389435
19,301,400,16,0.0492147
19,401,500,15,0.0638927
19,501,600,18,0.0578079
19,601,700,18,0.0447514
19,701,800,18,0.0447175
19,801,900,24,0.0931582
19,901,1000,18,0.0456328
16,1,100,20,0.0649322
16,101,200,15,0.0573503
16,201,300,20,0.071774
16,301,400,21,0.0614407
16,401,500,18,0.0582768
16,501,600,11,0.0262994
16,601,700,18,0.0558136
16,701,800,10,0.0207232
16,801,900,21,0.0653333
16,901,1000,15,0.0434576
9,1,100,10,0.0210565
9,101,200,7,0.0216215
9,201,300,13,0.0357514
9,301,400,9,0.0195932
9,401,500,6,0.0105367
9,501,600,10,0.0171751
9,601,700,5,0.0170282
9,701,800,9,0.0194576
9,801,900,6,0.0129153
9,901,1000,12,0.0347345
10,1,100,18,0.0425932
10,101,200,19,0.0548644
10,201,300,17,0.0432034
10,301,400,26,0.0696328
10,401,500,22,0.066661
10,501,600,14,0.0389379
10,601,700,26,0.0749266
10,701,800,27,0.0787684
10,801,900,19,0.0463051
10,901,1000,18,0.0492373
9,1,100,14,0.0275141
9,101,200,18,0.0447797
9,201,300,18,0.0342881
9,301,400,23,0.0454972
9,401,500,19,0.0308079
9,501,600,18,0.0349774
9,601,700,22,0.0380339
9,701,800,18,0.0270621
9,801,900,18,0.0347119
9,901,1000,17,0.0298305
6,1,100,16,0.0261921
6,101,200,15,0.0302373
6,201,300,10,0.0166045
6,301,400,9,0.0243785
6,401,500,10,0.0216441
6,501,600,8,0.0163898
6,601,700,10,0.0274294
6,701,800,8,0.0212316
6,801,900,6,0.0136554
6,901,1000,12,0.014209
2,1,100,11,0.0273842
2,101,200,10,0.0285198
2,201,300,11,0.0225311
2,301,400,13,0.0309831
2,401,500,15,0.0390113
2,501,600,11,0.0155367
2,601,700,15,0.0318983
2,701,800,15,0.0342655
2,801,900,6,0.0156497
2,901,1000,11,0.0154463
7,1,100,21,0.0865706
7,101,200,17,0.0634294
7,201,300,34,0.122441
7,301,400,21,0.0684689
7,401,500,27,0.0993051
7,501,600,21,0.0669548
7,601,700,23,0.0706497
7,701,800,18,0.0639605
7,801,900,34,0.103859
7,901,1000,21,0.0779322
18,1,100,14,0.0368531
18,101,200,8,0.0232768
18,201,300,14,0.024113
18,301,400,16,0.0350282
18,401,500,17,0.0417062
18,501,600,19,0.0529718
18,601,700,19,0.0506384
18,701,800,15,0.0313842
18,801,900,18,0.0524011
18,901,1000,17,0.029339
9,1,100,25,0.0278418
9,101,200,18,0.0143785
9,201,300,15,0.0154124
9,301,400,19,0.0216497
9,401,500,23,0.0245254
9,501,600,18,0.0234972
9,601,700,23,0.0224633
9,701,800,23,0.0158927
9,801,900,23,0.031113
9,901,1000,20,0.0187797
6,1,100,25,0.0456102
6,101,200,14,0.0261751
6,201,300,9,0.0234859
6,301,400,14,0.0317571
6,401,500,11,0.0245141
6,501,600,15,0.0350847
6,601,700,10,0.0193842
6,701,800,13,0.0285198
6,801,900,16,0.037209
6,901,1000,9,0.0200056
10,1,100,10,0.0275311
10,101,200,21,0.0646441
10,201,300,21,0.0492203
10,301,400,22,0.0738023
10,401,500,24,0.0717571
10,501,600,19,0.0632655
10,601,700,17,0.0468983
10,701,800,22,0.045678
10,801,900,19,0.0683955
10,901,1000,11,0.0348701
18,1,100,12,0.039791
18,101,200,12,0.0160904
18,201,300,11,0.0333164
18,301,400,16,0.0500904
18,401,500,15,0.043435
18,501,600,18,0.0476102
18,601,700,10,0.0302486
18,701,800,10,0.0289774
18,801,900,15,0.0508475
18,901,1000,15,0.0381921
18,1,100,15,0.0143729
18,101,200,13,0.033904
18,201,300,13,0.0229944
18,301,400,16,0.0224181
18,401,500,17,0.035565
18,501,600,15,0.0238814
18,601,700,18,0.0224068
18,701,800,10,0.013452
18,801,900,18,0.0342768
18,901,1000,15,0.0277627
13,1,100,16,0.0379209
13,101,200,15,0.0409492
13,201,300,16,0.0592486
13,301,400,15,0.0414859
13,401,500,23,0.0771977
13,501,600,10,0.0210791
13,601,700,16,0.0242486
13,701,800,16,0.0343107
13,801,900,24,0.0604068
13,901,1000,15,0.0429548
18,1,100,6,0.0212486
18,101,200,8,0.016322
18,201,300,9,0.0225706
18,301,400,10,0.0212599
18,401,500,13,0.0401469
18,501,600,15,0.0350791
18,601,700,12,0.0316441
18,701,800,8,0.0236554
18,801,900,12,0.0243955
18,901,1000,7,0.0206723
13,1,100,21,0.0327684
13,101,200,19,0.0244972
13,201,300,22,0.0278362
13,301,400,24,0.039322
13,401,500,21,0.0299153
13,501,600,26,0.0397514
13,601,700,20,0.0296215
13,701,800,29,0.0467175
13,801,900,30,0.0384011
13,901,1000,24,0.0374124
18,1,100,14,0.0273785
18,101,200,9,0.0327288
18,201,300,10,0.0127345
18,301,400,8,0.0104802
18,401,500,7,0.00572881
18,501,600,11,0.0179718
18,601,700,6,0.00840678
18,701,800,13,0.0295254
18,801,900,14,0.0327288
18,901,1000,5,0.0158701
3,1,100,17,0.0436949
3,101,200,18,0.043565
3,201,300,23,0.0580565
3,301,400,19,0.0316271
3,401,500,12,0.0336893
3,501,600,19,0.0394859
3,601,700,12,0.0324237
3,701,800,22,0.0597062
3,801,900,18,0.0490508
3,901,1000,23,0.060548
6,1,100,29,0.119158
6,101,200,27,0.106847
6,201,300,22,0.0954802
6,301,400,38,0.143316
6,401,500,28,0.0945085
6,501,600,27,0.113073
6,601,700,25,0.0850791
6,701,800,29,0.126757
6,801,900,23,0.106068
6,901,1000,24,0.0859096
7,1,100,12,0.0415198
7,101,200,13,0.040113
7,201,300,15,0.0451243
7,301,400,23,0.073322
7,401,500,10,0.0295085
7,501,600,15,0.0472373
7,601,700,19,0.0566045
7,701,800,11,0.0264633
7,801,900,15,0.0430113
7,901,1000,18,0.0482486
9,1,100,12,0.0450678
9,101,200,22,0.069548
9,201,300,16,0.053226
9,301,400,18,0.0489944
9,401,500,16,0.0599548
9,501,600,14,0.0411243
9,601,700,14,0.0347966
9,701,800,19,0.052661
9,801,900,25,0.0950508
9,901,1000,14,0.0403051
12,1,100,18,0.0524746
12,101,200,14,0.0336158
12,201,300,18,0.0512994
12,301,400,16,0.0417401
12,401,500,11,0.0264633
12,501,600,17,0.0352203
12,601,700,20,0.0462712
12,701,800,19,0.0493616
12,801,900,17,0.0456949
12,901,1000,15,0.036791
