CHROM,BIN_START,BIN_END,N_VARIANTS,PI
14,1,100,6,0.0102436
14,101,200,11,0.0142949
14,201,300,7,0.0116667
14,301,400,7,0.00632051
14,401,500,11,0.0113333
14,501,600,8,0.0140897
14,601,700,3,0.00242308
14,701,800,7,0.0177436
14,801,900,7,0.00853846
14,901,1000,8,0.0174872
4,1,100,15,0.0451026
4,101,200,3,0.0105897
4,201,300,16,0.034
4,301,400,12,0.0347821
4,401,500,9,0.0315256
4,501,600,14,0.0347692
4,601,700,9,0.0286282
4,701,800,14,0.0383974
4,801,900,7,0.0274872
4,901,1000,11,0.0297051
2,1,100,12,0.0265256
2,101,200,11,0.0232308
2,201,300,8,0.0230385
2,301,400,12,0.0378846
2,401,500,14,0.0492564
2,501,600,10,0.0377051
2,601,700,2,0.00820513
2,701,800,13,0.0331923
2,801,900,12,0.0321154
2,901,1000,13,0.0293974
19,1,100,2,0.00274359
19,101,200,6,0.0179615
19,201,300,5,0.00591026
19,301,400,5,0.0104615
19,401,500,7,0.0122564
19,501,600,6,0.0147821
19,601,700,4,0.00434615
19,701,800,3,0.00705128
19,801,900,8,0.0104231
19,901,1000,5,0.0114615
16,1,100,17,0.03
16,101,200,16,0.043359
16,201,300,16,0.0381282
16,301,400,14,0.0235
16,401,500,11,0.0207564
16,501,600,14,0.0321282
16,601,700,11,0.0195769
16,701,800,19,0.0510769
16,801,900,9,0.0190256
16,901,1000,7,0.0155641
7,1,100,5,0.00866667
7,101,200,6,0.0150769
7,201,300,9,0.0147308
7,301,400,4,0.0114359
7,401,500,4,0.00641026
7,501,600,6,0.00783333
7,601,700,4,0.00474359
7,701,800,7,0.00579487
7,801,900,4,0.0116026
7,901,1000,4,0.00928205
6,1,100,6,0.0195769
6,101,200,3,0.00324359
6,201,300,4,0.00784615
6,301,400,4,0.0108205
6,401,500,3,0.00289744
6,501,600,7,0.0149744
6,601,700,8,0.0100513
6,701,800,6,0.00746154
6,801,900,7,0.014641
6,901,1000,7,0.0128333
4,1,100,23,0.0632692
4,101,200,24,0.0741026
4,201,300,16,0.0500769
4,301,400,28,0.0917436
4,401,500,28,0.0721154
4,501,600,27,0.0893205
4,601,700,23,0.0688077
4,701,800,22,0.0630641
4,801,900,28,0.0864872
4,901,1000,29,0.0846154
9,1,100,15,0.0377308
9,101,200,13,0.0311154
9,201,300,8,0.0278718
9,301,400,10,0.0278333
9,401,500,10,0.0208718
9,501,600,11,0.0264231
9,601,700,6,0.0123846
9,701,800,9,0.0205513
9,801,900,17,0.0557564
9,901,1000,11,0.0275769
2,1,100,8,0.0181154
2,101,200,15,0.0280128
2,201,300,4,0.0109872
2,301,400,9,0.0162564
2,401,500,9,0.0220385
2,501,600,14,0.0324359
2,601,700,9,0.0246923
2,701,800,14,0.0291667
2,801,900,8,0.0135513
2,901,1000,11,0.0259615
16,1,100,12,0.0344872
16,101,200,12,0.0390513
16,201,300,8,0.0265897
16,301,400,14,0.0420641
16,401,500,14,0.0423974
16,501,600,18,0.0560769
16,601,700,11,0.0378462
16,701,800,10,0.0398077
16,801,900,19,0.066
16,901,1000,16,0.0437692
14,1,100,12,0.0430513
14,101,200,9,0.031641
14,201,300,7,0.0116026
14,301,400,17,0.0344103
14,401,500,9,0.0332692
14,501,600,4,0.0180769
14,601,700,10,0.0353718
14,701,800,19,0.0596154
14,801,900,8,0.0327051
14,901,1000,9,0.0307308
14,1,100,10,0.0392821
14,101,200,12,0.0362308
14,201,300,16,0.0488846
14,301,400,13,0.0431538
14,401,500,10,0.0255
14,501,600,21,0.0735
14,601,700,15,0.040859
14,701,800,16,0.0415256
14,801,900,11,0.0451667
14,901,1000,11,0.0357051
5,1,100,8,0.00958974
5,101,200,8,0.0152436
5,201,300,8,0.012641
5,301,400,8,0.0268974
5,401,500,14,0.0284487
5,501,600,6,0.0150641
5,601,700,7,0.0148718
5,701,800,6,0.017141
5,801,900,13,0.0317564
5,901,1000,11,0.0271538
10,1,100,8,0.0172564
10,101,200,9,0.0179872
10,201,300,3,0.00573077
10,301,400,10,0.0270385
10,401,500,5,0.0140641
10,501,600,11,0.0196154
10,601,700,9,0.0130769
10,701,800,10,0.0215641
10,801,900,7,0.0181667
10,901,1000,7,0.0070641
10,1,100,5,0.0163846
10,101,200,5,0.0214744
10,201,300,6,0.0273077
10,301,400,12,0.0493333
10,401,500,8,0.0197308
10,501,600,7,0.0191282
10,601,700,6,0.0215128
10,701,800,6,0.0196667
10,801,900,8,0.0273846
10,901,1000,9,0.0311282
19,1,100,7,0.0203205
19,101,200,5,0.00805128
19,201,300,7,0.0103718
19,301,400,5,0.0138077
19,401,500,10,0.0141923
19,501,600,10,0.0133205
19,601,700,4,0.00755128
19,701,800,6,0.0125385
19,801,900,6,0.0116795
19,901,1000,8,0.0179744
1,1,100,14,0.0568333
1,101,200,13,0.0436282
1,201,300,13,0.0521667
1,301,400,13,0.0440641
1,401,500,10,0.0438846
1,501,600,8,0.0305641
1,601,700,11,0.0451538
1,701,800,11,0.0385
1,801,900,13,0.0485641
1,901,1000,11,0.0381154
8,1,100,11,0.0281923
8,101,200,7,0.0132692
8,201,300,11,0.0238974
8,301,400,10,0.0287564
8,401,500,11,0.0237692
8,501,600,9,0.0154744
8,601,700,10,0.0212308
8,701,800,13,0.030641
8,801,900,10,0.0250769
8,901,1000,11,0.0216154
4,1,100,7,0.0232436
4,101,200,11,0.0349872
4,201,300,9,0.0229872
4,301,400,7,0.0217179
4,401,500,10,0.028359
4,501,600,8,0.0215513
4,601,700,11,0.0301282
4,701,800,8,0.0187564
4,801,900,7,0.0244744
4,901,1000,11,0.0243333
0,1,100,15,0.0537051
0,101,200,16,0.0512179
0,201,300,20,0.0638077
0,301,400,18,0.0629231
0,401,500,13,0.0467179
0,501,600,13,0.049859
0,601,700,16,0.0527179
0,701,800,12,0.042359
0,801,900,13,0.0419615
0,901,1000,18,0.0605385
11,1,100,8,0.0126154
11,101,200,7,0.0167436
11,201,300,6,0.00798718
11,301,400,3,0.0107436
11,401,500,6,0.0174744
11,501,600,8,0.0108974
11,601,700,10,0.0179231
11,701,800,5,0.0189615
11,801,900,3,0.00244872
11,901,1000,9,0.0207821
17,1,100,12,0.0306923
17,101,200,7,0.0154103
17,201,300,5,0.00666667
17,301,400,8,0.0218333
17,401,500,9,0.0184103
17,501,600,12,0.0335128
17,601,700,9,0.0241282
17,701,800,8,0.0294231
17,801,900,8,0.0251154
17,901,1000,10,0.0245641
17,1,100,5,0.010859
17,101,200,4,0.00411538
17,201,300,6,0.0119231
17,301,400,7,0.0198718
17,401,500,5,0.0146795
17,501,600,8,0.0219487
17,601,700,9,0.00955128
17,701,800,5,0.00479487
17,801,900,7,0.0119103
17,901,1000,6,0.0138333
0,1,100,9,0.0221538
0,101,200,10,0.0202308
0,201,300,10,0.0164744
0,301,400,12,0.0319487
0,401,500,6,0.0107692
0,501,600,13,0.0323205
0,601,700,4,0.00908974
0,701,800,4,0.00884615
0,801,900,11,0.0267308
0,901,1000,3,0.00753846
6,1,100,12,0.0204103
6,101,200,8,0.0145385
6,201,300,14,0.0284359
6,301,400,6,0.00534615
6,401,500,11,0.0105385
6,501,600,10,0.0151154
6,601,700,14,0.0287564
6,701,800,6,0.017
6,801,900,9,0.0217436
6,901,1000,6,0.00828205
5,1,100,9,0.0142821
5,101,200,8,0.0177051
5,201,300,6,0.0144487
5,301,400,5,0.00614103
5,401,500,5,0.00701282
5,501,600,9,0.0185513
5,601,700,6,0.0129615
5,701,800,8,0.0162179
5,801,900,4,0.00792308
5,901,1000,15,0.0392821
7,1,100,6,0.00682051
7,101,200,5,0.00891026
7,201,300,11,0.0231282
7,301,400,4,0.0102436
7,401,500,5,0.0121282
7,501,600,12,0.0221538
7,601,700,4,0.0140128
7,701,800,3,0.00607692
7,801,900,4,0.00479487
7,901,1000,6,0.0106923
17,1,100,7,0.00705128
17,101,200,10,0.022859
17,201,300,9,0.0190641
17,301,400,6,0.0147821
17,401,500,7,0.0106667
17,501,600,12,0.0175641
17,601,700,7,0.0164615
17,701,800,6,0.0134359
17,801,900,7,0.0152051
17,901,1000,2,0.00274359
18,1,100,7,0.0265
18,101,200,7,0.0213077
18,201,300,15,0.068
18,301,400,6,0.0127308
18,401,500,7,0.0177949
18,501,600,14,0.0415385
18,601,700,8,0.0216154
18,701,800,6,0.0122821
18,801,900,10,0.0353718
18,901,1000,13,0.046
12,1,100,7,0.0125769
12,101,200,8,0.0145513
12,201,300,5,0.00765385
12,301,400,9,0.0110513
12,401,500,9,0.0222051
12,501,600,5,0.00723077
12,601,700,11,0.0316538
12,701,800,5,0.00384615
12,801,900,3,0.00592308
12,901,1000,6,0.015641
16,1,100,11,0.0218462
16,101,200,10,0.0132436
16,201,300,10,0.0117051
16,301,400,7,0.00920513
16,401,500,6,0.00767949
16,501,600,7,0.00666667
16,601,700,8,0.0178462
16,701,800,5,0.00865385
16,801,900,7,0.0169231
16,901,1000,9,0.0126282
7,1,100,9,0.0176154
7,101,200,4,0.00803846
7,201,300,9,0.0176795
7,301,400,7,0.0095
7,401,500,12,0.0136026
7,501,600,11,0.0117051
7,601,700,10,0.0131923
7,701,800,5,0.00735897
7,801,900,9,0.0118718
7,901,1000,11,0.0141154
14,1,100,7,0.0190513
14,101,200,15,0.0410128
14,201,300,9,0.0295128
14,301,400,5,0.00342308
14,401,500,19,0.0533077
14,501,600,15,0.0352564
14,601,700,11,0.0317051
14,701,800,9,0.0311538
14,801,900,10,0.0252692
14,901,1000,9,0.0314744
7,1,100,5,0.00810256
7,101,200,7,0.0155641
7,201,300,3,0.00488462
7,301,400,6,0.0103846
7,401,500,9,0.0243974
7,501,600,8,0.0215385
7,601,700,11,0.0242949
7,701,800,10,0.0309103
7,801,900,7,0.0248718
7,901,1000,9,0.0206026
15,1,100,10,0.0141923
15,101,200,11,0.0295256
15,201,300,13,0.0333077
15,301,400,11,0.0292179
15,401,500,6,0.0205
15,501,600,4,0.0151923
15,601,700,11,0.0246667
15,701,800,10,0.0284872
15,801,900,6,0.0188718
15,901,1000,5,0.0133718
8,1,100,10,0.0247949
8,101,200,8,0.0117564
8,201,300,5,0.0126154
8,301,400,4,0.0127564
8,401,500,8,0.0207436
8,501,600,7,0.0165385
8,601,700,6,0.0171795
8,701,800,2,0.00321795
8,801,900,7,0.0160769
8,901,1000,6,0.0171282
11,1,100,5,0.00969231
11,101,200,5,0.00947436
11,201,300,7,0.0135769
11,301,400,7,0.010859
11,401,500,8,0.0247821
11,501,600,7,0.0108718
11,601,700,9,0.010859
11,701,800,13,0.0267949
11,801,900,5,0.0110385
11,901,1000,9,0.0152564
16,1,100,9,0.0184231
16,101,200,10,0.0345641
16,201,300,5,0.0142692
16,301,400,8,0.0323718
16,401,500,6,0.0186795
16,501,600,9,0.0276795
16,601,700,12,0.0438462
16,701,800,6,0.0107821
16,801,900,9,0.0345769
16,901,1000,9,0.0271282
17,1,100,10,0.034359
17,101,200,11,0.0299487
17,201,300,10,0.0251026
17,301,400,11,0.0539231
17,401,500,7,0.0203718
17,501,600,12,0.0364744
17,601,700,6,0.0222949
17,701,800,6,0.0155
17,801,900,8,0.0332821
17,901,1000,10,0.0263846
11,1,100,12,0.0470256
11,101,200,9,0.0270897
11,201,300,8,0.024859
11,301,400,8,0.0365128
11,401,500,15,0.0600513
11,501,600,7,0.034859
11,601,700,12,0.0471538
11,701,800,13,0.0420256
11,801,900,19,0.0939231
11,901,1000,14,0.0459359
12,1,100,8,0.0204615
12,101,200,15,0.0269359
12,201,300,6,0.0127692
12,301,400,16,0.0395128
12,401,500,11,0.014859
12,501,600,6,0.0143846
12,601,700,14,0.0398077
12,701,800,8,0.0204231
12,801,900,6,0.0147949
12,901,1000,9,0.0239103
11,1,100,5,0.0182692
11,101,200,7,0.0222564
11,201,300,5,0.0125513
11,301,400,7,0.0246923
11,401,500,4,0.0117179
11,501,600,13,0.0334359
11,601,700,10,0.0115897
11,701,800,3,0.00761538
11,801,900,5,0.0120128
11,901,1000,6,0.0131667
2,1,100,14,0.0226538
2,101,200,8,0.0230897
2,201,300,8,0.0084359
2,301,400,10,0.0189872
2,401,500,8,0.0193205
2,501,600,12,0.0276026
2,601,700,5,0.0126538
2,701,800,11,0.0240769
2,801,900,8,0.0200128
2,901,1000,12,0.0284103
11,1,100,9,0.0233718
11,101,200,13,0.0389103
11,201,300,8,0.0291538
11,301,400,11,0.0243974
11,401,500,5,0.0154872
11,501,600,13,0.0258718
11,601,700,10,0.039
11,701,800,11,0.0311923
11,801,900,12,0.0290769
11,901,1000,12,0.0229231
17,1,100,8,0.0381538
17,101,200,10,0.0490385
17,201,300,9,0.0349615
17,301,400,9,0.0370385
17,401,500,7,0.0171026
17,501,600,8,0.031
17,601,700,8,0.0294103
17,701,800,4,0.00708974
17,801,900,8,0.0352821
17,901,1000,3,0.00611538
9,1,100,8,0.01
9,101,200,4,0.0101667
9,201,300,8,0.0181026
9,301,400,8,0.0235769
9,401,500,6,0.0165385
9,501,600,7,0.0144487
9,601,700,5,0.00384615
9,701,800,6,0.0130385
9,801,900,8,0.0272949
9,901,1000,6,0.0160641
10,1,100,14,0.033359
10,101,200,11,0.0263974
10,201,300,10,0.0271026
10,301,400,11,0.0350897
10,401,500,11,0.0359359
10,501,600,4,0.00947436
10,601,700,10,0.0371026
10,701,800,6,0.0133333
10,801,900,8,0.0190769
10,901,1000,9,0.0257564
0,1,100,6,0.0168718
0,101,200,8,0.0179615
0,201,300,5,0.00739744
0,301,400,5,0.008
0,401,500,3,0.00673077
0,501,600,3,0.0065
0,601,700,11,0.0246154
0,701,800,7,0.0166923
0,801,900,4,0.00421795
0,901,1000,7,0.00917949
5,1,100,6,0.0247308
5,101,200,6,0.0167692
5,201,300,6,0.0079359
5,301,400,8,0.0158205
5,401,500,7,0.0116282
5,501,600,5,0.0156282
5,601,700,6,0.0106026
5,701,800,8,0.0186282
5,801,900,8,0.012359
5,901,1000,9,0.0203846
3,1,100,10,0.0186154
3,101,200,10,0.0305641
3,201,300,8,0.0121795
3,301,400,12,0.0296154
3,401,500,12,0.0408846
3,501,600,11,0.0363718
3,601,700,9,0.0184872
3,701,800,9,0.0304615
3,801,900,11,0.035
3,901,1000,10,0.0342436
3,1,100,4,0.00555128
3,101,200,1,0.00184615
3,201,300,5,0.0122179
3,301,400,6,0.0154487
3,401,500,3,0.00889744
3,501,600,8,0.0211154
3,601,700,4,0.00689744
3,701,800,6,0.0154487
3,801,900,10,0.0240513
3,901,1000,7,0.0209487
1,1,100,6,0.0203077
1,101,200,4,0.00294872
1,201,300,9,0.0261923
1,301,400,8,0.0211538
1,401,500,4,0.0145
1,501,600,4,0.00792308
1,601,700,9,0.0127179
1,701,800,9,0.0262179
1,801,900,5,0.0175256
1,901,1000,9,0.0183718
2,1,100,9,0.0305513
2,101,200,10,0.0360769
2,201,300,8,0.0287692
2,301,400,10,0.0239487
2,401,500,14,0.048359
2,501,600,12,0.0375256
2,601,700,18,0.0717949
2,701,800,18,0.0552821
2,801,900,14,0.0397821
2,901,1000,6,0.019
10,1,100,10,0.0262692
10,101,200,9,0.0275513
10,201,300,13,0.0384872
10,301,400,9,0.0210128
10,401,500,7,0.0128846
10,501,600,4,0.0102436
10,601,700,10,0.0381282
10,701,800,14,0.0350897
10,801,900,13,0.0276026
10,901,1000,10,0.023641
5,1,100,6,0.0170128
5,101,200,8,0.0239487
5,201,300,5,0.0204615
5,301,400,8,0.0276282
5,401,500,13,0.0436667
5,501,600,11,0.0422821
5,601,700,12,0.032859
5,701,800,7,0.0219359
5,801,900,6,0.0215256
5,901,1000,9,0.0336026
2,1,100,11,0.0365769
2,101,200,17,0.0466923
2,201,300,5,0.0161923
2,301,400,15,0.0429487
2,401,500,17,0.0572564
2,501,600,11,0.0367179
2,601,700,19,0.0575385
2,701,800,13,0.0409744
2,801,900,11,0.0212436
2,901,1000,13,0.0399744
7,1,100,6,0.0147821
7,101,200,5,0.0055641
7,201,300,10,0.0222436
7,301,400,10,0.0238718
7,401,500,11,0.0270897
7,501,600,4,0.0115641
7,601,700,15,0.0366026
7,701,800,11,0.0151282
7,801,900,9,0.0178462
7,901,1000,9,0.0245897
15,1,100,9,0.0340769
15,101,200,9,0.0240385
15,201,300,13,0.0394615
15,301,400,15,0.0502179
15,401,500,12,0.0405769
15,501,600,14,0.0413718
15,601,700,10,0.0236795
15,701,800,9,0.0287564
15,801,900,16,0.0486923
15,901,1000,11,0.0377692
2,1,100,11,0.0362051
2,101,200,13,0.0368077
2,201,300,5,0.0165128
2,301,400,12,0.0352179
2,401,500,13,0.0257692
2,501,600,8,0.0154487
2,601,700,15,0.0383077
2,701,800,12,0.0319231
2,801,900,17,0.0411154
2,901,1000,16,0.0316538
10,1,100,3,0.00765385
10,101,200,4,0.0136795
10,201,300,10,0.0155641
10,301,400,6,0.012141
10,401,500,7,0.0179615
10,501,600,8,0.0237436
10,601,700,8,0.0219744
10,701,800,10,0.0192821
10,801,900,9,0.0116795
10,901,1000,7,0.0143333
2,1,100,9,0.0245513
2,101,200,10,0.0400897
2,201,300,14,0.0437564
2,301,400,9,0.0170641
2,401,500,13,0.0312179
2,501,600,9,0.0306026
2,601,700,8,0.0225897
2,701,800,5,0.0121667
2,801,900,8,0.0232436
2,901,1000,8,0.0265769
11,1,100,4,0.0103462
11,101,200,4,0.0107051
11,201,300,6,0.00733333
11,301,400,8,0.0127949
11,401,500,12,0.0218846
11,501,600,5,0.0146026
11,601,700,7,0.0170769
11,701,800,9,0.0236154
11,801,900,4,0.00965385
11,901,1000,8,0.0131795
15,1,100,13,0.0431795
15,101,200,18,0.0521667
15,201,300,7,0.0212692
15,301,400,11,0.0255897
15,401,500,11,0.0244103
15,501,600,5,0.00723077
15,601,700,14,0.0367692
15,701,800,12,0.0311667
15,801,900,11,0.0372308
15,901,1000,9,0.0221667
8,1,100,7,0.00489744
8,101,200,7,0.00998718
8,201,300,9,0.0262564
8,301,400,8,0.0337436
8,401,500,5,0.00680769
8,501,600,6,0.0132821
8,601,700,9,0.0165897
8,701,800,7,0.00828205
8,801,900,13,0.0324231
8,901,1000,3,0.00819231
12,1,100,12,0.0504231
12,101,200,17,0.0574487
12,201,300,9,0.0299103
12,301,400,12,0.0451795
12,401,500,7,0.0302308
12,501,600,16,0.0460641
12,601,700,14,0.0439103
12,701,800,7,0.0265385
12,801,900,7,0.0341667
12,901,1000,12,0.0523846
1,1,100,14,0.0411795
1,101,200,10,0.0292692
1,201,300,11,0.0241154
1,301,400,13,0.0373077
1,401,500,10,0.0329103
1,501,600,15,0.0427308
1,601,700,12,0.0268077
1,701,800,10,0.0266154
1,801,900,10,0.0234359
1,901,1000,16,0.0397949
6,1,100,10,0.0180897
6,101,200,8,0.0221154
6,201,300,12,0.0327308
6,301,400,6,0.0110128
6,401,500,10,0.0272692
6,501,600,12,0.0206795
6,601,700,11,0.0273077
6,701,800,8,0.0114872
6,801,900,9,0.0175128
6,901,1000,5,0.00810256
19,1,100,14,0.0507436
19,101,200,15,0.0587051
19,201,300,7,0.025
19,301,400,12,0.0399872
19,401,500,16,0.0692821
19,501,600,16,0.0538077
19,601,700,10,0.0329231
19,701,800,7,0.0246923
19,801,900,11,0.038141
19,901,1000,11,0.0390128
12,1,100,14,0.0588462
12,101,200,16,0.0715641
12,201,300,14,0.0491795
12,301,400,17,0.0683205
12,401,500,21,0.0826282
12,501,600,16,0.0545128
12,601,700,16,0.056141
12,701,800,17,0.0672692
12,801,900,10,0.0440897
12,901,1000,24,0.101205
4,1,100,5,0.0136282
4,101,200,11,0.0336026
4,201,300,6,0.0171795
4,301,400,14,0.0290128
4,401,500,11,0.0338077
4,501,600,12,0.032859
4,601,700,5,0.0149359
4,701,800,9,0.0312564
4,801,900,10,0.0445385
4,901,1000,9,0.0316154
5,1,100,8,0.0275513
5,101,200,4,0.0117179
5,201,300,12,0.0318205
5,301,400,12,0.0354103
5,401,500,7,0.0137436
5,501,600,10,0.0196538
5,601,700,11,0.0267692
5,701,800,8,0.0171795
5,801,900,10,0.0255256
5,901,1000,8,0.0176026
18,1,100,5,0.0206667
18,101,200,9,0.0140897
18,201,300,4,0.0107564
18,301,400,5,0.0105769
18,401,500,3,0.0128077
18,501,600,7,0.0102692
18,601,700,5,0.0114615
18,701,800,7,0.0232564
18,801,900,5,0.0121282
18,901,1000,8,0.0147821
10,1,100,7,0.0249872
10,101,200,13,0.042141
10,201,300,9,0.0223077
10,301,400,11,0.0288718
10,401,500,11,0.0404487
10,501,600,11,0.0369872
10,601,700,13,0.0346795
10,701,800,15,0.0426538
10,801,900,8,0.0192692
10,901,1000,8,0.0332436
3,1,100,9,0.0168205
3,101,200,6,0.0149103
3,201,300,4,0.0121538
3,301,400,4,0.00602564
3,401,500,8,0.0142949
3,501,600,13,0.0291538
3,601,700,7,0.0144359
3,701,800,7,0.00537179
3,801,900,7,0.0122821
3,901,1000,6,0.0142436
19,1,100,8,0.0239744
19,101,200,8,0.0189359
19,201,300,6,0.0238974
19,301,400,7,0.0124359
19,401,500,9,0.0255513
19,501,600,21,0.0366538
19,601,700,9,0.0312692
19,701,800,11,0.0301026
19,801,900,7,0.0142692
19,901,1000,5,0.0145
19,1,100,10,0.0204744
19,101,200,7,0.0143974
19,201,300,10,0.0201282
19,301,400,11,0.0202436
19,401,500,8,0.0235641
19,501,600,8,0.0195641
19,601,700,7,0.017359
19,701,800,16,0.0303974
19,801,900,6,0.0109103
19,901,1000,10,0.0191282
4,1,100,26,0.101077
4,101,200,13,0.057359
4,201,300,19,0.0906026
4,301,400,18,0.0665897
4,401,500,24,0.107346
4,501,600,15,0.0633974
4,601,700,11,0.0499359
4,701,800,16,0.0440513
4,801,900,20,0.0857051
4,901,1000,17,0.0698205
12,1,100,8,0.0165897
12,101,200,8,0.0197051
12,201,300,6,0.0151154
12,301,400,12,0.0253462
12,401,500,7,0.0106282
12,501,600,10,0.0244872
12,601,700,8,0.0172821
12,701,800,10,0.0172179
12,801,900,10,0.0165256
12,901,1000,10,0.0217692
3,1,100,9,0.0229359
3,101,200,10,0.0180897
3,201,300,6,0.0108718
3,301,400,8,0.0253462
3,401,500,9,0.0118205
3,501,600,9,0.0133333
3,601,700,7,0.011359
3,701,800,9,0.0180256
3,801,900,9,0.0240897
3,901,1000,3,0.00284615
0,1,100,5,0.0118462
0,101,200,7,0.0183974
0,201,300,10,0.0281538
0,301,400,7,0.0180897
0,401,500,5,0.0070641
0,501,600,9,0.0190513
0,601,700,4,0.00921795
0,701,800,6,0.0173205
0,801,900,6,0.00974359
0,901,1000,8,0.0255897
2,1,100,13,0.0200897
2,101,200,11,0.0113974
2,201,300,8,0.0113974
2,301,400,6,0.00762821
2,401,500,10,0.0172308
2,501,600,9,0.0123462
2,601,700,9,0.00901282
2,701,800,5,0.00566667
2,801,900,7,0.0160385
2,901,1000,8,0.0117051
12,1,100,8,0.0237692
12,101,200,11,0.0193333
12,201,300,13,0.0245385
12,301,400,8,0.0226795
12,401,500,3,0.00665385
12,501,600,5,0.0136026
12,601,700,5,0.0133333
12,701,800,5,0.00932051
12,801,900,11,0.0142051
12,901,1000,10,0.0152179
14,1,100,8,0.0152051
14,101,200,1,0.00184615
14,201,300,6,0.00834615
14,301,400,5,0.0110513
14,401,500,9,0.0186282
14,501,600,2,0.00282051
14,601,700,5,0.0100769
14,701,800,8,0.0142308
14,801,900,7,0.0122564
14,901,1000,13,0.0247821
4,1,100,12,0.0349615
4,101,200,12,0.0251026
4,201,300,7,0.0137051
4,301,400,8,0.0206667
4,401,500,11,0.0366154
4,501,600,3,0.00244872
4,601,700,12,0.0299231
4,701,800,11,0.0360385
4,801,900,9,0.0262821
4,901,1000,13,0.0367308
3,1,100,17,0.057359
3,101,200,8,0.0277692
3,201,300,13,0.0434872
3,301,400,22,0.0747821
3,401,500,15,0.0428462
3,501,600,16,0.0546667
3,601,700,12,0.0344359
3,701,800,15,0.0448718
3,801,900,11,0.0345256
3,901,1000,8,0.0299231
4,1,100,12,0.0224744
4,101,200,12,0.0283205
4,201,300,10,0.0345897
4,301,400,11,0.0375
4,401,500,8,0.0275769
4,501,600,9,0.0346667
4,601,700,7,0.0238077
4,701,800,9,0.0274744
4,801,900,9,0.0417308
4,901,1000,13,0.0346923
11,1,100,9,0.0283974
11,101,200,7,0.0166154
11,201,300,10,0.0217308
11,301,400,8,0.0170128
11,401,500,3,0.0150641
11,501,600,9,0.0185128
11,601,700,5,0.00819231
11,701,800,11,0.0250641
11,801,900,14,0.0281667
11,901,1000,4,0.0127564
12,1,100,2,0.00425641
12,101,200,6,0.015641
12,201,300,4,0.0112949
12,301,400,7,0.0151795
12,401,500,10,0.0217821
12,501,600,4,0.0110897
12,601,700,2,0.00196154
12,701,800,6,0.0146795
12,801,900,6,0.0191026
12,901,1000,10,0.0222949
19,1,100,4,0.0122436
19,101,200,6,0.0177179
19,201,300,1,0.00357692
19,301,400,6,0.00742308
19,401,500,9,0.0246923
19,501,600,11,0.035859
19,601,700,8,0.0196795
19,701,800,7,0.0249615
19,801,900,5,0.00961538
19,901,1000,8,0.0177564
8,1,100,7,0.0102692
8,101,200,9,0.0145513
8,201,300,7,0.012141
8,301,400,4,0.00292308
8,401,500,7,0.0150385
8,501,600,10,0.0155897
8,601,700,7,0.0163205
8,701,800,9,0.0155
8,801,900,7,0.0116667
8,901,1000,8,0.017859
3,1,100,7,0.0171282
3,101,200,10,0.0244744
3,201,300,8,0.0209872
3,301,400,12,0.0484615
3,401,500,13,0.0354231
3,501,600,10,0.0306538
3,601,700,11,0.0294487
3,701,800,10,0.0225
3,801,900,9,0.0268205
3,901,1000,10,0.0299487
16,1,100,4,0.00292308
16,101,200,5,0.00461538
16,201,300,4,0.00247436
16,301,400,7,0.00762821
16,401,500,6,0.0120769
16,501,600,6,0.00712821
16,601,700,8,0.00447436
16,701,800,8,0.00808974
16,801,900,10,0.00547436
16,901,1000,8,0.00725641
8,1,100,5,0.0106923
8,101,200,13,0.0282564
8,201,300,7,0.0222821
8,301,400,11,0.0226667
8,401,500,11,0.0300769
8,501,600,11,0.0377821
8,601,700,15,0.0510769
8,701,800,12,0.0356923
8,801,900,9,0.0222051
8,901,1000,13,0.0297051
18,1,100,10,0.0273718
18,101,200,16,0.0370897
18,201,300,11,0.0297692
18,301,400,8,0.0232308
18,401,500,12,0.0335128
18,501,600,7,0.0100769
18,601,700,11,0.0254872
18,701,800,11,0.0340513
18,801,900,14,0.0282179
18,901,1000,10,0.0360769
10,1,100,6,0.0191538
10,101,200,6,0.0135128
10,201,300,8,0.0272051
10,301,400,2,0.00851282
10,401,500,3,0.00762821
10,501,600,14,0.0397436
10,601,700,10,0.0198462
10,701,800,11,0.0278333
10,801,900,5,0.0115641
10,901,1000,5,0.0142821
11,1,100,13,0.042
11,101,200,16,0.0579359
11,201,300,11,0.0433333
11,301,400,15,0.0317821
11,401,500,14,0.0476923
11,501,600,17,0.0464744
11,601,700,10,0.0363077
11,701,800,12,0.0526026
11,801,900,7,0.0222949
11,901,1000,15,0.0367949
6,1,100,9,0.0136154
6,101,200,14,0.0364103
6,201,300,5,0.00960256
6,301,400,5,0.014359
6,401,500,8,0.0178718
6,501,600,8,0.0257821
6,601,700,6,0.0120897
6,701,800,7,0.0195513
6,801,900,5,0.0150897
6,901,1000,4,0.0113205
6,1,100,7,0.0246795
6,101,200,9,0.0218846
6,201,300,11,0.0341538
6,301,400,5,0.0134872
6,401,500,8,0.0207564
6,501,600,12,0.0303077
6,601,700,15,0.0395128
6,701,800,9,0.0269103
6,801,900,11,0.0158333
6,901,1000,3,0.0153333
14,1,100,6,0.0156154
14,101,200,11,0.0202436
14,201,300,13,0.0263974
14,301,400,11,0.0205
14,401,500,7,0.0186667
14,501,600,10,0.0120128
14,601,700,7,0.0132051
14,701,800,9,0.0181538
14,801,900,10,0.0236282
14,901,1000,11,0.0270385
13,1,100,9,0.0301538
13,101,200,12,0.0459615
13,201,300,9,0.0277692
13,301,400,11,0.0343462
13,401,500,12,0.04
13,501,600,20,0.0827949
13,601,700,14,0.0534487
13,701,800,15,0.0539103
13,801,900,16,0.0581026
13,901,1000,10,0.0436923
18,1,100,16,0.0373462
18,101,200,10,0.0319872
18,201,300,11,0.0303462
18,301,400,16,0.0427308
18,401,500,13,0.0348205
18,501,600,15,0.0508974
18,601,700,7,0.0210385
18,701,800,12,0.0357821
18,801,900,12,0.0389487
18,901,1000,11,0.0317179
4,1,100,11,0.0251538
4,101,200,14,0.0421026
4,201,300,7,0.0180256
4,301,400,10,0.0227949
4,401,500,10,0.0158718
4,501,600,13,0.036141
4,601,700,10,0.0317564
4,701,800,9,0.0233718
4,801,900,13,0.0334872
4,901,1000,10,0.0344615
0,1,100,11,0.0175513
0,101,200,4,0.00294872
0,201,300,7,0.014641
0,301,400,6,0.00817949
0,401,500,7,0.00923077
0,501,600,5,0.00728205
0,601,700,12,0.0236154
0,701,800,6,0.0138077
0,801,900,11,0.0176667
0,901,1000,9,0.0211923
6,1,100,11,0.0380513
6,101,200,8,0.0211026
6,201,300,8,0.0377179
6,301,400,4,0.0117692
6,401,500,9,0.0230256
6,501,600,12,0.0312564
6,601,700,4,0.0127949
6,701,800,11,0.0424487
6,801,900,6,0.0134487
6,901,1000,8,0.0263974
13,1,100,4,0.0123718
13,101,200,3,0.00197436
13,201,300,4,0.00788462
13,301,400,8,0.0204615
13,401,500,7,0.0151282
13,501,600,6,0.0152308
13,601,700,13,0.0312949
13,701,800,8,0.0219231
13,801,900,6,0.0150769
13,901,1000,10,0.0259744
7,1,100,14,0.0559615
7,101,200,10,0.0382564
7,201,300,11,0.0533974
7,301,400,14,0.0655641
7,401,500,5,0.0172949
7,501,600,17,0.0660769
7,601,700,15,0.0550513
7,701,800,21,0.064
7,801,900,18,0.0762051
7,901,1000,13,0.0559103
11,1,100,5,0.00730769
11,101,200,4,0.0064359
11,201,300,5,0.00874359
11,301,400,6,0.0155256
11,401,500,5,0.00571795
11,501,600,6,0.0105513
11,601,700,3,0.00755128
11,701,800,2,0.00705128
11,801,900,1,0.0005
11,901,1000,5,0.0102821
15,1,100,12,0.0428846
15,101,200,7,0.0195
15,201,300,10,0.0383718
15,301,400,13,0.025141
15,401,500,6,0.0211154
15,501,600,11,0.0222692
15,601,700,5,0.0251795
15,701,800,8,0.0276538
15,801,900,6,0.00511538
15,901,1000,11,0.0307949
15,1,100,8,0.0210256
15,101,200,8,0.0192692
15,201,300,11,0.0344231
15,301,400,7,0.0080641
15,401,500,16,0.0345385
15,501,600,12,0.029359
15,601,700,7,0.0174359
15,701,800,9,0.0256795
15,801,900,4,0.0117051
15,901,1000,6,0.0177949
12,1,100,6,0.0095
12,101,200,8,0.0153333
12,201,300,8,0.0118462
12,301,400,6,0.0135769
12,401,500,10,0.0195385
12,501,600,8,0.0143333
12,601,700,10,0.0203846
12,701,800,9,0.0200385
12,801,900,3,0.00573077
12,901,1000,7,0.0118462
5,1,100,4,0.0160769
5,101,200,10,0.0322051
5,201,300,10,0.0205769
5,301,400,10,0.031859
5,401,500,12,0.0333333
5,501,600,8,0.023359
5,601,700,9,0.0172308
5,701,800,16,0.0527949
5,801,900,12,0.0379359
5,901,1000,8,0.0263974
14,1,100,10,0.0262564
14,101,200,16,0.0240256
14,201,300,16,0.0417179
14,301,400,7,0.0178077
14,401,500,11,0.0256538
14,501,600,7,0.0103205
14,601,700,14,0.0364231
14,701,800,13,0.0275769
14,801,900,9,0.0222821
14,901,1000,14,0.0386026
17,1,100,10,0.0293974
17,101,200,9,0.0244615
17,201,300,5,0.0121923
17,301,400,12,0.0250256
17,401,500,10,0.0220128
17,501,600,10,0.0261923
17,601,700,15,0.0385897
17,701,800,10,0.0244231
17,801,900,9,0.0187821
17,901,1000,17,0.0518333
15,1,100,8,0.0218846
15,101,200,7,0.0146667
15,201,300,5,0.00748718
15,301,400,13,0.023359
15,401,500,10,0.0190128
15,501,600,9,0.0247949
15,601,700,15,0.0178333
15,701,800,7,0.0174872
15,801,900,8,0.0203718
15,901,1000,10,0.0265513
18,1,100,6,0.0108718
18,101,200,7,0.00903846
18,201,300,6,0.0103846
18,301,400,7,0.0159487
18,401,500,5,0.0065641
18,501,600,5,0.00955128
18,601,700,8,0.0173718
18,701,800,2,0.0102308
18,801,900,4,0.0119487
18,901,1000,3,0.00658974
13,1,100,11,0.0322821
13,101,200,7,0.0132051
13,201,300,8,0.0177051
13,301,400,6,0.0135769
13,401,500,11,0.0287821
13,501,600,6,0.0182436
13,601,700,15,0.0455897
13,701,800,11,0.0176154
13,801,900,6,0.0100897
13,901,1000,9,0.0110897
3,1,100,15,0.0435513
3,101,200,7,0.0208333
3,201,300,12,0.0310128
3,301,400,10,0.0366795
3,401,500,7,0.026859
3,501,600,11,0.0400897
3,601,700,7,0.0165256
3,701,800,11,0.0363462
3,801,900,9,0.0322308
3,901,1000,12,0.0253718
8,1,100,9,0.0207051
8,101,200,8,0.0204872
8,201,300,7,0.00873077
8,301,400,8,0.0243462
8,401,500,7,0.0143462
8,501,600,2,0.00311538
8,601,700,7,0.0200897
8,701,800,1,0.0005
8,801,900,5,0.00979487
8,901,1000,6,0.0103462
3,1,100,6,0.0167692
3,101,200,8,0.0279231
3,201,300,8,0.0177436
3,301,400,12,0.0373846
3,401,500,8,0.0275128
3,501,600,8,0.0199231
3,601,700,9,0.0215256
3,701,800,8,0.0162436
3,801,900,10,0.0262692
3,901,1000,8,0.0115385
13,1,100,7,0.0196538
13,101,200,3,0.00511538
13,201,300,12,0.0228077
13,301,400,8,0.012141
13,401,500,12,0.0272179
13,501,600,9,0.0115769
13,601,700,8,0.0203846
13,701,800,7,0.0102821
13,801,900,8,0.0115256
13,901,1000,10,0.019141
18,1,100,6,0.0171282
18,101,200,5,0.0139103
18,201,300,5,0.0176923
18,301,400,6,0.0143462
18,401,500,6,0.0165385
18,501,600,8,0.033359
18,601,700,8,0.0243718
18,701,800,4,0.0128718
18,801,900,7,0.0250641
18,901,1000,9,0.0328718
8,1,100,10,0.0180769
8,101,200,10,0.0176154
8,201,300,7,0.0104744
8,301,400,8,0.0204231
8,401,500,11,0.0211667
8,501,600,7,0.0115
8,601,700,9,0.016641
8,701,800,5,0.011141
8,801,900,10,0.0230128
8,901,1000,5,0.00983333
9,1,100,12,0.0381923
9,101,200,7,0.0181026
9,201,300,11,0.0214103
9,301,400,7,0.0163974
9,401,500,9,0.0253718
9,501,600,7,0.0201795
9,601,700,14,0.0229103
9,701,800,5,0.00519231
9,801,900,6,0.0176923
9,901,1000,11,0.0299744
17,1,100,14,0.0430128
17,101,200,13,0.0349615
17,201,300,16,0.0593718
17,301,400,13,0.0317949
17,401,500,9,0.0253333
17,501,600,11,0.0232692
17,601,700,14,0.0294615
17,701,800,15,0.0336667
17,801,900,7,0.0180128
17,901,1000,8,0.021859
0,1,100,6,0.0134615
0,101,200,8,0.0146795
0,201,300,8,0.0142821
0,301,400,11,0.0175256
0,401,500,9,0.0195
0,501,600,11,0.0263846
0,601,700,9,0.0213333
0,701,800,10,0.0177564
0,801,900,5,0.00646154
0,901,1000,6,0.0119359
10,1,100,6,0.0143333
10,101,200,12,0.0244615
10,201,300,16,0.0379231
10,301,400,15,0.0372564
10,401,500,10,0.0195256
10,501,600,10,0.0216026
10,601,700,10,0.0177179
10,701,800,16,0.0401026
10,801,900,9,0.0101026
10,901,1000,15,0.0412051
17,1,100,13,0.0330256
17,101,200,10,0.0275897
17,201,300,6,0.0152564
17,301,400,10,0.0315641
17,401,500,11,0.0260897
17,501,600,13,0.0413974
17,601,700,12,0.0379103
17,701,800,13,0.0385385
17,801,900,17,0.0592436
17,901,1000,13,0.0425897
15,1,100,4,0.00432051
15,101,200,6,0.0144231
15,201,300,2,0.00403846
15,301,400,2,0.00542308
15,401,500,9,0.0247949
15,501,600,3,0.00376923
15,601,700,7,0.0126538
15,701,800,5,0.0116538
15,801,900,5,0.00733333
15,901,1000,8,0.0201667
19,1,100,11,0.0266923
19,101,200,10,0.0170256
19,201,300,6,0.0109744
19,301,400,7,0.00988462
19,401,500,5,0.0105256
19,501,600,5,0.0135128
19,601,700,7,0.0114615
19,701,800,3,0.00785897
19,801,900,3,0.00408974
19,901,1000,11,0.0201154
18,1,100,4,0.00916667
18,101,200,6,0.0101795
18,201,300,6,0.00576923
18,301,400,13,0.0326667
18,401,500,10,0.0195641
18,501,600,10,0.0122179
18,601,700,7,0.012859
18,701,800,5,0.0109231
18,801,900,14,0.0201282
18,901,1000,11,0.0116026
5,1,100,8,0.0188077
5,101,200,6,0.0176154
5,201,300,7,0.0171923
5,301,400,6,0.00347436
5,401,500,4,0.0146154
5,501,600,8,0.0231923
5,601,700,7,0.00978205
5,701,800,7,0.0150897
5,801,900,2,0.00387179
5,901,1000,3,0.0115385
12,1,100,11,0.0193718
12,101,200,8,0.0148462
12,201,300,10,0.0218077
12,301,400,10,0.0166795
12,401,500,11,0.0196667
12,501,600,8,0.0113718
12,601,700,7,0.0213974
12,701,800,7,0.0145256
12,801,900,10,0.0228333
12,901,1000,16,0.0380897
18,1,100,7,0.0111154
18,101,200,8,0.0138462
18,201,300,8,0.0179359
18,301,400,5,0.00742308
18,401,500,7,0.0110128
18,501,600,10,0.0177179
18,601,700,9,0.0191795
18,701,800,8,0.0191667
18,801,900,3,0.00416667
18,901,1000,5,0.00667949
1,1,100,15,0.040859
1,101,200,25,0.0773974
1,201,300,17,0.0604872
1,301,400,15,0.0554615
1,401,500,22,0.0747564
1,501,600,22,0.070359
1,601,700,16,0.0545769
1,701,800,15,0.0500256
1,801,900,15,0.0508077
1,901,1000,16,0.0356923
1,1,100,12,0.0364103
1,101,200,9,0.0220256
1,201,300,10,0.0233974
1,301,400,11,0.0384872
1,401,500,9,0.0242308
1,501,600,11,0.0246538
1,601,700,9,0.0234231
1,701,800,17,0.0398974
1,801,900,13,0.0320769
1,901,1000,12,0.0341795
5,1,100,16,0.0351795
5,101,200,10,0.0295
5,201,300,11,0.026859
5,301,400,18,0.0494103
5,401,500,14,0.0373205
5,501,600,17,0.0379487
5,601,700,13,0.0244103
5,701,800,16,0.0352179
5,801,900,8,0.0144359
5,901,1000,12,0.0276795
16,1,100,9,0.0236538
16,101,200,14,0.033
16,201,300,13,0.0365128
16,301,400,13,0.0346282
16,401,500,9,0.0166282
16,501,600,8,0.0185513
16,601,700,10,0.0227821
16,701,800,12,0.0293205
16,801,900,7,0.0149744
16,901,1000,15,0.0422949
13,1,100,4,0.0149231
13,101,200,3,0.00424359
13,201,300,13,0.0317051
13,301,400,10,0.0191026
13,401,500,6,0.00830769
13,501,600,8,0.0171923
13,601,700,8,0.0237949
13,701,800,3,0.00915385
13,801,900,13,0.0274487
13,901,1000,4,0.00474359
17,1,100,5,0.0111282
17,101,200,9,0.0241923
17,201,300,6,0.0112692
17,301,400,8,0.0172564
17,401,500,4,0.00961538
17,501,600,8,0.0211667
17,601,700,6,0.0165256
17,701,800,5,0.00424359
17,801,900,10,0.0172821
17,901,1000,8,0.0260641
9,1,100,14,0.0463846
9,101,200,6,0.0219487
9,201,300,10,0.025
9,301,400,18,0.0689872
9,401,500,10,0.0317308
9,501,600,10,0.0384231
9,601,700,9,0.0305
9,701,800,12,0.0402949
9,801,900,16,0.0538974
9,901,1000,8,0.0297308
16,1,100,8,0.0208846
16,101,200,12,0.0478462
16,201,300,24,0.0926154
16,301,400,11,0.04
16,401,500,11,0.0460769
16,501,600,17,0.0652179
16,601,700,9,0.0348974
16,701,800,14,0.0461282
16,801,900,10,0.0393077
16,901,1000,15,0.0399359
6,1,100,10,0.0113205
6,101,200,11,0.00734615
6,201,300,14,0.0246538
6,301,400,7,0.00807692
6,401,500,10,0.00726923
6,501,600,3,0.00284615
6,601,700,11,0.0114231
6,701,800,7,0.0123974
6,801,900,13,0.0142179
6,901,1000,11,0.0167692
11,1,100,5,0.0133846
11,101,200,9,0.0144103
11,201,300,5,0.0127949
11,301,400,9,0.0180128
11,401,500,11,0.0187949
11,501,600,8,0.0175641
11,601,700,8,0.0233718
11,701,800,7,0.0101026
11,801,900,8,0.0135256
11,901,1000,8,0.0132564
7,1,100,15,0.0285897
7,101,200,8,0.0102692
7,201,300,10,0.0237436
7,301,400,8,0.00889744
7,401,500,11,0.0205256
7,501,600,10,0.0242051
7,601,700,6,0.0118462
7,701,800,10,0.0246923
7,801,900,6,0.0224231
7,901,1000,7,0.0157436
16,1,100,6,0.0170897
16,101,200,9,0.0238462
16,201,300,9,0.0195641
16,301,400,3,0.00644872
16,401,500,7,0.0150513
16,501,600,11,0.0218077
16,601,700,5,0.0116538
16,701,800,5,0.0146154
16,801,900,13,0.0247436
16,901,1000,13,0.0411923
8,1,100,5,0.0142692
8,101,200,7,0.0227949
8,201,300,11,0.0170641
8,301,400,9,0.0269487
8,401,500,11,0.0229744
8,501,600,10,0.0229103
8,601,700,6,0.0134615
8,701,800,5,0.0060641
8,801,900,12,0.0190385
8,901,1000,4,0.00797436
13,1,100,11,0.0179359
13,101,200,14,0.0295641
13,201,300,5,0.0134359
13,301,400,14,0.0402564
13,401,500,7,0.0228846
13,501,600,3,0.00821795
13,601,700,10,0.0273333
13,701,800,6,0.0202692
13,801,900,5,0.0159231
13,901,1000,9,0.0218974
15,1,100,13,0.0299615
15,101,200,11,0.0138718
15,201,300,19,0.0425385
15,301,400,10,0.0170641
15,401,500,14,0.0263333
15,501,600,13,0.0245
15,601,700,14,0.0230897
15,701,800,14,0.022641
15,801,900,7,0.0104487
15,901,1000,7,0.0214231
15,1,100,7,0.0178846
15,101,200,13,0.0413974
15,201,300,10,0.0230897
15,301,400,22,0.0604744
15,401,500,19,0.0535128
15,501,600,11,0.0397564
15,601,700,12,0.0320769
15,701,800,13,0.0375
15,801,900,16,0.037641
15,901,1000,11,0.0292821
14,1,100,6,0.0136282
14,101,200,5,0.0181923
14,201,300,4,0.0103462
14,301,400,6,0.0233974
14,401,500,5,0.00985897
14,501,600,9,0.0264744
14,601,700,3,0.0103077
14,701,800,5,0.00758974
14,801,900,5,0.0136026
14,901,1000,7,0.0172051
1,1,100,11,0.0149744
1,101,200,1,0.00142308
1,201,300,10,0.0223718
1,301,400,7,0.0140897
1,401,500,10,0.012859
1,501,600,11,0.0154744
1,601,700,5,0.00661538
1,701,800,5,0.0112308
1,801,900,12,0.0247949
1,901,1000,9,0.0143974
14,1,100,12,0.0368846
14,101,200,10,0.0253974
14,201,300,8,0.0206282
14,301,400,15,0.0545128
14,401,500,13,0.0358077
14,501,600,18,0.0644744
14,601,700,10,0.0341795
14,701,800,11,0.0342179
14,801,900,10,0.0290897
14,901,1000,16,0.0570128
4,1,100,8,0.0275897
4,101,200,8,0.0152564
4,201,300,8,0.0252436
4,301,400,8,0.0200897
4,401,500,12,0.0349359
4,501,600,9,0.0200897
4,601,700,14,0.05
4,701,800,11,0.0418077
4,801,900,12,0.042359
4,901,1000,8,0.0327821
9,1,100,16,0.029
9,101,200,13,0.0422692
9,201,300,12,0.0253077
9,301,400,8,0.0170641
9,401,500,10,0.00924359
9,501,600,18,0.0400769
9,601,700,8,0.0179103
9,701,800,10,0.0253974
9,801,900,10,0.0250385
9,901,1000,5,0.00571795
13,1,100,15,0.0297821
13,101,200,13,0.0196538
13,201,300,2,0.00274359
13,301,400,12,0.0135385
13,401,500,10,0.0204359
13,501,600,5,0.00614103
13,601,700,9,0.0176923
13,701,800,10,0.0217692
13,801,900,6,0.00847436
13,901,1000,4,0.00594872
15,1,100,10,0.026859
15,101,200,14,0.0207692
15,201,300,10,0.0177692
15,301,400,13,0.0268205
15,401,500,10,0.0289872
15,501,600,7,0.0111154
15,601,700,17,0.0379359
15,701,800,13,0.0260256
15,801,900,9,0.0138718
15,901,1000,6,0.0132692
16,1,100,14,0.028
16,101,200,21,0.0498974
16,201,300,12,0.0264615
16,301,400,3,0.00689744
16,401,500,16,0.0339103
16,501,600,7,0.020859
16,601,700,15,0.0291667
16,701,800,9,0.0176538
16,801,900,11,0.0162051
16,901,1000,10,0.0231795
8,1,100,16,0.0438718
8,101,200,17,0.0535
8,201,300,16,0.0448333
8,301,400,10,0.0214744
8,401,500,14,0.0410513
8,501,600,8,0.0241923
8,601,700,9,0.0251923
8,701,800,9,0.0299231
8,801,900,12,0.0361154
8,901,1000,11,0.0368846
10,1,100,14,0.0559615
10,101,200,10,0.0382564
10,201,300,11,0.0533974
10,301,400,14,0.0655641
10,401,500,5,0.0172949
10,501,600,17,0.0660769
10,601,700,15,0.0550513
10,701,800,21,0.064
10,801,900,18,0.0762051
10,901,1000,13,0.0559103
19,1,100,20,0.0451795
19,101,200,13,0.0286154
19,201,300,8,0.027
19,301,400,12,0.0293077
19,401,500,16,0.0487179
19,501,600,10,0.0304487
19,601,700,12,0.0304872
19,701,800,12,0.0259744
19,801,900,13,0.0345256
19,901,1000,17,0.034
2,1,100,8,0.0192564
2,101,200,13,0.0286282
2,201,300,8,0.0220769
2,301,400,6,0.0174615
2,401,500,4,0.0129615
2,501,600,8,0.0242308
2,601,700,8,0.0207692
2,701,800,9,0.0234487
2,801,900,8,0.0245
2,901,1000,3,0.00819231
9,1,100,8,0.0107436
9,101,200,5,0.0111795
9,201,300,12,0.0239359
9,301,400,6,0.0108333
9,401,500,14,0.0406154
9,501,600,12,0.0277051
9,601,700,8,0.0145513
9,701,800,9,0.0235128
9,801,900,9,0.0185641
9,901,1000,6,0.0187179
7,1,100,6,0.0170385
7,101,200,12,0.0300128
7,201,300,7,0.0219615
7,301,400,13,0.0327692
7,401,500,12,0.0355385
7,501,600,6,0.0160513
7,601,700,13,0.0325385
7,701,800,12,0.0205769
7,801,900,12,0.0357179
7,901,1000,13,0.0345
2,1,100,5,0.00901282
2,101,200,11,0.0169231
2,201,300,8,0.0178462
2,301,400,10,0.0198846
2,401,500,8,0.0200897
2,501,600,7,0.0138462
2,601,700,7,0.0119359
2,701,800,6,0.00815385
2,801,900,11,0.019641
2,901,1000,15,0.0256795
9,1,100,12,0.0419231
9,101,200,11,0.0415
9,201,300,18,0.0569744
9,301,400,11,0.0355385
9,401,500,16,0.053641
9,501,600,21,0.0773462
9,601,700,7,0.0237821
9,701,800,10,0.0349231
9,801,900,13,0.0429744
9,901,1000,12,0.0370513
4,1,100,7,0.0182949
4,101,200,13,0.0406026
4,201,300,14,0.0440769
4,301,400,13,0.0491026
4,401,500,13,0.0419744
4,501,600,7,0.0155
4,601,700,16,0.0533077
4,701,800,8,0.0278077
4,801,900,12,0.0350128
4,901,1000,15,0.0493718
13,1,100,15,0.0657821
13,101,200,18,0.0837436
13,201,300,20,0.0622564
13,301,400,10,0.0367821
13,401,500,17,0.0740128
13,501,600,11,0.0394103
13,601,700,21,0.090641
13,701,800,15,0.0514872
13,801,900,13,0.0528846
13,901,1000,13,0.0566667
3,1,100,6,0.0256667
3,101,200,7,0.00951282
3,201,300,9,0.0353462
3,301,400,5,0.0214359
3,401,500,4,0.00796154
3,501,600,9,0.0317692
3,601,700,6,0.0119487
3,701,800,10,0.0301154
3,801,900,12,0.0413462
3,901,1000,5,0.0161667
1,1,100,8,0.0326538
1,101,200,9,0.0193333
1,201,300,7,0.0175513
1,301,400,8,0.022859
1,401,500,13,0.0413846
1,501,600,11,0.0387308
1,601,700,7,0.0197821
1,701,800,7,0.0252179
1,801,900,8,0.0321795
1,901,1000,8,0.0240513
6,1,100,13,0.00841026
6,101,200,24,0.0171795
6,201,300,16,0.0128974
6,301,400,17,0.0204359
6,401,500,11,0.0165128
6,501,600,17,0.0252179
6,601,700,15,0.0145128
6,701,800,10,0.00944872
6,801,900,14,0.0148462
6,901,1000,15,0.0120513
0,1,100,10,0.0302051
0,101,200,4,0.0203077
0,201,300,12,0.0329744
0,301,400,9,0.0319359
0,401,500,5,0.0179744
0,501,600,9,0.0339231
0,601,700,5,0.0138718
0,801,900,8,0.012859
0,901,1000,5,0.0213846
9,1,100,7,0.00701282
9,101,200,10,0.0144744
9,201,300,10,0.0185385
9,301,400,6,0.00603846
9,401,500,5,0.00297436
9,501,600,8,0.00971795
9,601,700,8,0.0108462
9,701,800,8,0.0104231
9,801,900,4,0.00585897
9,901,1000,8,0.0100769
1,1,100,12,0.0322949
1,101,200,19,0.0584103
1,201,300,12,0.0338333
1,301,400,19,0.0504103
1,401,500,8,0.0173462
1,501,600,12,0.0376026
1,601,700,20,0.0524231
1,701,800,11,0.0321538
1,801,900,17,0.0451667
1,901,1000,14,0.0359359
0,1,100,9,0.0175128
0,101,200,4,0.00932051
0,201,300,9,0.00708974
0,301,400,3,0.0124615
0,401,500,1,0.00507692
0,501,600,4,0.0151154
0,601,700,3,0.00853846
0,701,800,6,0.00882051
0,801,900,9,0.0138205
0,901,1000,6,0.0170513
17,1,100,12,0.0511923
17,101,200,8,0.0375897
17,201,300,8,0.036859
17,301,400,8,0.0309103
17,401,500,10,0.0346667
17,501,600,11,0.0254615
17,601,700,10,0.0425
17,701,800,5,0.0187436
17,801,900,10,0.0471282
17,901,1000,12,0.0303077
0,1,100,7,0.0225513
0,101,200,7,0.0115128
0,201,300,4,0.00723077
0,301,400,11,0.0313205
0,401,500,13,0.0358974
0,501,600,14,0.0282308
0,601,700,8,0.0158974
0,701,800,9,0.0323462
0,801,900,13,0.0333462
0,901,1000,12,0.0259872
6,1,100,7,0.0126538
6,101,200,7,0.0147692
6,201,300,8,0.0150769
6,301,400,7,0.0167821
6,401,500,7,0.0127692
6,501,600,5,0.0118462
6,601,700,6,0.013359
6,701,800,10,0.0166923
6,801,900,9,0.0178974
6,901,1000,8,0.0175256
10,1,100,5,0.0124744
10,101,200,10,0.022141
10,201,300,7,0.0161923
10,301,400,6,0.00934615
10,401,500,12,0.0229744
10,501,600,12,0.0249231
10,601,700,11,0.0260256
10,701,800,9,0.0205385
10,801,900,10,0.0199872
10,901,1000,12,0.0222436
19,1,100,11,0.0277564
19,101,200,10,0.0272179
19,201,300,14,0.0486154
19,301,400,19,0.0583846
19,401,500,14,0.0447436
19,501,600,14,0.0401667
19,601,700,14,0.0406795
19,701,800,11,0.0280128
19,801,900,15,0.0384487
19,901,1000,12,0.0345128
1,1,100,5,0.0132692
1,101,200,4,0.00776923
1,201,300,7,0.0219103
1,301,400,4,0.00939744
1,401,500,6,0.00885897
1,501,600,5,0.0175128
1,601,700,2,0.00910256
1,701,800,4,0.00785897
1,801,900,8,0.0105
1,901,1000,8,0.0116795
16,1,100,9,0.0161923
16,101,200,18,0.0430641
16,201,300,10,0.0282436
16,301,400,6,0.0137949
16,401,500,13,0.0361538
16,501,600,15,0.0329487
16,601,700,9,0.0256538
16,701,800,6,0.0111667
16,801,900,10,0.021141
16,901,1000,5,0.0181026
7,1,100,3,0.00244872
7,101,200,9,0.0143846
7,201,300,5,0.01
7,301,400,3,0.0055641
7,401,500,6,0.00989744
7,501,600,7,0.0196026
7,601,700,6,0.0089359
7,701,800,6,0.0120641
7,801,900,6,0.00891026
7,901,1000,3,0.00812821
18,1,100,9,0.0309872
18,101,200,11,0.0422949
18,201,300,9,0.0278974
18,301,400,11,0.0376282
18,401,500,10,0.0308077
18,501,600,12,0.0363077
18,601,700,10,0.0305385
18,701,800,12,0.0418974
18,801,900,10,0.032859
18,901,1000,9,0.0212821
13,1,100,6,0.0223846
13,101,200,9,0.0351282
13,201,300,7,0.0290256
13,301,400,5,0.00714103
13,401,500,14,0.0431282
13,501,600,9,0.0263205
13,601,700,8,0.0156154
13,701,800,12,0.0312179
13,801,900,10,0.030859
13,901,1000,7,0.010359
18,1,100,14,0.0285513
18,101,200,13,0.0254103
18,201,300,18,0.0367308
18,301,400,14,0.0250769
18,401,500,20,0.036641
18,501,600,18,0.0336154
18,601,700,13,0.0255513
18,701,800,12,0.0163462
18,801,900,22,0.0404615
18,901,1000,16,0.0301667
8,1,100,10,0.0328205
8,101,200,10,0.0325769
8,201,300,8,0.0245385
8,301,400,17,0.0545897
8,401,500,15,0.0504615
8,501,600,15,0.0498205
8,601,700,14,0.048641
8,701,800,19,0.0617051
8,801,900,16,0.0568974
8,901,1000,8,0.0326282
7,1,100,15,0.0289744
7,101,200,8,0.00876923
7,201,300,11,0.0193205
7,301,400,3,0.00408974
7,401,500,13,0.0237051
7,501,600,8,0.0222436
7,601,700,7,0.0175
7,701,800,12,0.0207564
7,801,900,10,0.0116923
7,901,1000,8,0.0129615
9,1,100,8,0.0220385
9,101,200,14,0.0404231
9,201,300,14,0.0522564
9,301,400,13,0.0341923
9,401,500,7,0.0259615
9,501,600,10,0.0269359
9,601,700,10,0.0314487
9,701,800,9,0.0272179
9,801,900,12,0.0433333
9,901,1000,9,0.0168333
13,1,100,11,0.0173846
13,101,200,7,0.0129359
13,201,300,8,0.0155769
13,301,400,3,0.0084359
13,401,500,10,0.0211154
13,501,600,4,0.00552564
13,601,700,7,0.0139872
13,701,800,9,0.0143205
13,801,900,7,0.0195
13,901,1000,4,0.00955128
12,1,100,5,0.0162308
12,101,200,4,0.00862821
12,201,300,10,0.0205897
12,301,400,8,0.0192179
12,401,500,10,0.0221538
12,501,600,6,0.0126667
12,601,700,5,0.0134359
12,701,800,7,0.0215256
12,801,900,10,0.0263462
12,901,1000,2,0.00480769
1,1,100,3,0.00496154
1,101,200,3,0.00796154
1,201,300,7,0.0141282
1,301,400,3,0.00884615
1,401,500,7,0.0177179
1,501,600,2,0.00589744
1,601,700,6,0.0120256
1,701,800,9,0.0202179
1,801,900,10,0.0142308
1,901,1000,1,0.0005
9,1,100,11,0.0365769
9,101,200,17,0.0466923
9,201,300,5,0.0161923
9,301,400,15,0.0429487
9,401,500,17,0.0572564
9,501,600,11,0.0367179
9,601,700,19,0.0575385
9,701,800,13,0.0409744
9,801,900,11,0.0212436
9,901,1000,13,0.0399744
19,1,100,5,0.010859
19,101,200,4,0.00411538
19,201,300,6,0.0119231
19,301,400,7,0.0198718
19,401,500,5,0.0146795
19,501,600,8,0.0219487
19,601,700,9,0.00955128
19,701,800,5,0.00479487
19,801,900,7,0.0119103
19,901,1000,6,0.0138333
5,1,100,5,0.0125128
5,101,200,12,0.0298974
5,201,300,15,0.0349231
5,301,400,11,0.0341923
5,401,500,8,0.0161026
5,501,600,10,0.0213846
5,601,700,7,0.0156026
5,701,800,8,0.0252564
5,801,900,9,0.0150256
5,901,1000,8,0.0211667
6,1,100,15,0.0269359
6,101,200,5,0.0135128
6,201,300,16,0.0440385
6,301,400,5,0.0106282
6,401,500,8,0.00930769
6,501,600,4,0.00965385
6,601,700,8,0.0154487
6,701,800,7,0.0112436
6,801,900,5,0.00929487
6,901,1000,7,0.0109487
0,1,100,15,0.0566282
0,101,200,9,0.0379744
0,201,300,11,0.0320385
0,301,400,5,0.0135128
0,401,500,10,0.0398462
0,501,600,14,0.0539615
0,601,700,10,0.0235897
0,701,800,8,0.0242436
0,801,900,6,0.0231667
0,901,1000,16,0.0450385
14,1,100,7,0.0183077
14,101,200,3,0.00566667
14,201,300,4,0.00870513
14,301,400,6,0.0126026
14,401,500,5,0.00928205
14,501,600,6,0.0160769
14,601,700,5,0.0109487
14,701,800,7,0.0268077
14,801,900,6,0.0118077
14,901,1000,3,0.00324359
3,1,100,13,0.0356923
3,101,200,9,0.0248077
3,201,300,14,0.0347436
3,301,400,16,0.0428077
3,401,500,4,0.00580769
3,501,600,6,0.0101538
3,601,700,11,0.0330385
3,701,800,13,0.0430256
3,801,900,15,0.0341923
3,901,1000,14,0.0395513
5,1,100,10,0.0223846
5,101,200,8,0.0153077
5,201,300,6,0.0132821
5,301,400,5,0.00635897
5,401,500,3,0.00628205
5,501,600,3,0.00242308
5,601,700,7,0.0129615
5,701,800,7,0.0221282
5,801,900,8,0.0252179
5,901,1000,9,0.0146538
