Model,Pop,CHROM,BIN_START,BIN_END,N_VARIANTS,WEIGHTED_FST,MEAN_FST
Model5,2pop,4,1,100,15,0.0892532,0.0606041
Model5,2pop,4,101,200,12,0.0936439,0.049666
Model5,2pop,4,201,300,14,0.102254,0.0860991
Model5,2pop,4,301,400,12,0.0910717,0.0500058
Model5,2pop,4,401,500,17,0.10536,0.0875317
Model5,2pop,4,501,600,6,0.0997852,0.0867003
Model5,2pop,4,601,700,15,0.0873214,0.0536129
Model5,2pop,4,701,800,12,0.0947017,0.0664906
Model5,2pop,4,801,900,14,0.0788038,0.0470046
Model5,2pop,4,901,1000,23,0.0893221,0.0643793
Model5,2pop,5,1,100,13,0.141414,0.11068
Model5,2pop,5,101,200,15,0.0968553,0.0894767
Model5,2pop,5,201,300,23,0.0859511,0.085041
Model5,2pop,5,301,400,20,0.0890134,0.081308
Model5,2pop,5,401,500,16,0.115471,0.0938052
Model5,2pop,5,501,600,16,0.119385,0.109351
Model5,2pop,5,601,700,14,0.0800303,0.0767418
Model5,2pop,5,701,800,22,0.12122,0.0883384
Model5,2pop,5,801,900,20,0.0586965,0.0652907
Model5,2pop,5,901,1000,12,0.0958294,0.0722477
Model5,2pop,0,1,100,6,0.138177,0.0456396
Model5,2pop,0,101,200,9,0.121741,0.0993719
Model5,2pop,0,201,300,10,0.124339,0.0561695
Model5,2pop,0,301,400,4,0.206871,0.168651
Model5,2pop,0,401,500,6,0.0510511,0.0226746
Model5,2pop,0,501,600,10,0.118087,0.0539956
Model5,2pop,0,601,700,7,0.157589,0.118224
Model5,2pop,0,701,800,5,0.195402,0.123016
Model5,2pop,0,801,900,6,0.0562249,0.0221873
Model5,2pop,0,901,1000,10,0.130864,0.0728362
Model5,2pop,11,1,100,16,0.0772842,0.0705732
Model5,2pop,11,101,200,20,0.0817091,0.0700145
Model5,2pop,11,201,300,21,0.0783922,0.0735774
Model5,2pop,11,301,400,19,0.0662705,0.0680258
Model5,2pop,11,401,500,20,0.0823263,0.0683051
Model5,2pop,11,501,600,19,0.0638253,0.0550824
Model5,2pop,11,601,700,20,0.0602384,0.0566527
Model5,2pop,11,701,800,13,0.089577,0.0737779
Model5,2pop,11,801,900,16,0.0719406,0.0714869
Model5,2pop,11,901,1000,22,0.0574388,0.0445913
Model5,2pop,19,1,100,7,0.0219092,0.0131258
Model5,2pop,19,101,200,8,0.0695129,0.0363562
Model5,2pop,19,201,300,10,0.0380313,0.0141813
Model5,2pop,19,301,400,5,-0.047619,-0.0133333
Model5,2pop,19,401,500,12,0.00302115,0.0116041
Model5,2pop,19,501,600,11,0.011213,0.0107897
Model5,2pop,19,601,700,11,0.0343223,0.0109794
Model5,2pop,19,701,800,10,0.103448,0.0594194
Model5,2pop,19,801,900,5,0.0,0.0
Model5,2pop,19,901,1000,8,0.0740741,0.0364583
Model5,2pop,0,1,100,9,0.0116279,0.0160336
Model5,2pop,0,101,200,10,-0.0178971,-0.00559441
Model5,2pop,0,201,300,12,0.238539,0.107589
Model5,2pop,0,301,400,15,0.15599,0.0631825
Model5,2pop,0,401,500,9,0.209443,0.125894
Model5,2pop,0,501,600,10,0.30945,0.185513
Model5,2pop,0,601,700,10,0.187558,0.0558434
Model5,2pop,0,701,800,8,0.0331384,0.0150961
Model5,2pop,0,801,900,10,0.00402994,0.0172451
Model5,2pop,0,901,1000,9,0.0622537,0.0367164
Model5,2pop,1,1,100,13,0.133547,0.106734
Model5,2pop,1,101,200,12,0.148378,0.119813
Model5,2pop,1,201,300,19,0.133222,0.102485
Model5,2pop,1,301,400,16,0.133676,0.108142
Model5,2pop,1,401,500,16,0.169427,0.145682
Model5,2pop,1,501,600,15,0.2109,0.172292
Model5,2pop,1,601,700,16,0.189468,0.160211
Model5,2pop,1,701,800,13,0.111111,0.0936639
Model5,2pop,1,801,900,16,0.201784,0.171596
Model5,2pop,1,901,1000,19,0.124579,0.100202
Model5,2pop,4,1,100,7,0.0481361,0.0234695
Model5,2pop,4,101,200,10,0.0474801,0.0678954
Model5,2pop,4,201,300,7,0.00992063,0.0238095
Model5,2pop,4,301,400,9,0.107407,0.0472507
Model5,2pop,4,401,500,5,0.0277778,0.0243401
Model5,2pop,4,501,600,13,0.0207523,0.0185699
Model5,2pop,4,601,700,13,0.0781292,0.0364976
Model5,2pop,4,701,800,13,0.0107051,0.0115187
Model5,2pop,4,801,900,10,0.00975403,0.021856
Model5,2pop,4,901,1000,9,0.0289449,0.0166992
Model5,2pop,10,1,100,13,0.0669516,0.0330225
Model5,2pop,10,101,200,9,-0.010582,-0.00521938
Model5,2pop,10,201,300,9,0.0423368,0.0298268
Model5,2pop,10,301,400,7,0.114035,0.0883608
Model5,2pop,10,401,500,13,0.0467348,0.0177074
Model5,2pop,10,501,600,13,-0.0246558,-0.010518
Model5,2pop,10,601,700,17,-0.0030303,0.0037097
Model5,2pop,10,701,800,11,0.036864,0.0245172
Model5,2pop,10,801,900,17,0.0013116,0.00793377
Model5,2pop,10,901,1000,17,0.00524418,0.0093249
Model5,2pop,12,1,100,7,0.0757129,0.0588531
Model5,2pop,12,101,200,9,0.0674603,0.0494114
Model5,2pop,12,201,300,10,0.112319,0.0865567
Model5,2pop,12,301,400,13,0.112769,0.0643716
Model5,2pop,12,401,500,6,0.0483539,0.0284498
Model5,2pop,12,501,600,9,0.0860215,0.0551162
Model5,2pop,12,601,700,10,0.0776794,0.057419
Model5,2pop,12,701,800,12,0.106659,0.066297
Model5,2pop,12,801,900,7,0.0854701,0.0760783
Model5,2pop,12,901,1000,13,0.0149128,0.000102764
Model5,2pop,13,1,100,10,0.387646,0.232179
Model5,2pop,13,101,200,11,0.375138,0.141391
Model5,2pop,13,201,300,12,0.379386,0.209958
Model5,2pop,13,301,400,9,0.30644,0.137737
Model5,2pop,13,401,500,11,0.39665,0.179301
Model5,2pop,13,501,600,11,0.225397,0.0794262
Model5,2pop,13,601,700,9,0.435897,0.252773
Model5,2pop,13,701,800,10,0.232987,0.126788
Model5,2pop,13,801,900,8,0.210928,0.10322
Model5,2pop,13,901,1000,12,0.33263,0.201542
Model5,2pop,6,1,100,15,0.0273973,0.0188258
Model5,2pop,6,101,200,11,0.115646,0.0587678
Model5,2pop,6,201,300,16,0.0335097,0.0236916
Model5,2pop,6,301,400,13,0.0494541,0.0377407
Model5,2pop,6,401,500,11,0.149682,0.11668
Model5,2pop,6,501,600,9,0.0197957,0.0171961
Model5,2pop,6,601,700,11,0.0492926,0.037044
Model5,2pop,6,701,800,11,0.0639589,0.0478313
Model5,2pop,6,801,900,12,0.0737117,0.0420061
Model5,2pop,6,901,1000,18,0.0927482,0.0528423
Model5,2pop,8,1,100,11,0.17773,0.160093
Model5,2pop,8,101,200,11,0.14324,0.113728
Model5,2pop,8,201,300,12,0.185438,0.148722
Model5,2pop,8,301,400,10,0.146318,0.109892
Model5,2pop,8,401,500,13,0.126885,0.0988766
Model5,2pop,8,501,600,13,0.164736,0.152231
Model5,2pop,8,601,700,14,0.148831,0.101317
Model5,2pop,8,701,800,7,0.125973,0.123446
Model5,2pop,8,801,900,12,0.108159,0.0824037
Model5,2pop,8,901,1000,19,0.137244,0.118963
Model5,2pop,15,1,100,12,0.0359477,0.0421686
Model5,2pop,15,101,200,14,-0.0197754,-0.00392788
Model5,2pop,15,201,300,12,-0.0343137,-0.0275793
Model5,2pop,15,301,400,16,-0.00280786,0.0111313
Model5,2pop,15,401,500,11,-0.0245413,-0.0154141
Model5,2pop,15,501,600,13,-0.0143124,0.000553497
Model5,2pop,15,601,700,10,-0.0205761,-0.00533274
Model5,2pop,15,701,800,16,-0.0206084,-0.0079311
Model5,2pop,15,801,900,18,-0.0235901,-0.0154831
Model5,2pop,15,901,1000,12,-0.00925926,0.00532569
Model5,2pop,15,1,100,15,-0.0191399,-0.0103594
Model5,2pop,15,101,200,11,-0.0290959,-0.0210786
Model5,2pop,15,201,300,8,0.000657462,0.0109674
Model5,2pop,15,301,400,10,-0.011064,0.00349702
Model5,2pop,15,401,500,18,-0.0163025,-0.00913241
Model5,2pop,15,501,600,16,-0.0193527,-0.00358841
Model5,2pop,15,601,700,13,-0.0168826,-0.00160134
Model5,2pop,15,701,800,14,-0.014772,-0.00138957
Model5,2pop,15,801,900,11,-0.0316199,-0.029812
Model5,2pop,15,901,1000,10,-0.0249785,-0.0207777
Model5,2pop,12,1,100,6,-0.0254284,-0.01808
Model5,2pop,12,101,200,6,-0.00174978,0.0120275
Model5,2pop,12,201,300,6,-0.0225885,-0.0051908
Model5,2pop,12,301,400,14,-0.0148359,0.00366839
Model5,2pop,12,401,500,9,-0.0235235,-0.0122885
Model5,2pop,12,501,600,6,-0.0207769,-0.0154837
Model5,2pop,12,601,700,9,-0.0285714,-0.0158121
Model5,2pop,12,701,800,7,-0.0140647,-0.00165877
Model5,2pop,12,801,900,11,-0.0162181,-0.00339183
Model5,2pop,12,901,1000,8,-0.0171198,0.0025333
Model5,2pop,2,1,100,11,0.0136964,0.0204363
Model5,2pop,2,101,200,12,0.0743928,0.0793363
Model5,2pop,2,201,300,7,0.00276052,0.0165998
Model5,2pop,2,301,400,7,-0.0214008,-0.022763
Model5,2pop,2,401,500,12,0.0323138,0.0436491
Model5,2pop,2,501,600,11,0.0074607,0.033202
Model5,2pop,2,601,700,15,0.0271003,0.0436558
Model5,2pop,2,701,800,17,0.0323609,0.0323007
Model5,2pop,2,801,900,12,-0.00785634,0.00176069
Model5,2pop,2,901,1000,11,-0.00206806,0.0101313
Model5,2pop,6,1,100,19,-0.000250063,0.00131819
Model5,2pop,6,101,200,12,0.042838,0.0266729
Model5,2pop,6,201,300,11,0.00927571,0.00594143
Model5,2pop,6,301,400,15,0.000236911,0.000313445
Model5,2pop,6,401,500,18,0.0197227,0.0118223
Model5,2pop,6,501,600,12,0.00133869,0.00296256
Model5,2pop,6,601,700,4,0.0253411,0.0132172
Model5,2pop,6,701,800,13,0.000878349,-0.000531079
Model5,2pop,6,801,900,15,0.00866463,0.00631264
Model5,2pop,6,901,1000,19,0.00290348,0.0102093
Model5,2pop,3,1,100,15,0.0520789,0.0303573
Model5,2pop,3,101,200,12,0.0327029,0.0241335
Model5,2pop,3,201,300,9,0.0215149,0.0252712
Model5,2pop,3,301,400,5,0.0266667,0.0335802
Model5,2pop,3,401,500,11,0.00968268,0.00546128
Model5,2pop,3,501,600,11,0.0517962,0.0310441
Model5,2pop,3,601,700,10,0.0330789,0.0269668
Model5,2pop,3,701,800,8,0.0960452,0.0937218
Model5,2pop,3,801,900,12,0.0440793,0.0384679
Model5,2pop,3,901,1000,12,0.00205761,0.00123457
Model5,2pop,16,1,100,11,0.0260047,0.0310375
Model5,2pop,16,101,200,10,0.0154712,0.023099
Model5,2pop,16,201,300,9,-0.0229885,-0.00224894
Model5,2pop,16,301,400,6,-0.0285714,-0.0100835
Model5,2pop,16,401,500,8,0.030303,0.0231481
Model5,2pop,16,501,600,9,-0.0083211,0.000580352
Model5,2pop,16,601,700,11,-0.00694444,0.000285942
Model5,2pop,16,701,800,12,0.00137741,0.0125141
Model5,2pop,16,801,900,10,0.0483092,0.0425926
Model5,2pop,16,901,1000,9,-0.00296862,0.0142345
Model5,2pop,13,1,100,10,0.0677083,0.0642593
Model5,2pop,13,101,200,5,0.227778,0.122222
Model5,2pop,13,201,300,7,0.179104,0.0865235
Model5,2pop,13,301,400,5,0.161616,0.0666667
Model5,2pop,13,401,500,6,0.000558347,0.00356754
Model5,2pop,13,501,600,5,0.191542,0.147059
Model5,2pop,13,601,700,9,0.179669,0.103704
Model5,2pop,13,701,800,5,0.242593,0.17963
Model5,2pop,13,801,900,6,0.148148,0.118673
Model5,2pop,13,901,1000,3,0.214286,0.12963
Model5,2pop,1,1,100,13,0.387709,0.256125
Model5,2pop,1,101,200,9,0.311653,0.150694
Model5,2pop,1,201,300,10,0.295393,0.0790589
Model5,2pop,1,301,400,13,0.406351,0.185581
Model5,2pop,1,401,500,10,0.409479,0.262253
Model5,2pop,1,501,600,10,0.347842,0.218941
Model5,2pop,1,601,700,15,0.377414,0.214288
Model5,2pop,1,701,800,9,0.379657,0.264276
Model5,2pop,1,801,900,11,0.442335,0.22979
Model5,2pop,1,901,1000,7,0.503356,0.436465
Model5,2pop,11,1,100,11,0.0350877,0.0381423
Model5,2pop,11,101,200,10,0.0453834,0.0533333
Model5,2pop,11,201,300,12,0.0527643,0.0542843
Model5,2pop,11,301,400,6,0.0231481,0.0462963
Model5,2pop,11,401,500,8,-0.00448934,6.03865e-05
Model5,2pop,11,501,600,14,0.0652879,0.0551415
Model5,2pop,11,601,700,10,0.0355987,0.0413248
Model5,2pop,11,701,800,11,0.0681549,0.0595487
Model5,2pop,11,801,900,9,0.049654,0.0525228
Model5,2pop,11,901,1000,9,0.0573477,0.0497876
Model5,2pop,7,1,100,12,0.27036,0.185611
Model5,2pop,7,101,200,26,0.257846,0.219327
Model5,2pop,7,201,300,16,0.406577,0.29516
Model5,2pop,7,301,400,25,0.360502,0.278072
Model5,2pop,7,401,500,13,0.33361,0.251659
Model5,2pop,7,501,600,22,0.328864,0.240436
Model5,2pop,7,601,700,7,0.278674,0.24264
Model5,2pop,7,701,800,20,0.263084,0.243686
Model5,2pop,7,801,900,17,0.275624,0.258972
Model5,2pop,7,901,1000,15,0.360341,0.327544
Model5,2pop,3,1,100,15,0.352974,0.29377
Model5,2pop,3,101,200,16,0.432615,0.302302
Model5,2pop,3,201,300,14,0.4468,0.323435
Model5,2pop,3,301,400,18,0.381371,0.280577
Model5,2pop,3,401,500,14,0.515689,0.413994
Model5,2pop,3,501,600,14,0.471063,0.36351
Model5,2pop,3,601,700,20,0.44173,0.246495
Model5,2pop,3,701,800,16,0.485998,0.306985
Model5,2pop,3,801,900,6,0.516729,0.372631
Model5,2pop,3,901,1000,16,0.478681,0.317419
Model5,2pop,3,1,100,19,0.0420136,0.0438403
Model5,2pop,3,101,200,12,0.032175,0.023762
Model5,2pop,3,201,300,19,0.0209917,0.0187347
Model5,2pop,3,301,400,15,0.0340822,0.031705
Model5,2pop,3,401,500,19,0.0306639,0.0312298
Model5,2pop,3,501,600,17,0.0196078,0.0177553
Model5,2pop,3,601,700,15,0.0328573,0.025236
Model5,2pop,3,701,800,15,0.0240774,0.0203084
Model5,2pop,3,801,900,16,0.0424777,0.0301131
Model5,2pop,3,901,1000,15,0.0650407,0.057504
Model5,2pop,9,1,100,14,0.142468,0.137165
Model5,2pop,9,101,200,11,0.0964361,0.0998014
Model5,2pop,9,201,300,17,0.0724143,0.0764394
Model5,2pop,9,301,400,11,0.101979,0.100006
Model5,2pop,9,401,500,8,0.124396,0.13087
Model5,2pop,9,501,600,13,0.0829987,0.0817139
Model5,2pop,9,601,700,10,0.140687,0.143841
Model5,2pop,9,701,800,15,0.0880978,0.0881572
Model5,2pop,9,801,900,10,0.0756705,0.0691708
Model5,2pop,9,901,1000,15,0.0619236,0.066252
Model5,2pop,8,1,100,3,0.100835,0.0687118
Model5,2pop,8,101,200,8,0.264101,0.160058
Model5,2pop,8,201,300,5,0.0755208,0.0638146
Model5,2pop,8,301,400,10,0.145803,0.0884874
Model5,2pop,8,401,500,8,0.182243,0.109639
Model5,2pop,8,501,600,2,0.184248,0.103314
Model5,2pop,8,601,700,8,0.176163,0.120422
Model5,2pop,8,701,800,8,0.262721,0.130612
Model5,2pop,8,801,900,12,0.11152,0.0820221
Model5,2pop,8,901,1000,7,0.174242,0.107312
Model5,2pop,7,1,100,14,0.135802,0.0866171
Model5,2pop,7,101,200,16,0.115069,0.078676
Model5,2pop,7,201,300,8,0.263953,0.121789
Model5,2pop,7,301,400,6,0.154007,0.134401
Model5,2pop,7,401,500,7,0.298541,0.179153
Model5,2pop,7,501,600,16,0.313504,0.184431
Model5,2pop,7,601,700,13,0.0838574,0.0451052
Model5,2pop,7,701,800,11,0.245542,0.11051
Model5,2pop,7,801,900,14,0.262911,0.106299
Model5,2pop,7,901,1000,5,0.128205,0.0888889
Model5,2pop,15,1,100,14,-0.0147023,-0.0248452
Model5,2pop,15,101,200,14,0.00124844,-0.00577969
Model5,2pop,15,201,300,13,-0.0133594,-0.018945
Model5,2pop,15,301,400,12,-0.00308642,-0.00738459
Model5,2pop,15,401,500,13,0.00175398,-0.00815968
Model5,2pop,15,501,600,15,0.010503,-0.0178724
Model5,2pop,15,601,700,10,0.00766284,-0.000395819
Model5,2pop,15,701,800,11,-0.00176367,-0.00897482
Model5,2pop,15,801,900,12,-0.00904054,-0.0198189
Model5,2pop,15,901,1000,20,-0.00907029,-0.015591
Model5,2pop,17,1,100,9,0.125167,0.0857517
Model5,2pop,17,101,200,16,0.130435,0.0601677
Model5,2pop,17,201,300,9,0.123264,0.0834947
Model5,2pop,17,301,400,8,0.170566,0.135532
Model5,2pop,17,401,500,14,0.129603,0.0809658
Model5,2pop,17,501,600,7,0.169591,0.108844
Model5,2pop,17,601,700,13,0.207126,0.130629
Model5,2pop,17,701,800,8,0.0856481,0.0454957
Model5,2pop,17,801,900,13,0.141878,0.105742
Model5,2pop,17,901,1000,11,0.126497,0.0800887
Model5,2pop,1,1,100,15,0.0928463,0.0477471
Model5,2pop,1,101,200,15,0.114233,0.0834891
Model5,2pop,1,201,300,15,0.0694827,0.0294332
Model5,2pop,1,301,400,8,0.0951319,0.0685626
Model5,2pop,1,401,500,16,0.107374,0.0604139
Model5,2pop,1,501,600,12,0.088135,0.0453824
Model5,2pop,1,601,700,16,0.045045,0.0138789
Model5,2pop,1,701,800,15,0.0762274,0.0365548
Model5,2pop,1,801,900,14,0.0810476,0.0470537
Model5,2pop,1,901,1000,15,0.111111,0.0538924
Model5,2pop,7,1,100,10,0.0111383,0.0196865
Model5,2pop,7,101,200,6,0.0592593,0.0572457
Model5,2pop,7,201,300,8,0.044586,0.0337899
Model5,2pop,7,301,400,11,0.0151515,0.0250421
Model5,2pop,7,401,500,9,0.0552872,0.0503837
Model5,2pop,7,501,600,12,-0.00854701,0.0166635
Model5,2pop,7,601,700,8,0.0227321,0.0358405
Model5,2pop,7,701,800,12,0.0380313,0.0398663
Model5,2pop,7,801,900,12,0.0326147,0.0257726
Model5,2pop,7,901,1000,8,0.0357599,0.03003
Model5,2pop,3,1,100,10,0.024024,0.00240298
Model5,2pop,3,101,200,8,0.063786,0.0301428
Model5,2pop,3,201,300,5,0.0387016,0.022807
Model5,2pop,3,301,400,7,-0.0346379,-0.0252686
Model5,2pop,3,401,500,12,0.00291121,0.00907046
Model5,2pop,3,501,600,8,0.068287,0.0679338
Model5,2pop,3,601,700,6,0.0136054,0.000974659
Model5,2pop,3,701,800,7,0.019129,6.96185e-05
Model5,2pop,3,801,900,10,0.0605838,0.0405453
Model5,2pop,3,901,1000,10,-0.0289667,-0.0148176
Model5,2pop,18,1,100,20,0.0349928,0.0156516
Model5,2pop,18,101,200,11,0.0144033,0.0225733
Model5,2pop,18,201,300,14,0.0479856,0.0279998
Model5,2pop,18,301,400,17,0.0553108,0.0266112
Model5,2pop,18,401,500,16,0.0659835,0.0360215
Model5,2pop,18,501,600,21,0.0177638,0.0134603
Model5,2pop,18,601,700,15,0.0316261,0.011926
Model5,2pop,18,701,800,19,0.0255892,0.018928
Model5,2pop,18,801,900,17,0.0500524,0.0270593
Model5,2pop,18,901,1000,18,0.0740741,0.037427
Model5,2pop,10,1,100,14,-0.0192652,0.0112459
Model5,2pop,10,101,200,20,-0.0225259,-0.0036345
Model5,2pop,10,201,300,11,-0.0344329,-0.0165241
Model5,2pop,10,301,400,20,-0.0425706,-0.036909
Model5,2pop,10,401,500,19,-0.0115185,0.0105419
Model5,2pop,10,501,600,17,-0.0374549,-0.0250994
Model5,2pop,10,601,700,10,-0.0421941,-0.0313639
Model5,2pop,10,701,800,12,-0.0445277,-0.0414215
Model5,2pop,10,801,900,19,-0.000662691,0.0211514
Model5,2pop,10,901,1000,14,-0.0248006,-0.024729
Model5,2pop,0,1,100,8,0.0218424,0.0270876
Model5,2pop,0,101,200,9,-0.00897555,0.01412
Model5,2pop,0,201,300,7,0.0144033,0.0347884
Model5,2pop,0,301,400,6,-0.0275165,-0.0122958
Model5,2pop,0,401,500,14,0.00953984,0.00971623
Model5,2pop,0,501,600,13,-0.00358423,0.00638895
Model5,2pop,0,601,700,8,-0.000395413,0.00213065
Model5,2pop,0,701,800,5,-0.029934,-0.0126792
Model5,2pop,0,801,900,2,-0.0123457,0.0119048
Model5,2pop,0,901,1000,7,-0.0143477,-0.00941713
Model5,2pop,7,1,100,5,0.144317,0.0886243
Model5,2pop,7,101,200,5,0.0,0.0
Model5,2pop,7,201,300,9,0.130435,0.049076
Model5,2pop,7,301,400,6,0.310777,0.161877
Model5,2pop,7,401,500,7,0.3339,0.206076
Model5,2pop,7,501,600,9,0.22137,0.0999628
Model5,2pop,7,601,700,7,0.164071,0.0831444
Model5,2pop,7,701,800,8,0.297258,0.150207
Model5,2pop,7,801,900,7,0.0740741,0.0357143
Model5,2pop,7,901,1000,7,0.0927022,0.0600712
Model5,2pop,11,1,100,16,0.219562,0.177268
Model5,2pop,11,101,200,9,0.19991,0.150032
Model5,2pop,11,201,300,10,0.277581,0.228395
Model5,2pop,11,301,400,10,0.0852298,0.0581601
Model5,2pop,11,401,500,10,0.132554,0.0922217
Model5,2pop,11,501,600,9,0.243827,0.197734
Model5,2pop,11,601,700,8,0.197995,0.0928885
Model5,2pop,11,701,800,7,0.208241,0.165035
Model5,2pop,11,801,900,10,0.211654,0.122263
Model5,2pop,11,901,1000,13,0.223798,0.149348
Model5,2pop,8,1,100,14,0.0498938,0.0588435
Model5,2pop,8,101,200,17,0.10788,0.0877129
Model5,2pop,8,201,300,13,0.0673953,0.0706553
Model5,2pop,8,301,400,9,0.141865,0.100588
Model5,2pop,8,401,500,17,0.132373,0.075817
Model5,2pop,8,501,600,13,0.0768714,0.0517958
Model5,2pop,8,601,700,12,0.0391061,0.040267
Model5,2pop,8,701,800,10,0.0405025,0.0349763
Model5,2pop,8,801,900,16,0.0640301,0.046334
Model5,2pop,8,901,1000,9,0.0716846,0.0740741
Model5,2pop,17,1,100,7,0.06756,0.0558569
Model5,2pop,17,101,200,9,0.0684514,0.0551049
Model5,2pop,17,201,300,11,0.0837814,0.0765247
Model5,2pop,17,301,400,10,0.0501436,0.0554111
Model5,2pop,17,401,500,11,0.10101,0.0840055
Model5,2pop,17,501,600,9,0.0684624,0.0690733
Model5,2pop,17,601,700,6,0.0439276,0.0411021
Model5,2pop,17,701,800,9,0.0330969,0.0324636
Model5,2pop,17,801,900,9,0.0460381,0.0429294
Model5,2pop,17,901,1000,7,0.0857635,0.0841316
Model5,2pop,4,1,100,19,0.188411,0.178151
Model5,2pop,4,101,200,16,0.158879,0.0931888
Model5,2pop,4,201,300,18,0.175084,0.132843
Model5,2pop,4,301,400,20,0.14383,0.0965882
Model5,2pop,4,401,500,14,0.161097,0.117146
Model5,2pop,4,501,600,25,0.176495,0.141212
Model5,2pop,4,601,700,19,0.188955,0.164806
Model5,2pop,4,701,800,15,0.162969,0.129538
Model5,2pop,4,801,900,19,0.151396,0.119148
Model5,2pop,4,901,1000,15,0.18961,0.150625
Model5,2pop,5,1,100,12,0.291548,0.193129
Model5,2pop,5,101,200,14,0.111558,0.0686279
Model5,2pop,5,201,300,17,0.212222,0.129698
Model5,2pop,5,301,400,16,0.156259,0.140067
Model5,2pop,5,401,500,8,0.157088,0.0872705
Model5,2pop,5,501,600,17,0.267578,0.145181
Model5,2pop,5,601,700,12,0.155916,0.0934679
Model5,2pop,5,701,800,10,0.191249,0.124341
Model5,2pop,5,801,900,15,0.205844,0.121642
Model5,2pop,5,901,1000,11,0.334433,0.247604
Model5,2pop,12,1,100,7,0.310194,0.242036
Model5,2pop,12,101,200,7,0.144684,0.106218
Model5,2pop,12,201,300,11,0.197086,0.118968
Model5,2pop,12,301,400,8,0.111111,0.0645172
Model5,2pop,12,401,500,5,0.0530303,0.0320346
Model5,2pop,12,501,600,13,0.17406,0.110617
Model5,2pop,12,601,700,5,0.206349,0.111852
Model5,2pop,12,701,800,8,0.0580221,0.0491731
Model5,2pop,12,801,900,6,0.284553,0.187906
Model5,2pop,12,901,1000,11,0.231631,0.150271
Model5,2pop,18,1,100,14,0.0087598,0.0112203
Model5,2pop,18,101,200,5,-0.012831,-0.00258055
Model5,2pop,18,201,300,6,0.0782828,0.045584
Model5,2pop,18,301,400,9,0.0305958,0.0357963
Model5,2pop,18,401,500,6,-0.00255428,0.00376655
Model5,2pop,18,501,600,9,0.0347924,0.0146392
Model5,2pop,18,601,700,4,0.0103218,0.0127113
Model5,2pop,18,701,800,7,0.0513834,0.0411979
Model5,2pop,18,801,900,13,0.00484368,0.00975984
Model5,2pop,18,901,1000,13,0.0214599,0.0273557
Model5,2pop,3,1,100,9,0.0513627,0.0535975
Model5,2pop,3,101,200,8,0.00966184,0.0178673
Model5,2pop,3,201,300,10,0.034188,0.0539005
Model5,2pop,3,301,400,13,0.0106545,0.0196962
Model5,2pop,3,401,500,4,0.100242,0.0797214
Model5,2pop,3,501,600,11,0.0740741,0.0670423
Model5,2pop,3,601,700,5,-0.00389864,0.0132093
Model5,2pop,3,701,800,2,-0.010101,-0.00555556
Model5,2pop,3,801,900,6,-0.0341365,-0.0189786
Model5,2pop,3,901,1000,8,-0.00606061,0.0085721
Model5,2pop,9,1,100,16,-0.00990243,-0.00194183
Model5,2pop,9,101,200,10,0.00145925,0.00280433
Model5,2pop,9,201,300,18,-0.00019459,0.00679809
Model5,2pop,9,301,400,9,0.00807382,0.015294
Model5,2pop,9,401,500,16,-0.0201149,-0.0179328
Model5,2pop,9,501,600,15,-0.00685871,0.00429942
Model5,2pop,9,601,700,25,-0.0186543,-0.0138331
Model5,2pop,9,701,800,19,-0.0163872,-0.00598602
Model5,2pop,9,801,900,12,-0.0118293,-0.00677948
Model5,2pop,9,901,1000,14,-0.020687,-0.020621
Model5,2pop,18,1,100,19,0.0301318,0.0258536
Model5,2pop,18,101,200,20,0.0286094,0.0176505
Model5,2pop,18,201,300,31,0.0262515,0.0196019
Model5,2pop,18,301,400,20,0.0374896,0.0254231
Model5,2pop,18,401,500,20,0.0321425,0.0186372
Model5,2pop,18,501,600,32,0.0278046,0.0204021
Model5,2pop,18,601,700,20,0.0258702,0.0219572
Model5,2pop,18,701,800,24,0.0306471,0.0193821
Model5,2pop,18,801,900,21,0.0358306,0.0310436
Model5,2pop,18,901,1000,19,0.0384165,0.0352782
Model5,2pop,10,1,100,17,-0.000325839,0.0108399
Model5,2pop,10,101,200,14,0.0261204,0.0140154
Model5,2pop,10,201,300,16,-0.0055664,-0.00304591
Model5,2pop,10,301,400,18,0.0133202,0.00593592
Model5,2pop,10,401,500,11,0.0416113,0.0210135
Model5,2pop,10,501,600,14,-0.0206134,-0.0169308
Model5,2pop,10,601,700,16,-0.0152242,-0.00810543
Model5,2pop,10,701,800,17,0.0860374,0.0630856
Model5,2pop,10,801,900,16,0.0206933,0.0150387
Model5,2pop,10,901,1000,16,-0.012234,-0.00137182
Model5,2pop,18,1,100,9,-0.00284339,-0.00715035
Model5,2pop,18,101,200,9,0.0290758,0.038891
Model5,2pop,18,201,300,10,0.00946021,0.0102975
Model5,2pop,18,301,400,9,0.0087519,0.00364931
Model5,2pop,18,401,500,10,0.0135328,0.0152199
Model5,2pop,18,501,600,8,0.0192744,0.0172536
Model5,2pop,18,601,700,10,0.0424679,0.0362288
Model5,2pop,18,701,800,16,0.0262471,0.0278041
Model5,2pop,18,801,900,8,0.013468,0.00707293
Model5,2pop,18,901,1000,10,0.0305606,0.0384387
Model5,2pop,11,1,100,8,0.240944,0.171537
Model5,2pop,11,101,200,9,0.0351918,0.0194624
Model5,2pop,11,201,300,9,0.0764182,0.0484279
Model5,2pop,11,301,400,6,0.125083,0.076681
Model5,2pop,11,401,500,10,0.102897,0.0836154
Model5,2pop,11,501,600,16,0.0876656,0.0468644
Model5,2pop,11,601,700,12,0.0938316,0.0590318
Model5,2pop,11,701,800,12,0.180512,0.126149
Model5,2pop,11,801,900,8,0.0416189,0.0259016
Model5,2pop,11,901,1000,10,0.0746997,0.0373163
Model5,2pop,13,1,100,17,0.0441015,0.039359
Model5,2pop,13,101,200,27,0.041367,0.027189
Model5,2pop,13,201,300,13,0.0864899,0.0592315
Model5,2pop,13,301,400,25,0.0614584,0.0400595
Model5,2pop,13,401,500,21,0.0573267,0.0521773
Model5,2pop,13,501,600,15,0.0446326,0.0254003
Model5,2pop,13,601,700,16,0.0363922,0.0242876
Model5,2pop,13,701,800,17,0.0622537,0.0372402
Model5,2pop,13,801,900,19,0.0473932,0.0297526
Model5,2pop,13,901,1000,21,0.0446443,0.0247518
Model5,2pop,7,1,100,9,0.117647,0.110725
Model5,2pop,7,101,200,11,0.130763,0.0767045
Model5,2pop,7,201,300,5,0.0794979,0.0840861
Model5,2pop,7,301,400,8,0.0758048,0.0373754
Model5,2pop,7,401,500,6,0.0856102,0.0880291
Model5,2pop,7,501,600,4,0.122222,0.0763889
Model5,2pop,7,601,700,7,0.113562,0.0627895
Model5,2pop,7,701,800,11,0.19168,0.122845
Model5,2pop,7,801,900,7,0.116081,0.123209
Model5,2pop,7,901,1000,4,0.07173,0.0816571
Model5,2pop,18,1,100,15,0.00572246,0.0110848
Model5,2pop,18,101,200,18,0.0520591,0.039776
Model5,2pop,18,201,300,21,0.0204223,0.0192861
Model5,2pop,18,301,400,10,0.0112493,0.0219886
Model5,2pop,18,401,500,16,0.0400768,0.0311855
Model5,2pop,18,501,600,19,0.0041078,0.00262804
Model5,2pop,18,601,700,21,0.0216361,0.0154637
Model5,2pop,18,701,800,19,0.0091237,0.0026871
Model5,2pop,18,801,900,16,0.0148857,0.0188546
Model5,2pop,18,901,1000,5,0.00516796,0.00464936
Model5,2pop,5,1,100,12,0.128179,0.113735
Model5,2pop,5,101,200,26,0.142286,0.112094
Model5,2pop,5,201,300,18,0.140256,0.122397
Model5,2pop,5,301,400,14,0.132302,0.104764
Model5,2pop,5,401,500,20,0.134199,0.115811
Model5,2pop,5,501,600,17,0.122534,0.0967668
Model5,2pop,5,601,700,14,0.139015,0.127462
Model5,2pop,5,701,800,16,0.124748,0.116002
Model5,2pop,5,801,900,15,0.135685,0.134857
Model5,2pop,5,901,1000,17,0.103613,0.0919151
Model5,2pop,15,1,100,11,0.0189009,0.00978617
Model5,2pop,15,101,200,13,0.0400327,0.0229548
Model5,2pop,15,201,300,12,0.0540541,0.0381672
Model5,2pop,15,301,400,8,0.0114943,0.00131579
Model5,2pop,15,401,500,9,0.0899796,0.0444607
Model5,2pop,15,501,600,12,0.0888889,0.0509747
Model5,2pop,15,601,700,5,0.0347222,0.0266667
Model5,2pop,15,701,800,15,0.15128,0.0988369
Model5,2pop,15,801,900,7,0.18239,0.052005
Model5,2pop,15,901,1000,9,0.114391,0.0466212
Model5,2pop,4,1,100,10,0.139344,0.114615
Model5,2pop,4,101,200,11,0.171473,0.0947999
Model5,2pop,4,201,300,10,0.0942029,0.0295996
Model5,2pop,4,301,400,10,0.0678255,0.0421065
Model5,2pop,4,401,500,6,0.194609,0.105075
Model5,2pop,4,501,600,5,0.251208,0.115556
Model5,2pop,4,601,700,11,0.159128,0.0668242
Model5,2pop,4,701,800,15,0.173379,0.10563
Model5,2pop,4,801,900,6,0.18897,0.124427
Model5,2pop,4,901,1000,12,0.164201,0.0937651
Model5,2pop,16,1,100,16,0.040763,0.0293983
Model5,2pop,16,101,200,14,0.0521191,0.0457996
Model5,2pop,16,201,300,13,0.047242,0.0279328
Model5,2pop,16,301,400,9,0.0445026,0.0406108
Model5,2pop,16,401,500,9,0.0540541,0.0377358
Model5,2pop,16,501,600,10,0.0345402,0.00960508
Model5,2pop,16,601,700,14,0.0332844,0.0229374
Model5,2pop,16,701,800,15,0.0263241,0.0211693
Model5,2pop,16,801,900,14,0.0533721,0.0504702
Model5,2pop,16,901,1000,7,0.0280653,0.0232422
Model5,2pop,19,1,100,8,0.194682,0.142296
Model5,2pop,19,101,200,12,0.182481,0.154971
Model5,2pop,19,201,300,15,0.199966,0.177724
Model5,2pop,19,301,400,15,0.209553,0.156832
Model5,2pop,19,401,500,10,0.173089,0.144447
Model5,2pop,19,501,600,5,0.217687,0.146825
Model5,2pop,19,601,700,10,0.151663,0.117078
Model5,2pop,19,701,800,11,0.176901,0.132443
Model5,2pop,19,801,900,13,0.185957,0.136246
Model5,2pop,19,901,1000,13,0.213978,0.171564
Model5,2pop,14,1,100,12,0.0877193,0.0649691
Model5,2pop,14,101,200,17,0.0527106,0.0548765
Model5,2pop,14,201,300,8,0.0542833,0.0570988
Model5,2pop,14,301,400,14,0.0398551,0.0437318
Model5,2pop,14,401,500,15,0.0671551,0.0636777
Model5,2pop,14,501,600,17,0.0958904,0.0752394
Model5,2pop,14,601,700,11,0.0729167,0.0681818
Model5,2pop,14,701,800,17,0.0320597,0.0427606
Model5,2pop,14,801,900,16,0.0235081,0.0428304
Model5,2pop,14,901,1000,15,0.0713101,0.069229
Model5,2pop,14,1,100,17,-0.0492345,-0.0325285
Model5,2pop,14,101,200,27,-0.0304988,-0.0166599
Model5,2pop,14,201,300,19,-0.0504145,-0.040076
Model5,2pop,14,301,400,16,-0.0131027,-0.0128511
Model5,2pop,14,401,500,20,-0.041829,-0.0282091
Model5,2pop,14,501,600,13,-0.0449117,-0.0346255
Model5,2pop,14,601,700,23,-0.0447525,-0.0304022
Model5,2pop,14,701,800,31,-0.0537334,-0.0455394
Model5,2pop,14,801,900,26,-0.0482491,-0.0382727
Model5,2pop,14,901,1000,20,-0.0354592,-0.0263306
Model5,2pop,16,1,100,9,-0.0198105,-0.00623225
Model5,2pop,16,101,200,15,-0.0345389,-0.0187331
Model5,2pop,16,201,300,9,-0.0319815,-0.0123478
Model5,2pop,16,301,400,17,-0.0411928,-0.0255022
Model5,2pop,16,401,500,13,-0.0362573,-0.024442
Model5,2pop,16,501,600,8,-0.0175259,-0.00654891
Model5,2pop,16,601,700,8,-0.0385757,-0.0324229
Model5,2pop,16,701,800,10,-0.01069,-0.000808573
Model5,2pop,16,801,900,12,-0.0410959,-0.0330288
Model5,2pop,16,901,1000,12,-0.0358326,-0.0160048
Model5,2pop,17,1,100,7,0.00823045,0.00989989
Model5,2pop,17,101,200,7,0.145299,0.0883458
Model5,2pop,17,201,300,8,0.101979,0.0669236
Model5,2pop,17,301,400,10,0.155332,0.119316
Model5,2pop,17,401,500,13,0.171076,0.121322
Model5,2pop,17,501,600,5,0.151098,0.113298
Model5,2pop,17,601,700,9,0.166667,0.0750571
Model5,2pop,17,701,800,8,0.157373,0.0860555
Model5,2pop,17,801,900,4,0.0630631,0.0753968
Model5,2pop,17,901,1000,11,0.192998,0.147636
Model5,2pop,17,1,100,12,0.075773,0.0448668
Model5,2pop,17,101,200,13,0.0772738,0.0574925
Model5,2pop,17,201,300,12,0.103535,0.0357114
Model5,2pop,17,301,400,14,0.18473,0.0761023
Model5,2pop,17,401,500,16,0.183409,0.124119
Model5,2pop,17,501,600,9,0.135043,0.0602936
Model5,2pop,17,601,700,11,0.101262,0.0323471
Model5,2pop,17,701,800,8,0.138608,0.0982519
Model5,2pop,17,801,900,17,0.161368,0.114337
Model5,2pop,17,901,1000,14,0.167975,0.099831
Model5,2pop,15,1,100,8,0.0661479,0.0189027
Model5,2pop,15,101,200,17,0.152637,0.0576076
Model5,2pop,15,201,300,11,0.20398,0.0992374
Model5,2pop,15,301,400,11,0.153257,0.092862
Model5,2pop,15,401,500,7,0.132791,0.0798093
Model5,2pop,15,501,600,15,0.230238,0.162296
Model5,2pop,15,601,700,15,0.196476,0.0912466
Model5,2pop,15,701,800,12,0.233367,0.109561
Model5,2pop,15,801,900,11,0.06588,0.0237489
Model5,2pop,15,901,1000,16,0.208704,0.135811
Model5,2pop,16,1,100,17,-0.0234597,-0.00199749
Model5,2pop,16,101,200,12,-0.00506489,0.00141645
Model5,2pop,16,201,300,10,-0.030213,-0.0195611
Model5,2pop,16,301,400,11,-0.0281124,-0.0151193
Model5,2pop,16,401,500,14,-0.0198324,-0.00497489
Model5,2pop,16,501,600,10,-0.0208927,-0.0106529
Model5,2pop,16,601,700,13,-0.0222222,-0.00375569
Model5,2pop,16,701,800,13,0.00842515,0.018014
Model5,2pop,16,801,900,12,-0.00221819,-0.00051368
Model5,2pop,16,901,1000,7,-0.00753296,-0.00671901
Model5,2pop,3,1,100,18,0.0389425,0.0232364
Model5,2pop,3,101,200,14,0.0204223,0.0198708
Model5,2pop,3,201,300,12,0.00276052,0.00303086
Model5,2pop,3,301,400,10,0.0139616,0.00921893
Model5,2pop,3,401,500,19,0.0230171,0.0226533
Model5,2pop,3,501,600,13,0.0288544,0.0315975
Model5,2pop,3,601,700,17,0.0433659,0.0392462
Model5,2pop,3,701,800,16,0.0572167,0.0488923
Model5,2pop,3,801,900,15,0.027334,0.0194068
Model5,2pop,3,901,1000,18,0.0761622,0.0563825
Model5,2pop,5,1,100,2,0.0,0.0
Model5,2pop,5,101,200,7,0.0220386,0.0187904
Model5,2pop,5,201,300,9,-0.0174029,0.00351435
Model5,2pop,5,301,400,10,0.0444444,0.0277778
Model5,2pop,5,401,500,5,0.0192245,0.010724
Model5,2pop,5,501,600,9,-0.0071475,-0.000957782
Model5,2pop,5,601,700,8,-0.0116086,0.00461926
Model5,2pop,5,701,800,8,0.00180668,0.0108135
Model5,2pop,5,801,900,10,-0.0246739,-0.0270146
Model5,2pop,5,901,1000,7,0.0291807,0.0304915
Model5,2pop,2,1,100,11,-0.00249688,0.0026936
Model5,2pop,2,101,200,7,0.015377,0.0298564
Model5,2pop,2,201,300,11,-0.00949325,-7.44546e-06
Model5,2pop,2,301,400,16,0.0133514,0.0233827
Model5,2pop,2,401,500,14,0.0226043,0.0474679
Model5,2pop,2,501,600,15,0.0204138,0.0249587
Model5,2pop,2,601,700,12,0.0185485,0.0262247
Model5,2pop,2,701,800,10,0.0103359,0.027037
Model5,2pop,2,801,900,5,-0.0227273,-0.027381
Model5,2pop,2,901,1000,12,0.00232019,0.0161131
Model5,2pop,16,1,100,15,0.0170522,0.012257
Model5,2pop,16,101,200,4,0.0277778,0.0337302
Model5,2pop,16,201,300,8,0.0740741,0.0553314
Model5,2pop,16,301,400,15,0.0647482,0.0288896
Model5,2pop,16,401,500,2,-0.0042735,-0.0042735
Model5,2pop,16,501,600,3,0.0185185,0.0171958
Model5,2pop,16,601,700,8,0.0338164,0.00712393
Model5,2pop,16,701,800,11,-0.003861,-0.00123269
Model5,2pop,16,801,900,3,0.0157005,0.000814001
Model5,2pop,16,901,1000,12,0.0378788,0.0285234
Model5,2pop,19,1,100,14,0.0836309,0.054495
Model5,2pop,19,101,200,25,0.0834123,0.0615644
Model5,2pop,19,201,300,19,0.0838852,0.0630493
Model5,2pop,19,301,400,22,0.086758,0.0566309
Model5,2pop,19,401,500,21,0.0946502,0.0784559
Model5,2pop,19,501,600,19,0.0703472,0.0507313
Model5,2pop,19,601,700,28,0.0756281,0.0573735
Model5,2pop,19,701,800,22,0.093024,0.0645392
Model5,2pop,19,801,900,22,0.0955137,0.0613084
Model5,2pop,19,901,1000,26,0.0926604,0.0694467
Model5,2pop,18,1,100,7,-0.00888889,0.0248677
Model5,2pop,18,101,200,15,0.081675,0.0533275
Model5,2pop,18,201,300,22,0.0566786,0.0372951
Model5,2pop,18,301,400,15,0.118844,0.0711761
Model5,2pop,18,401,500,13,0.0891841,0.0467862
Model5,2pop,18,501,600,6,0.11714,0.0735867
Model5,2pop,18,601,700,13,0.0449438,0.0330209
Model5,2pop,18,701,800,7,0.0407674,0.0401003
Model5,2pop,18,801,900,9,0.113969,0.0705642
Model5,2pop,18,901,1000,13,0.0667545,0.0259524
Model5,2pop,1,1,100,10,0.205962,0.132937
Model5,2pop,1,101,200,12,0.0697674,0.0662703
Model5,2pop,1,201,300,10,0.0923318,0.0782313
Model5,2pop,1,301,400,11,0.0722406,0.0481538
Model5,2pop,1,401,500,9,0.0921087,0.0775318
Model5,2pop,1,501,600,7,0.0277778,0.0335277
Model5,2pop,1,601,700,12,0.185656,0.145624
Model5,2pop,1,701,800,13,0.0464646,0.056209
Model5,2pop,1,801,900,7,0.138577,0.0687284
Model5,2pop,1,901,1000,11,0.0973872,0.0673918
Model5,2pop,17,1,100,7,0.19692,0.164005
Model5,2pop,17,101,200,8,0.18107,0.0925926
Model5,2pop,17,201,300,12,0.0500168,0.0495885
Model5,2pop,17,301,400,8,0.146639,0.103937
Model5,2pop,17,401,500,8,0.173686,0.0868768
Model5,2pop,17,501,600,16,0.0745653,0.0561038
Model5,2pop,17,601,700,9,0.122874,0.0701067
Model5,2pop,17,701,800,12,0.141414,0.0958995
Model5,2pop,17,801,900,13,0.17229,0.0785497
Model5,2pop,17,901,1000,5,0.102564,0.0888889
Model5,2pop,11,1,100,16,0.105779,0.0893697
Model5,2pop,11,101,200,28,0.0957372,0.0967281
Model5,2pop,11,201,300,21,0.103877,0.0912915
Model5,2pop,11,301,400,20,0.117157,0.0920865
Model5,2pop,11,401,500,13,0.105647,0.0954416
Model5,2pop,11,501,600,16,0.107666,0.0902778
Model5,2pop,11,601,700,18,0.14756,0.122634
Model5,2pop,11,701,800,14,0.103094,0.104793
Model5,2pop,11,801,900,18,0.1127,0.091358
Model5,2pop,11,901,1000,20,0.120901,0.107777
Model5,2pop,1,1,100,14,-0.00607441,-0.000201672
Model5,2pop,1,101,200,16,-0.00645995,0.00786184
Model5,2pop,1,201,300,15,-0.0292317,-0.0193831
Model5,2pop,1,301,400,7,-0.0130719,0.00523088
Model5,2pop,1,401,500,15,0.0014396,0.00396914
Model5,2pop,1,501,600,18,-0.0354657,-0.0135622
Model5,2pop,1,601,700,14,-0.0233482,-0.00632974
Model5,2pop,1,701,800,10,-0.00369251,0.0163681
Model5,2pop,1,801,900,17,-0.018914,-0.00389407
Model5,2pop,1,901,1000,12,-0.0181406,0.000694877
Model5,2pop,6,1,100,25,-0.0113019,-0.0180371
Model5,2pop,6,101,200,24,-0.024729,-0.0250148
Model5,2pop,6,201,300,25,0.00601017,-0.0077381
Model5,2pop,6,301,400,21,0.017094,-0.00746697
Model5,2pop,6,401,500,19,0.0123457,-0.010063
Model5,2pop,6,501,600,26,0.0160911,-0.0151682
Model5,2pop,6,601,700,29,-0.026672,-0.0250497
Model5,2pop,6,701,800,24,-0.0262935,-0.0250876
Model5,2pop,6,801,900,37,0.0174662,-0.0078552
Model5,2pop,6,901,1000,31,-0.00337487,-0.00892598
Model5,2pop,11,1,100,14,0.252297,0.172817
Model5,2pop,11,101,200,8,0.282393,0.238948
Model5,2pop,11,201,300,11,0.274254,0.157104
Model5,2pop,11,301,400,4,0.34536,0.265988
Model5,2pop,11,401,500,19,0.270079,0.160448
Model5,2pop,11,501,600,15,0.253156,0.162516
Model5,2pop,11,601,700,11,0.24183,0.163379
Model5,2pop,11,701,800,14,0.32145,0.265827
Model5,2pop,11,801,900,11,0.26826,0.212742
Model5,2pop,11,901,1000,10,0.308805,0.211081
Model5,2pop,10,1,100,18,-0.00797,-0.0145243
Model5,2pop,10,101,200,17,-0.0157721,-0.0211544
Model5,2pop,10,201,300,17,-0.00106496,0.00157681
Model5,2pop,10,301,400,12,-0.010101,-0.00664857
Model5,2pop,10,401,500,25,-0.013156,-0.0102003
Model5,2pop,10,501,600,11,-0.00702009,-0.00372142
Model5,2pop,10,601,700,13,0.0184089,0.0195574
Model5,2pop,10,701,800,15,-0.00371195,-0.00513667
Model5,2pop,10,801,900,23,0.00198857,0.000147175
Model5,2pop,10,901,1000,19,-0.013289,-0.00992082
Model5,2pop,9,1,100,11,-0.041041,-0.0303326
Model5,2pop,9,101,200,15,-0.0275256,-0.0266256
Model5,2pop,9,201,300,12,-0.000284172,0.00973257
Model5,2pop,9,301,400,8,-0.0187517,-0.00285662
Model5,2pop,9,401,500,10,-0.0438983,-0.0299508
Model5,2pop,9,501,600,10,-0.0403871,-0.0400579
Model5,2pop,9,601,700,9,-0.0429575,-0.0358027
Model5,2pop,9,701,800,9,-0.0352521,-0.0120208
Model5,2pop,9,801,900,7,-0.0389276,-0.0295647
Model5,2pop,9,901,1000,9,-0.0164909,0.000324886
Model5,2pop,1,1,100,6,-0.0116959,0.00467608
Model5,2pop,1,101,200,10,0.0467679,0.0431265
Model5,2pop,1,201,300,7,-0.0174881,-0.00584031
Model5,2pop,1,301,400,11,0.00466853,0.0179707
Model5,2pop,1,401,500,9,0.0327738,0.0188434
Model5,2pop,1,501,600,10,0.0598291,0.0549052
Model5,2pop,1,601,700,9,-0.0236794,-0.00602337
Model5,2pop,1,701,800,8,0.0230697,0.0358408
Model5,2pop,1,801,900,7,0.0218424,0.0375079
Model5,2pop,1,901,1000,3,-0.0216573,-0.0191379
Model5,2pop,2,1,100,8,0.0108063,0.0162796
Model5,2pop,2,101,200,9,-0.00405093,0.025507
Model5,2pop,2,201,300,8,-0.00811486,-0.013586
Model5,2pop,2,301,400,6,0.037037,0.0277778
Model5,2pop,2,401,500,12,0.0031362,0.0171312
Model5,2pop,2,501,600,12,-0.0229808,-1.95592e-05
Model5,2pop,2,601,700,13,0.00115141,0.00779917
Model5,2pop,2,701,800,7,-0.00748417,0.0105494
Model5,2pop,2,801,900,13,0.00966184,0.0234492
Model5,2pop,2,901,1000,14,0.0148912,0.0149481
Model5,2pop,10,1,100,7,0.00205761,0.000835422
Model5,2pop,10,101,200,12,0.0724057,0.0575999
Model5,2pop,10,201,300,13,-0.00597092,-0.00145504
Model5,2pop,10,301,400,8,-0.0215054,-0.00644488
Model5,2pop,10,401,500,11,0.0559533,0.0461484
Model5,2pop,10,501,600,9,-0.00164204,0.00335218
Model5,2pop,10,601,700,12,0.0486333,0.0376397
Model5,2pop,10,701,800,10,0.0184049,0.0252813
Model5,2pop,10,801,900,10,0.0201225,0.0111888
Model5,2pop,10,901,1000,5,-0.026455,-0.0266356
Model5,2pop,6,1,100,13,0.0619688,0.0616574
Model5,2pop,6,101,200,15,0.00545215,0.0194693
Model5,2pop,6,201,300,11,0.0802883,0.0551947
Model5,2pop,6,301,400,16,0.0764396,0.0856938
Model5,2pop,6,401,500,14,0.0498181,0.0512583
Model5,2pop,6,501,600,15,0.0491642,0.0380234
Model5,2pop,6,601,700,13,0.0384088,0.0343399
Model5,2pop,6,701,800,11,0.0649802,0.0408008
Model5,2pop,6,801,900,14,0.0625,0.041428
Model5,2pop,6,901,1000,19,0.0540837,0.0619003
Model5,2pop,4,1,100,5,-0.0116086,0.0103686
Model5,2pop,4,101,200,5,0.12963,0.0777778
Model5,2pop,4,201,300,12,0.0585242,0.0459402
Model5,2pop,4,301,400,14,0.0568248,0.0517638
Model5,2pop,4,401,500,7,0.146465,0.116402
Model5,2pop,4,501,600,6,0.0364026,0.0662909
Model5,2pop,4,601,700,16,0.0767974,0.0728074
Model5,2pop,4,701,800,6,0.0217391,0.0395623
Model5,2pop,4,801,900,9,0.0888889,0.0679012
Model5,2pop,4,901,1000,13,0.0647683,0.0689588
Model5,2pop,14,1,100,14,-0.002002,0.000152042
Model5,2pop,14,101,200,12,-0.00886993,0.00947748
Model5,2pop,14,201,300,15,-0.00194407,0.0117189
Model5,2pop,14,301,400,9,-0.00387251,0.0161443
Model5,2pop,14,401,500,13,0.00625978,0.0230931
Model5,2pop,14,501,600,10,-0.0042061,0.00497463
Model5,2pop,14,601,700,22,-0.00791337,-0.00118726
Model5,2pop,14,701,800,14,-0.00356406,0.00294494
Model5,2pop,14,801,900,11,-0.00310697,-0.00366975
Model5,2pop,14,901,1000,18,0.00312439,0.010921
Model5,2pop,18,1,100,9,0.0782123,0.0462724
Model5,2pop,18,101,200,8,0.0483785,0.0270535
Model5,2pop,18,201,300,12,0.0883191,0.071203
Model5,2pop,18,301,400,7,0.0666667,0.0511156
Model5,2pop,18,401,500,7,0.0712468,0.0378984
Model5,2pop,18,501,600,7,0.0677966,0.0533407
Model5,2pop,18,601,700,10,0.0966576,0.0725356
Model5,2pop,18,701,800,13,0.0679384,0.0469661
Model5,2pop,18,801,900,11,0.0843621,0.0586093
Model5,2pop,18,901,1000,13,0.0343326,0.0241901
Model5,2pop,13,1,100,8,-0.0319108,-0.0283814
Model5,2pop,13,101,200,13,-0.030445,-0.0200532
Model5,2pop,13,201,300,9,-0.0358202,-0.0313781
Model5,2pop,13,301,400,9,0.0136661,0.0184846
Model5,2pop,13,401,500,11,-0.0265233,-0.0174579
Model5,2pop,13,501,600,10,-0.0288066,-0.0220028
Model5,2pop,13,601,700,5,0.0380313,0.00988419
Model5,2pop,13,701,800,6,-0.043585,-0.0325789
Model5,2pop,13,801,900,4,-0.0341034,-0.0341034
Model5,2pop,13,901,1000,9,-0.0375743,-0.0224282
Model5,2pop,2,1,100,2,0.0641711,0.0678694
Model5,2pop,2,101,200,7,0.0932312,0.0803557
Model5,2pop,2,201,300,8,0.0601354,0.0561125
Model5,2pop,2,301,400,10,0.188713,0.105556
Model5,2pop,2,401,500,11,0.103496,0.0625978
Model5,2pop,2,501,600,13,0.0318389,0.0479386
Model5,2pop,2,601,700,8,0.0628816,0.0627045
Model5,2pop,2,701,800,7,0.0711998,0.0860976
Model5,2pop,2,801,900,12,0.0800478,0.0739198
Model5,2pop,2,901,1000,16,0.13081,0.105014
Model5,2pop,17,1,100,17,0.00078064,0.00973969
Model5,2pop,17,101,200,15,0.00448934,0.00844903
Model5,2pop,17,201,300,20,0.0514143,0.0336072
Model5,2pop,17,301,400,5,-0.0105581,-0.00868771
Model5,2pop,17,401,500,13,0.00624462,0.00768301
Model5,2pop,17,501,600,16,-0.00902643,-0.00601183
Model5,2pop,17,601,700,8,0.00436954,0.00634021
Model5,2pop,17,701,800,16,0.0535732,0.0145588
Model5,2pop,17,801,900,11,0.0654893,0.0276776
Model5,2pop,17,901,1000,11,-0.000526593,0.00377365
Model5,2pop,8,1,100,6,0.0106545,0.0170565
Model5,2pop,8,101,200,10,-0.0204082,-0.0045431
Model5,2pop,8,201,300,4,-0.00925926,-0.00308642
Model5,2pop,8,301,400,6,-0.017094,-0.0102184
Model5,2pop,8,401,500,11,-0.0185185,-0.00253049
Model5,2pop,8,501,600,8,-0.032274,-0.0175715
Model5,2pop,8,601,700,8,-0.0366232,-0.0183768
Model5,2pop,8,701,800,7,-0.00358423,0.002886
Model5,2pop,8,801,900,6,-0.030303,-0.0142917
Model5,2pop,8,901,1000,9,-0.032203,-0.0272812
Model5,2pop,14,1,100,14,0.144463,0.122748
Model5,2pop,14,101,200,17,0.126773,0.107613
Model5,2pop,14,201,300,17,0.144109,0.0811471
Model5,2pop,14,301,400,12,0.0946502,0.0747423
Model5,2pop,14,401,500,16,0.123988,0.0889531
Model5,2pop,14,501,600,13,0.130796,0.118684
Model5,2pop,14,601,700,20,0.102457,0.081411
Model5,2pop,14,701,800,10,0.128677,0.117594
Model5,2pop,14,801,900,11,0.192136,0.156551
Model5,2pop,14,901,1000,18,0.11551,0.0797319
Model5,2pop,13,1,100,12,0.0755141,0.0548833
Model5,2pop,13,101,200,8,0.10246,0.0568239
Model5,2pop,13,201,300,11,0.0686275,0.0434607
Model5,2pop,13,301,400,11,0.0404785,0.0297164
Model5,2pop,13,401,500,6,0.067086,0.0449489
Model5,2pop,13,501,600,10,0.122914,0.0964895
Model5,2pop,13,601,700,7,0.0842064,0.0682628
Model5,2pop,13,701,800,10,0.0851757,0.0640089
Model5,2pop,13,801,900,16,0.0485616,0.0188649
Model5,2pop,13,901,1000,13,0.0593998,0.0472034
Model5,2pop,7,1,100,12,0.0353324,0.0243572
Model5,2pop,7,101,200,6,0.0416667,0.0185185
Model5,2pop,7,201,300,9,0.0371312,0.0214524
Model5,2pop,7,301,400,13,0.0665949,0.0428245
Model5,2pop,7,401,500,12,0.154838,0.109878
Model5,2pop,7,501,600,10,0.0413943,0.0266168
Model5,2pop,7,601,700,6,0.0860215,0.0726727
Model5,2pop,7,701,800,5,0.172175,0.103786
Model5,2pop,7,801,900,10,0.156714,0.0827373
Model5,2pop,7,901,1000,9,0.0300654,0.0163576
Model5,2pop,12,1,100,9,0.0103661,-0.00316436
Model5,2pop,12,101,200,7,0.254658,0.127258
Model5,2pop,12,201,300,5,0.24322,0.14458
Model5,2pop,12,301,400,11,0.15404,0.0638576
Model5,2pop,12,401,500,19,0.240375,0.112521
Model5,2pop,12,501,600,9,0.275452,0.201866
Model5,2pop,12,601,700,7,0.21156,0.0795432
Model5,2pop,12,701,800,8,0.226354,0.135837
Model5,2pop,12,801,900,13,0.215992,0.121699
Model5,2pop,12,901,1000,7,0.118774,0.056759
Model5,2pop,4,1,100,8,0.0223464,0.00999869
Model5,2pop,4,101,200,7,-0.0132412,-0.0103745
Model5,2pop,4,201,300,9,0.0335306,0.0153082
Model5,2pop,4,301,400,5,0.0219907,0.0350427
Model5,2pop,4,401,500,12,0.0426997,0.0326787
Model5,2pop,4,501,600,10,0.0397447,0.029619
Model5,2pop,4,601,700,9,0.0341322,0.00943581
Model5,2pop,4,701,800,20,0.0561829,0.0358856
Model5,2pop,4,801,900,10,0.0228311,0.000927482
Model5,2pop,4,901,1000,10,0.0431373,0.0231079
Model5,2pop,5,1,100,14,0.0268817,0.00193582
Model5,2pop,5,101,200,19,0.0424499,0.0304326
Model5,2pop,5,201,300,8,0.0687219,0.0381737
Model5,2pop,5,301,400,13,0.00161031,-0.00432576
Model5,2pop,5,401,500,14,0.0179003,0.0135182
Model5,2pop,5,501,600,12,-0.0181959,-0.0104943
Model5,2pop,5,601,700,16,0.0376851,0.0194865
Model5,2pop,5,701,800,11,0.024531,0.0148482
Model5,2pop,5,801,900,20,0.0406196,0.0281919
Model5,2pop,5,901,1000,12,0.084533,0.0374627
Model5,2pop,5,1,100,10,0.102477,0.0788109
Model5,2pop,5,101,200,17,0.0620915,0.0354133
Model5,2pop,5,201,300,18,0.0713871,0.0509392
Model5,2pop,5,301,400,15,0.0351655,0.0304715
Model5,2pop,5,401,500,14,0.052774,0.0414126
Model5,2pop,5,501,600,13,0.102362,0.0754109
Model5,2pop,5,601,700,15,0.0328467,0.0262787
Model5,2pop,5,701,800,15,0.0625862,0.0549197
Model5,2pop,5,801,900,16,0.0319032,0.024819
Model5,2pop,5,901,1000,16,0.0849673,0.062342
Model5,2pop,13,1,100,12,0.0353324,0.0243572
Model5,2pop,13,101,200,6,0.0416667,0.0185185
Model5,2pop,13,201,300,9,0.0371312,0.0214524
Model5,2pop,13,301,400,13,0.0665949,0.0428245
Model5,2pop,13,401,500,12,0.154838,0.109878
Model5,2pop,13,501,600,10,0.0413943,0.0266168
Model5,2pop,13,601,700,6,0.0860215,0.0726727
Model5,2pop,13,701,800,5,0.172175,0.103786
Model5,2pop,13,801,900,10,0.156714,0.0827373
Model5,2pop,13,901,1000,9,0.0300654,0.0163576
Model5,2pop,14,1,100,14,-0.00718325,0.00633758
Model5,2pop,14,101,200,13,-0.000649773,0.0105862
Model5,2pop,14,201,300,11,-0.0367063,-0.0153549
Model5,2pop,14,301,400,11,-0.0364232,-0.0128692
Model5,2pop,14,401,500,13,-0.0215794,0.00496364
Model5,2pop,14,501,600,10,-0.00112803,0.0180258
Model5,2pop,14,601,700,12,-0.00391672,0.00516382
Model5,2pop,14,701,800,9,-0.003861,0.0153756
Model5,2pop,14,801,900,8,-0.0276474,-0.00709888
Model5,2pop,14,901,1000,15,-0.0187385,-0.00475324
Model5,2pop,9,1,100,13,0.0676199,0.0672352
Model5,2pop,9,101,200,14,0.125817,0.0562094
Model5,2pop,9,201,300,16,0.058234,0.0311935
Model5,2pop,9,301,400,11,0.0700483,0.0485772
Model5,2pop,9,401,500,12,0.0771679,0.0503278
Model5,2pop,9,501,600,14,0.0689772,0.0618919
Model5,2pop,9,601,700,14,0.0830831,0.0624098
Model5,2pop,9,701,800,17,0.0470706,0.0333819
Model5,2pop,9,801,900,12,0.0833333,0.0606061
Model5,2pop,9,901,1000,14,0.0606217,0.0554042
Model5,2pop,10,1,100,8,0.0673666,0.0321034
Model5,2pop,10,101,200,9,0.211167,0.153632
Model5,2pop,10,201,300,20,0.319367,0.172364
Model5,2pop,10,301,400,17,0.251059,0.0966798
Model5,2pop,10,401,500,10,0.171583,0.0802341
Model5,2pop,10,501,600,10,0.132791,0.0838622
Model5,2pop,10,601,700,10,0.264843,0.148383
Model5,2pop,10,701,800,11,0.399965,0.182239
Model5,2pop,10,801,900,12,0.308423,0.149691
Model5,2pop,10,901,1000,9,0.296636,0.181501
Model5,2pop,8,1,100,8,0.18743,0.0705943
Model5,2pop,8,101,200,6,0.0909091,0.0462963
Model5,2pop,8,201,300,6,0.100775,0.0671261
Model5,2pop,8,301,400,6,0.131206,0.0743278
Model5,2pop,8,401,500,9,0.132485,0.0736151
Model5,2pop,8,501,600,7,0.15847,0.121029
Model5,2pop,8,601,700,3,0.259259,0.111111
Model5,2pop,8,701,800,6,0.147641,0.0984823
Model5,2pop,8,801,900,5,0.183838,0.14101
Model5,2pop,8,901,1000,6,0.0397805,0.0390947
Model5,2pop,10,1,100,10,0.0797721,0.0719282
Model5,2pop,10,101,200,14,0.117395,0.102085
Model5,2pop,10,201,300,12,0.109565,0.115835
Model5,2pop,10,301,400,17,0.0948509,0.090305
Model5,2pop,10,401,500,13,0.0789282,0.0958958
Model5,2pop,10,501,600,17,0.144571,0.0820433
Model5,2pop,10,601,700,11,0.12037,0.112847
Model5,2pop,10,701,800,20,0.118271,0.0884831
Model5,2pop,10,801,900,16,0.0544518,0.0562952
Model5,2pop,10,901,1000,19,0.0753063,0.0774639
Model5,2pop,0,1,100,10,0.0990028,0.0685046
Model5,2pop,0,101,200,9,0.103079,0.0907446
Model5,2pop,0,201,300,9,0.154437,0.109641
Model5,2pop,0,301,400,5,0.121212,0.0666667
Model5,2pop,0,401,500,5,0.095679,0.0511111
Model5,2pop,0,501,600,14,0.166079,0.10693
Model5,2pop,0,601,700,9,0.218954,0.154321
Model5,2pop,0,701,800,13,0.20155,0.128205
Model5,2pop,0,801,900,10,0.0533981,0.0595441
Model5,2pop,0,901,1000,4,0.150794,0.138889
Model5,2pop,7,1,100,4,-0.00465735,0.00670703
Model5,2pop,7,101,200,11,-0.00177305,0.0138032
Model5,2pop,7,201,300,11,0.0698071,0.0543177
Model5,2pop,7,301,400,13,0.0325254,0.0352719
Model5,2pop,7,401,500,10,0.010734,0.0160451
Model5,2pop,7,501,600,10,0.0981735,0.0595041
Model5,2pop,7,601,700,5,0.0506716,0.0656884
Model5,2pop,7,701,800,7,0.045045,0.038665
Model5,2pop,7,801,900,12,0.0920782,0.0629038
Model5,2pop,7,901,1000,5,-0.030303,-0.0197802
Model5,2pop,9,1,100,14,-0.00436681,-0.000614417
Model5,2pop,9,101,200,18,0.00332226,0.00580214
Model5,2pop,9,201,300,20,0.0137741,0.0117288
Model5,2pop,9,301,400,21,0.00900901,0.0149223
Model5,2pop,9,401,500,18,0.0417728,0.0351366
Model5,2pop,9,501,600,14,0.00226757,0.000612858
Model5,2pop,9,601,700,12,0.019883,0.0206841
Model5,2pop,9,701,800,19,0.0032075,0.00494755
Model5,2pop,9,801,900,16,0.0123457,0.0109748
Model5,2pop,9,901,1000,17,-0.00839208,0.00063317
Model5,2pop,2,1,100,14,0.196823,0.103066
Model5,2pop,2,101,200,12,0.0646044,0.0395117
Model5,2pop,2,201,300,13,0.0559733,0.04066
Model5,2pop,2,301,400,15,0.0386016,0.0224181
Model5,2pop,2,401,500,13,0.0193752,0.00612351
Model5,2pop,2,501,600,13,0.0783286,0.0619705
Model5,2pop,2,601,700,7,0.0177778,0.00328111
Model5,2pop,2,701,800,10,0.042328,0.0333053
Model5,2pop,2,801,900,13,0.027027,0.00828801
Model5,2pop,2,901,1000,10,0.0410474,0.0269585
Model5,2pop,15,1,100,13,-0.0171597,-0.015338
Model5,2pop,15,101,200,12,-0.0243701,-0.0133763
Model5,2pop,15,201,300,12,-0.0296296,-0.0142525
Model5,2pop,15,301,400,15,-0.00182149,0.0184499
Model5,2pop,15,401,500,17,-0.025,-0.0151559
Model5,2pop,15,501,600,11,-0.0275165,-0.00929654
Model5,2pop,15,601,700,7,-0.0205993,0.00471173
Model5,2pop,15,701,800,11,-0.0224193,-0.00662041
Model5,2pop,15,801,900,12,0.0218254,0.017049
Model5,2pop,15,901,1000,9,0.0350877,0.0364867
Model5,2pop,17,1,100,6,0.162037,0.102357
Model5,2pop,17,101,200,7,0.0138889,0.00793651
Model5,2pop,17,201,300,10,0.120854,0.068422
Model5,2pop,17,301,400,8,0.0606061,0.0208333
Model5,2pop,17,401,500,10,0.123485,0.0656347
Model5,2pop,17,501,600,9,0.126409,0.0732329
Model5,2pop,17,601,700,8,0.137222,0.103727
Model5,2pop,17,701,800,6,0.130719,0.0412458
Model5,2pop,17,801,900,9,0.0282756,0.0218424
Model5,2pop,17,901,1000,9,0.110607,0.0582732
Model5,2pop,14,1,100,9,0.138138,0.076602
Model5,2pop,14,101,200,6,0.0708812,0.0759847
Model5,2pop,14,201,300,13,0.132791,0.0872456
Model5,2pop,14,301,400,7,0.194377,0.179066
Model5,2pop,14,401,500,10,0.205394,0.0972889
Model5,2pop,14,501,600,8,0.142119,0.121282
Model5,2pop,14,601,700,12,0.0508584,0.0418795
Model5,2pop,14,701,800,12,0.284463,0.149074
Model5,2pop,14,801,900,16,0.119318,0.0955018
Model5,2pop,14,901,1000,13,0.183183,0.136182
Model5,2pop,6,1,100,9,0.0594394,0.0600597
Model5,2pop,6,101,200,9,0.15717,0.133247
Model5,2pop,6,201,300,11,0.0433447,0.0470879
Model5,2pop,6,301,400,12,0.0676884,0.0355761
Model5,2pop,6,401,500,12,0.0848796,0.0796378
Model5,2pop,6,501,600,14,0.0485222,0.0562821
Model5,2pop,6,601,700,12,0.01534,0.0241334
Model5,2pop,6,701,800,9,0.00377094,0.0184435
Model5,2pop,6,801,900,12,0.0907219,0.0830415
Model5,2pop,6,901,1000,12,0.0178438,0.0304343
Model5,2pop,8,1,100,13,0.0658295,0.0438204
Model5,2pop,8,101,200,11,0.0575916,0.03367
Model5,2pop,8,201,300,14,0.0421456,0.0230707
Model5,2pop,8,301,400,15,0.00747329,0.00898594
Model5,2pop,8,401,500,17,0.0362185,0.0426731
Model5,2pop,8,501,600,15,0.0239551,0.0276588
Model5,2pop,8,601,700,18,0.0429119,0.0365834
Model5,2pop,8,701,800,12,0.0169082,0.0264078
Model5,2pop,8,801,900,17,0.0133541,0.0219051
Model5,2pop,8,901,1000,17,0.0144344,0.0177973
Model5,2pop,9,1,100,13,0.028462,0.0209914
Model5,2pop,9,101,200,9,0.0130354,0.0223142
Model5,2pop,9,201,300,11,-0.00875805,0.00757094
Model5,2pop,9,301,400,17,-0.0047619,0.00965856
Model5,2pop,9,401,500,12,0.0226682,0.0356044
Model5,2pop,9,501,600,16,0.0753296,0.0415972
Model5,2pop,9,601,700,15,0.00469956,0.011544
Model5,2pop,9,701,800,14,0.00202634,0.00327904
Model5,2pop,9,801,900,9,0.00870223,0.0193992
Model5,2pop,9,901,1000,11,-0.00762527,0.00425685
Model5,2pop,13,1,100,10,0.0377187,0.0361887
Model5,2pop,13,101,200,7,0.02207,0.0337302
Model5,2pop,13,201,300,15,0.0335731,0.0332215
Model5,2pop,13,301,400,9,0.0322581,0.0382243
Model5,2pop,13,401,500,11,0.0449647,0.0322314
Model5,2pop,13,501,600,7,0.0291529,0.0423589
Model5,2pop,13,601,700,14,0.0766982,0.0589528
Model5,2pop,13,701,800,13,0.0581098,0.0456727
Model5,2pop,13,801,900,9,0.0252525,0.0222458
Model5,2pop,13,901,1000,18,0.0904215,0.0738356
Model5,2pop,5,1,100,15,0.266808,0.141055
Model5,2pop,5,101,200,14,0.226977,0.172093
Model5,2pop,5,201,300,15,0.232339,0.121315
Model5,2pop,5,301,400,14,0.262626,0.17971
Model5,2pop,5,401,500,14,0.234306,0.183893
Model5,2pop,5,501,600,14,0.277167,0.200074
Model5,2pop,5,601,700,11,0.24856,0.13674
Model5,2pop,5,701,800,11,0.209919,0.111928
Model5,2pop,5,801,900,13,0.274074,0.159829
Model5,2pop,5,901,1000,14,0.221848,0.110744
Model5,2pop,0,1,100,9,-0.0182517,0.00362503
Model5,2pop,0,101,200,7,-0.00143062,0.03025
Model5,2pop,0,201,300,8,0.112603,0.0654697
Model5,2pop,0,301,400,12,0.0657439,0.0477947
Model5,2pop,0,401,500,8,0.0205188,0.0407604
Model5,2pop,0,501,600,9,0.0936391,0.070216
Model5,2pop,0,601,700,11,0.0879315,0.0636519
Model5,2pop,0,701,800,13,0.0927835,0.0635808
Model5,2pop,0,801,900,12,0.101034,0.0540887
Model5,2pop,0,901,1000,10,0.0230429,0.0204313
Model5,2pop,12,1,100,12,0.0894309,0.0773974
Model5,2pop,12,101,200,11,0.0972222,0.0748727
Model5,2pop,12,201,300,9,0.15873,0.08096
Model5,2pop,12,301,400,6,0.185185,0.0659519
Model5,2pop,12,401,500,7,0.0555556,0.0396825
Model5,2pop,12,501,600,7,0.134974,0.0700381
Model5,2pop,12,601,700,12,0.143864,0.065019
Model5,2pop,12,701,800,8,0.152915,0.0446429
Model5,2pop,12,801,900,12,0.127169,0.074073
Model5,2pop,12,901,1000,11,0.32381,0.117172
Model5,2pop,15,1,100,31,0.12577,0.107475
Model5,2pop,15,101,200,32,0.115162,0.0800291
Model5,2pop,15,201,300,17,0.133681,0.0928922
Model5,2pop,15,301,400,21,0.107232,0.0572562
Model5,2pop,15,401,500,22,0.110055,0.0751888
Model5,2pop,15,501,600,25,0.111462,0.0747683
Model5,2pop,15,601,700,20,0.148763,0.110913
Model5,2pop,15,701,800,31,0.113239,0.0774907
Model5,2pop,15,801,900,22,0.106393,0.0537968
Model5,2pop,15,901,1000,19,0.0808217,0.0543684
Model5,2pop,18,1,100,7,0.0246914,0.015873
Model5,2pop,18,101,200,10,0.0396825,0.0222222
Model5,2pop,18,201,300,9,0.0545809,0.0517241
Model5,2pop,18,301,400,5,0.00854701,0.015873
Model5,2pop,18,401,500,5,0.0104167,0.0190294
Model5,2pop,18,501,600,5,0.0833333,0.0703704
Model5,2pop,18,601,700,5,0.0594059,0.0748792
Model5,2pop,18,701,800,4,0.0883191,0.0716967
Model5,2pop,18,801,900,4,0.00383142,0.00691024
Model5,2pop,18,901,1000,4,0.063409,0.0562052
Model5,2pop,12,1,100,8,0.148352,0.130482
Model5,2pop,12,101,200,6,0.161111,0.12963
Model5,2pop,12,201,300,8,0.0972222,0.0512452
Model5,2pop,12,301,400,7,0.0583804,0.0343957
Model5,2pop,12,401,500,7,0.106408,0.0718463
Model5,2pop,12,501,600,8,0.0622537,0.0555855
Model5,2pop,12,601,700,8,0.161736,0.141523
Model5,2pop,12,701,800,8,0.0253411,0.0268091
Model5,2pop,12,801,900,16,0.0987775,0.0612818
Model5,2pop,12,901,1000,7,0.181818,0.119048
Model5,2pop,3,1,100,12,-0.0134821,-0.00879545
Model5,2pop,3,101,200,9,0.00597907,0.0229081
Model5,2pop,3,201,300,6,0.00140647,0.00246019
Model5,2pop,3,301,400,12,-0.00402884,-0.0066663
Model5,2pop,3,401,500,9,-0.0130719,-0.00937146
Model5,2pop,3,501,600,10,0.0128317,0.00665089
Model5,2pop,3,601,700,11,-0.00084016,-0.000834135
Model5,2pop,3,701,800,7,-0.00192678,0.00934744
Model5,2pop,3,801,900,7,-0.0362694,-0.027801
Model5,2pop,3,901,1000,7,0.0171682,0.0287315
Model5,2pop,19,1,100,19,-0.0272259,-0.0146098
Model5,2pop,19,101,200,21,-0.00677446,-0.00504214
Model5,2pop,19,201,300,11,-0.0212881,-0.014878
Model5,2pop,19,301,400,16,-0.0317893,-0.0150544
Model5,2pop,19,401,500,19,0.021079,0.0284878
Model5,2pop,19,501,600,14,-0.0221074,-0.0104539
Model5,2pop,19,601,700,21,-0.0321689,-0.0206598
Model5,2pop,19,701,800,17,-0.00358423,0.0090879
Model5,2pop,19,801,900,16,-0.0247245,-0.0119656
Model5,2pop,19,901,1000,18,-0.00623434,-0.00690392
Model5,2pop,10,1,100,8,0.163776,0.0755997
Model5,2pop,10,101,200,7,0.0832088,0.0413454
Model5,2pop,10,201,300,12,0.202621,0.154482
Model5,2pop,10,301,400,16,0.237157,0.140943
Model5,2pop,10,401,500,13,0.128371,0.0825647
Model5,2pop,10,501,600,15,0.217041,0.102976
Model5,2pop,10,601,700,17,0.27208,0.170051
Model5,2pop,10,701,800,14,0.105643,0.0525846
Model5,2pop,10,801,900,9,0.299006,0.239989
Model5,2pop,10,901,1000,13,0.211029,0.131644
Model5,2pop,2,1,100,12,0.283582,0.241733
Model5,2pop,2,101,200,15,0.234153,0.17688
Model5,2pop,2,201,300,22,0.281787,0.207986
Model5,2pop,2,301,400,14,0.169719,0.107027
Model5,2pop,2,401,500,10,0.240102,0.160286
Model5,2pop,2,501,600,10,0.297552,0.229678
Model5,2pop,2,601,700,19,0.293138,0.247824
Model5,2pop,2,701,800,19,0.280928,0.229328
Model5,2pop,2,801,900,13,0.269966,0.232497
Model5,2pop,2,901,1000,12,0.277286,0.232308
Model5,2pop,12,1,100,10,0.245469,0.107782
Model5,2pop,12,101,200,9,0.300926,0.167119
Model5,2pop,12,201,300,17,0.121536,0.0873569
Model5,2pop,12,301,400,19,0.100838,0.0577159
Model5,2pop,12,401,500,14,0.17618,0.0906003
Model5,2pop,12,501,600,9,0.158938,0.105874
Model5,2pop,12,601,700,19,0.161283,0.0925095
Model5,2pop,12,701,800,14,0.0899019,0.0642002
Model5,2pop,12,801,900,13,0.19533,0.0814393
Model5,2pop,12,901,1000,16,0.122807,0.0710604
Model5,2pop,12,1,100,12,0.0258031,0.0277478
Model5,2pop,12,101,200,13,-0.00609756,0.0113137
Model5,2pop,12,201,300,10,0.0372671,0.0331881
Model5,2pop,12,301,400,5,-0.0108932,0.00138133
Model5,2pop,12,401,500,9,0.0547915,0.0498145
Model5,2pop,12,501,600,12,0.0593705,0.0431171
Model5,2pop,12,601,700,11,0.00188324,0.0248092
Model5,2pop,12,701,800,7,0.0239411,0.0259909
Model5,2pop,12,801,900,7,-0.00529101,-0.00146224
Model5,2pop,12,901,1000,8,0.0251572,0.0196597
Model5,2pop,0,1,100,29,-0.0212545,-0.0172381
Model5,2pop,0,101,200,14,-0.0224344,-0.0155787
Model5,2pop,0,201,300,20,-0.0258258,-0.0175931
Model5,2pop,0,301,400,18,-0.0279537,-0.0219597
Model5,2pop,0,401,500,10,-0.0365226,-0.0361542
Model5,2pop,0,501,600,16,-0.0202562,-0.0160107
Model5,2pop,0,601,700,23,-0.0221794,-0.0148828
Model5,2pop,0,701,800,14,-0.0079758,-0.0151871
Model5,2pop,0,801,900,20,-0.0147336,-0.0201697
Model5,2pop,0,901,1000,15,-0.0221575,-0.0112768
Model5,2pop,2,1,100,8,-0.025641,-0.0169709
Model5,2pop,2,101,200,5,0.0222222,0.0220196
Model5,2pop,2,201,300,6,-0.0536398,-0.0295567
Model5,2pop,2,301,400,4,-0.0539216,-0.0316092
Model5,2pop,2,401,500,5,0.0325019,0.0434493
Model5,2pop,2,501,600,10,0.0343915,0.0182368
Model5,2pop,2,601,700,5,0.0797286,0.0580332
Model5,2pop,2,701,800,12,0.0399137,0.0237142
Model5,2pop,2,801,900,8,0.0396825,0.0283873
Model5,2pop,2,901,1000,8,0.0327738,0.0278249
Model5,2pop,0,1,100,11,0.243028,0.187322
Model5,2pop,0,101,200,10,0.0434783,0.0340971
Model5,2pop,0,201,300,17,0.242372,0.139027
Model5,2pop,0,301,400,11,0.198672,0.161612
Model5,2pop,0,401,500,6,0.191919,0.130329
Model5,2pop,0,501,600,9,0.160734,0.113908
Model5,2pop,0,601,700,8,0.109216,0.0846314
Model5,2pop,0,701,800,12,0.217263,0.156282
Model5,2pop,0,801,900,16,0.0863073,0.0686747
Model5,2pop,0,901,1000,14,0.0812434,0.0662188
Model5,2pop,14,1,100,7,0.116162,0.074106
Model5,2pop,14,101,200,4,0.0541781,-0.0021473
Model5,2pop,14,201,300,5,-0.0144928,0.0040404
Model5,2pop,14,301,400,6,0.0270581,0.0226748
Model5,2pop,14,401,500,6,0.0335648,0.018992
Model5,2pop,14,501,600,5,0.0935673,0.0409722
Model5,2pop,14,601,700,4,-0.00529101,0.00505051
Model5,2pop,14,701,800,6,0.100529,0.0894603
Model5,2pop,14,801,900,2,0.037037,0.0277778
Model5,2pop,14,901,1000,9,0.0552585,0.0421577
Model5,2pop,19,1,100,9,-0.0148148,-0.01186
Model5,2pop,19,101,200,18,-0.0171569,-0.0108536
Model5,2pop,19,201,300,20,-0.00963978,-0.00313701
Model5,2pop,19,301,400,17,-0.00850191,0.00589218
Model5,2pop,19,401,500,17,-0.0173314,-0.00378608
Model5,2pop,19,501,600,19,0.0116203,0.011828
Model5,2pop,19,601,700,11,0.0105194,0.0275337
Model5,2pop,19,701,800,21,-0.0177151,-0.0200443
Model5,2pop,19,801,900,19,0.0262935,0.00644265
Model5,2pop,19,901,1000,13,0.0217162,0.0160762
Model5,2pop,1,1,100,15,0.0131212,0.0441188
Model5,2pop,1,101,200,9,0.0204194,0.0477682
Model5,2pop,1,201,300,15,0.0149724,0.0387513
Model5,2pop,1,301,400,15,0.0217905,0.0523907
Model5,2pop,1,401,500,11,0.0371081,0.0574981
Model5,2pop,1,501,600,11,0.0275808,0.0532188
Model5,2pop,1,601,700,12,-0.000151999,0.031392
Model5,2pop,1,701,800,10,-0.0194327,-0.0108698
Model5,2pop,1,801,900,12,0.00835422,0.0194931
Model5,2pop,1,901,1000,6,-0.00202943,0.0299387
Model5,2pop,13,1,100,20,0.0366667,0.0316676
Model5,2pop,13,101,200,18,0.0480349,0.0339158
Model5,2pop,13,201,300,15,0.034034,0.028311
Model5,2pop,13,301,400,11,0.0539311,0.046768
Model5,2pop,13,401,500,18,0.0423163,0.0380088
Model5,2pop,13,501,600,15,0.0428016,0.041173
Model5,2pop,13,601,700,18,0.0572853,0.0451249
Model5,2pop,13,701,800,11,0.0442492,0.0379213
Model5,2pop,13,801,900,15,0.0473232,0.0452393
Model5,2pop,13,901,1000,14,0.031595,0.0257613
Model5,2pop,8,1,100,8,-0.0263653,-0.0157941
Model5,2pop,8,101,200,13,0.085213,0.0454849
Model5,2pop,8,201,300,11,0.0646976,0.0235463
Model5,2pop,8,301,400,6,0.0740741,0.0611916
Model5,2pop,8,401,500,9,-0.0309997,-0.0158421
Model5,2pop,8,501,600,9,0.01766,0.0157814
Model5,2pop,8,601,700,10,0.0262626,0.031476
Model5,2pop,8,701,800,10,-0.00319744,0.0048407
Model5,2pop,8,801,900,12,0.0386285,0.0208072
Model5,2pop,8,901,1000,14,0.0807094,0.0522308
Model5,2pop,14,1,100,8,0.0249433,0.0251502
Model5,2pop,14,101,200,4,0.037037,0.0277778
Model5,2pop,14,201,300,6,0.0932312,0.0608866
Model5,2pop,14,301,400,8,-0.0454545,-0.011178
Model5,2pop,14,401,500,6,-0.0322156,0.00561167
Model5,2pop,14,501,600,8,0.00574006,0.0234071
Model5,2pop,14,601,700,7,0.0466798,0.0320474
Model5,2pop,14,701,800,6,-0.0283688,0.006099
Model5,2pop,14,801,900,2,0.037037,0.0277778
Model5,2pop,14,901,1000,8,0.0240811,0.0349893
Model5,2pop,14,1,100,10,-0.000581734,-0.00857426
Model5,2pop,14,101,200,13,-0.00815617,-0.016465
Model5,2pop,14,201,300,14,-0.0020694,-0.00800848
Model5,2pop,14,301,400,7,-0.000277085,-0.0155027
Model5,2pop,14,401,500,7,-0.00160256,-0.0088961
Model5,2pop,14,501,600,13,-0.00628931,-0.0197519
Model5,2pop,14,601,700,10,-0.00319434,-0.0144155
Model5,2pop,14,701,800,12,-0.0107717,-0.0118494
Model5,2pop,14,801,900,12,-0.0104042,-0.0155794
Model5,2pop,14,901,1000,13,0.00493685,0.00430407
Model5,2pop,6,1,100,14,-0.00589733,0.000338869
Model5,2pop,6,101,200,9,0.0189426,0.0249034
Model5,2pop,6,201,300,6,0.0157281,0.0188701
Model5,2pop,6,301,400,11,-0.0337972,-0.0189621
Model5,2pop,6,401,500,13,-0.0327635,-0.0187928
Model5,2pop,6,501,600,10,0.0154015,0.011996
Model5,2pop,6,601,700,12,-0.00217865,0.00894592
Model5,2pop,6,701,800,13,-0.0138399,-0.0182982
Model5,2pop,6,801,900,11,-0.00757225,-0.00564052
Model5,2pop,6,901,1000,18,-0.0210804,-0.012801
Model5,2pop,2,1,100,16,0.00092771,0.00724097
Model5,2pop,2,101,200,8,0.0197531,0.0318376
Model5,2pop,2,201,300,14,0.0163934,0.0168792
Model5,2pop,2,301,400,13,0.0376648,0.0295639
Model5,2pop,2,401,500,17,-0.0187198,-0.0141223
Model5,2pop,2,501,600,14,0.00386239,0.006349
Model5,2pop,2,601,700,13,0.0419287,0.0338374
Model5,2pop,2,701,800,11,-0.00992908,0.000248209
Model5,2pop,2,801,900,11,0.033093,0.0365
Model5,2pop,2,901,1000,7,0.0156379,0.0137495
Model5,2pop,11,1,100,14,0.0746934,0.0476744
Model5,2pop,11,101,200,14,0.101881,0.0464152
Model5,2pop,11,201,300,14,0.0853401,0.0518728
Model5,2pop,11,301,400,5,0.0668119,0.0345029
Model5,2pop,11,401,500,8,0.0817445,0.0660757
Model5,2pop,11,501,600,14,0.0522088,0.0362638
Model5,2pop,11,601,700,11,0.087244,0.0709729
Model5,2pop,11,701,800,13,0.0760234,0.0548947
Model5,2pop,11,801,900,11,0.051186,0.0227646
Model5,2pop,11,901,1000,14,0.0979257,0.0593981
Model5,2pop,4,1,100,9,0.0467836,0.0740741
Model5,2pop,4,101,200,10,0.026956,0.0494058
Model5,2pop,4,201,300,9,0.0431067,0.0649964
Model5,2pop,4,301,400,16,0.00532269,0.00918173
Model5,2pop,4,401,500,13,0.0134239,0.0257413
Model5,2pop,4,501,600,14,0.0191898,0.0367622
Model5,2pop,4,601,700,10,0.0105668,0.028836
Model5,2pop,4,701,800,15,0.0248963,0.0361326
Model5,2pop,4,801,900,7,-0.00476714,0.00577201
Model5,2pop,4,901,1000,12,0.00966184,0.0176034
Model5,2pop,3,1,100,11,-0.0322431,-0.0177681
Model5,2pop,3,101,200,5,-0.0279667,-0.0107838
Model5,2pop,3,201,300,10,-0.0251323,-0.00952381
Model5,2pop,3,301,400,7,-0.0108303,-0.0099027
Model5,2pop,3,401,500,11,-0.0357342,-0.0284967
Model5,2pop,3,501,600,12,-0.0399449,-0.0251623
Model5,2pop,3,601,700,8,-0.024531,-0.000992063
Model5,2pop,3,701,800,9,-0.0143369,0.00697034
Model5,2pop,3,801,900,12,-0.0331825,-0.0216664
Model5,2pop,3,901,1000,5,-0.0383838,-0.0315824
Model5,2pop,3,1,100,7,0.0319032,0.0107691
Model5,2pop,3,101,200,4,0.0547264,0.0553169
Model5,2pop,3,201,300,8,0.0984579,0.0516569
Model5,2pop,3,301,400,8,0.0787785,0.0375712
Model5,2pop,3,401,500,8,0.0764482,0.0511298
Model5,2pop,3,501,600,12,0.0528519,0.0310206
Model5,2pop,3,601,700,8,0.0295124,0.0198541
Model5,2pop,3,701,800,8,0.0884897,0.0424897
Model5,2pop,3,801,900,11,0.0855683,0.033299
Model5,2pop,3,901,1000,7,0.0480832,0.0232866
Model5,2pop,1,1,100,12,-0.020946,-0.0135414
Model5,2pop,1,101,200,7,0.0253968,0.0257964
Model5,2pop,1,201,300,13,-0.00588053,0.0041805
Model5,2pop,1,301,400,13,-0.0147601,0.0028779
Model5,2pop,1,401,500,13,0.0065854,0.0187415
Model5,2pop,1,501,600,9,-0.0131263,0.00311605
Model5,2pop,1,601,700,12,-0.0279965,-0.00887542
Model5,2pop,1,701,800,16,-0.0088207,0.00692067
Model5,2pop,1,801,900,16,0.000130107,0.00522367
Model5,2pop,1,901,1000,7,0.00793651,0.0119527
Model5,2pop,17,1,100,9,-0.0313786,-0.0219744
Model5,2pop,17,101,200,14,-0.0288066,-0.0206595
Model5,2pop,17,201,300,6,0.0284757,-0.00582118
Model5,2pop,17,301,400,3,-0.0394265,-0.0315698
Model5,2pop,17,401,500,9,-0.0328921,-0.0247943
Model5,2pop,17,501,600,9,-0.0309035,-0.0123148
Model5,2pop,17,601,700,7,0.037037,0.0368814
Model5,2pop,17,701,800,15,0.00318531,0.00917443
Model5,2pop,17,801,900,7,-0.0185185,-0.0145834
Model5,2pop,17,901,1000,11,-0.024335,-0.0190645
Model5,2pop,16,1,100,10,0.00592795,0.00246749
Model5,2pop,16,101,200,11,0.0115115,0.0103903
Model5,2pop,16,201,300,16,0.0376238,0.040224
Model5,2pop,16,301,400,13,0.0130816,0.0113101
Model5,2pop,16,401,500,13,0.0154712,0.00808843
Model5,2pop,16,501,600,8,0.0306713,0.0280321
Model5,2pop,16,601,700,15,0.0577096,0.0551013
Model5,2pop,16,701,800,7,0.0470246,0.0230661
Model5,2pop,16,801,900,9,0.022869,0.0131381
Model5,2pop,16,901,1000,12,0.0206553,0.0109596
Model5,2pop,7,1,100,8,0.0591398,0.055303
Model5,2pop,7,101,200,11,-0.0105647,0.000277188
Model5,2pop,7,201,300,3,0.0666667,0.037037
Model5,2pop,7,301,400,4,0.122807,0.105556
Model5,2pop,7,401,500,11,0.0321823,0.0421391
Model5,2pop,7,501,600,6,0.0534979,0.0564815
Model5,2pop,7,601,700,6,0.0740741,0.0425926
Model5,2pop,7,701,800,7,0.0446904,0.018759
Model5,2pop,7,801,900,9,-0.00273785,0.00527453
Model5,2pop,7,901,1000,7,0.10101,0.0598781
Model5,2pop,5,1,100,15,0.165204,0.103681
Model5,2pop,5,101,200,10,0.228636,0.164444
Model5,2pop,5,201,300,11,0.223724,0.146597
Model5,2pop,5,301,400,15,0.204444,0.106697
Model5,2pop,5,401,500,11,0.183521,0.0976077
Model5,2pop,5,501,600,10,0.226054,0.141318
Model5,2pop,5,601,700,20,0.170688,0.103102
Model5,2pop,5,701,800,16,0.13816,0.0764689
Model5,2pop,5,801,900,14,0.194943,0.146333
Model5,2pop,5,901,1000,15,0.224701,0.161422
Model5,2pop,8,1,100,22,0.0759997,0.0705724
Model5,2pop,8,101,200,24,0.0887713,0.0669696
Model5,2pop,8,201,300,22,0.0819745,0.0556337
Model5,2pop,8,301,400,20,0.102327,0.0827295
Model5,2pop,8,401,500,26,0.0752437,0.0561501
Model5,2pop,8,501,600,32,0.0692141,0.0559099
Model5,2pop,8,601,700,23,0.0791738,0.0554712
Model5,2pop,8,701,800,27,0.0682815,0.0508242
Model5,2pop,8,801,900,27,0.0822518,0.0682254
Model5,2pop,8,901,1000,18,0.076712,0.0673898
Model5,2pop,16,1,100,10,0.0478686,0.0346592
Model5,2pop,16,101,200,12,0.0215215,0.0138511
Model5,2pop,16,201,300,13,0.028119,0.0295084
Model5,2pop,16,301,400,17,0.0237099,0.0179125
Model5,2pop,16,401,500,6,0.00548697,0.00889615
Model5,2pop,16,501,600,9,0.0372085,0.0403092
Model5,2pop,16,601,700,10,0.00479616,0.0163014
Model5,2pop,16,701,800,14,0.0727124,0.0683695
Model5,2pop,16,801,900,13,0.0520709,0.0482708
Model5,2pop,16,901,1000,13,0.022158,0.0415373
Model5,2pop,15,1,100,9,0.0522876,0.0515614
Model5,2pop,15,101,200,6,0.147956,0.0793213
Model5,2pop,15,201,300,8,0.155375,0.0720785
Model5,2pop,15,301,400,9,0.173028,0.107417
Model5,2pop,15,401,500,8,0.21781,0.154928
Model5,2pop,15,501,600,9,0.201828,0.141795
Model5,2pop,15,601,700,5,0.105339,0.032438
Model5,2pop,15,701,800,15,0.239659,0.157085
Model5,2pop,15,801,900,10,0.204005,0.142247
Model5,2pop,15,901,1000,15,0.215269,0.137285
Model5,2pop,2,1,100,13,0.0652557,0.0781609
Model5,2pop,2,101,200,4,-0.0260771,-0.0158312
Model5,2pop,2,201,300,7,0.0321332,0.0488951
Model5,2pop,2,301,400,9,0.00874636,0.0185364
Model5,2pop,2,401,500,8,0.0323315,0.0585102
Model5,2pop,2,501,600,7,0.039398,0.0451449
Model5,2pop,2,601,700,10,-0.00103842,0.0106994
Model5,2pop,2,701,800,6,0.0261814,0.023658
Model5,2pop,2,801,900,13,0.0579353,0.0612757
Model5,2pop,2,901,1000,10,0.0152403,0.00970227
Model5,2pop,4,1,100,9,-0.025641,-0.0182439
Model5,2pop,4,101,200,13,-0.0144928,-0.00049931
Model5,2pop,4,201,300,8,-0.0224755,-0.00465349
Model5,2pop,4,301,400,8,-0.0301837,-0.0154639
Model5,2pop,4,401,500,5,-0.0250391,-0.0208365
Model5,2pop,4,501,600,17,0.0151515,0.0246689
Model5,2pop,4,601,700,13,-0.0208088,-0.00383294
Model5,2pop,4,701,800,8,0.00483092,0.0163693
Model5,2pop,4,801,900,7,0.000265182,0.0101909
Model5,2pop,4,901,1000,8,-0.0308285,-0.0158418
Model5,2pop,18,1,100,11,0.0193752,0.0339827
Model5,2pop,18,101,200,13,0.0267011,0.0384916
Model5,2pop,18,201,300,12,0.0212072,0.0276188
Model5,2pop,18,301,400,9,0.0473949,0.0311722
Model5,2pop,18,401,500,13,-0.00801833,-0.00837964
Model5,2pop,18,501,600,11,0.0216632,0.0297688
Model5,2pop,18,601,700,16,0.0238698,0.0398237
Model5,2pop,18,701,800,14,0.00531511,0.00416128
Model5,2pop,18,801,900,12,0.00407585,0.0132232
Model5,2pop,18,901,1000,16,0.0270837,0.0378575
Model5,2pop,6,1,100,8,0.0688745,0.0774609
Model5,2pop,6,101,200,6,0.0182246,0.0297419
Model5,2pop,6,201,300,16,0.02657,0.0131134
Model5,2pop,6,301,400,14,0.0549828,0.0506188
Model5,2pop,6,401,500,10,-0.000526593,0.00902752
Model5,2pop,6,501,600,3,-0.0416667,-0.0321342
Model5,2pop,6,601,700,6,0.0510253,0.0319464
Model5,2pop,6,701,800,16,0.045192,0.0237829
Model5,2pop,6,801,900,11,0.00826446,0.013977
Model5,2pop,6,901,1000,9,0.0590591,0.0397471
Model5,2pop,1,1,100,25,0.00535475,-0.00133298
Model5,2pop,1,101,200,14,-0.00431499,-0.00593639
Model5,2pop,1,201,300,18,0.00600601,0.00411917
Model5,2pop,1,301,400,21,0.0277778,0.0163296
Model5,2pop,1,401,500,20,0.0133831,0.0117473
Model5,2pop,1,501,600,21,0.00711446,0.00625483
Model5,2pop,1,601,700,16,0.0176152,0.00311147
Model5,2pop,1,701,800,11,0.0512266,0.0480308
Model5,2pop,1,801,900,16,0.032087,0.0140111
Model5,2pop,1,901,1000,15,0.0135772,0.00515507
Model5,2pop,0,1,100,16,0.0255496,-0.0123231
Model5,2pop,0,101,200,14,0.182614,0.0986918
Model5,2pop,0,201,300,8,0.0776699,0.0387287
Model5,2pop,0,301,400,12,0.0825688,0.0323958
Model5,2pop,0,401,500,8,0.0123457,0.00807057
Model5,2pop,0,501,600,8,0.0597039,0.0051723
Model5,2pop,0,601,700,8,0.211696,0.124769
Model5,2pop,0,701,800,13,0.150479,0.0562066
Model5,2pop,0,801,900,9,0.0463962,0.00420677
Model5,2pop,0,901,1000,15,0.0563641,0.0199508
Model5,2pop,15,1,100,9,-0.010101,-0.00307144
Model5,2pop,15,101,200,10,-0.0239651,-0.0186713
Model5,2pop,15,201,300,11,-1.96602e-17,0.0130004
Model5,2pop,15,301,400,13,-0.0135135,-0.0131238
Model5,2pop,15,401,500,10,-0.00529101,-0.00845284
Model5,2pop,15,501,600,10,-0.0116086,-0.010424
Model5,2pop,15,601,700,12,0.0148912,0.0110055
Model5,2pop,15,701,800,14,-0.0120773,-0.0121388
Model5,2pop,15,801,900,10,-0.00849257,-0.0172175
Model5,2pop,15,901,1000,17,-0.00374532,-0.00345885
Model5,2pop,6,1,100,13,-0.0232266,-0.0163256
Model5,2pop,6,101,200,11,-0.00764732,-0.00329498
Model5,2pop,6,201,300,9,0.0270205,0.0472017
Model5,2pop,6,301,400,12,0.0246355,0.0132414
Model5,2pop,6,401,500,6,0.0432099,0.0159933
Model5,2pop,6,501,600,12,-0.0197087,-0.0119371
Model5,2pop,6,601,700,12,-0.0107594,-0.0152681
Model5,2pop,6,701,800,10,-0.0335335,-0.0300217
Model5,2pop,6,801,900,10,-0.0211946,-0.0075708
Model5,2pop,6,901,1000,8,-0.0126582,-0.00189394
Model5,2pop,14,1,100,10,0.0246355,0.0372938
Model5,2pop,14,101,200,13,0.00347222,0.0163648
Model5,2pop,14,201,300,12,-0.013209,-0.00804135
Model5,2pop,14,301,400,10,-0.0133247,-0.0143399
Model5,2pop,14,401,500,11,0.0100473,0.0124773
Model5,2pop,14,501,600,14,-0.022111,-0.00859357
Model5,2pop,14,601,700,18,-0.0192147,-0.00600468
Model5,2pop,14,701,800,10,0.0323422,0.0289855
Model5,2pop,14,801,900,11,-0.0429769,-0.0286467
Model5,2pop,14,901,1000,15,0.0138698,0.0261238
Model5,2pop,8,1,100,11,0.125493,0.0636514
Model5,2pop,8,101,200,12,0.107237,0.064963
Model5,2pop,8,201,300,14,0.0604027,0.0312918
Model5,2pop,8,301,400,11,0.14787,0.102559
Model5,2pop,8,401,500,16,0.143434,0.0945768
Model5,2pop,8,501,600,13,0.118774,0.0687456
Model5,2pop,8,601,700,6,0.143056,0.106921
Model5,2pop,8,701,800,7,0.0992768,0.0394544
Model5,2pop,8,801,900,13,0.0737874,0.0594406
Model5,2pop,8,901,1000,9,0.148301,0.0760703
Model5,2pop,16,1,100,10,0.128285,0.0544303
Model5,2pop,16,101,200,12,0.0391459,0.0281251
Model5,2pop,16,201,300,11,0.160093,0.10882
Model5,2pop,16,301,400,8,0.152806,0.100913
Model5,2pop,16,401,500,1,0.0555556,0.0555556
Model5,2pop,16,501,600,6,0.330573,0.172307
Model5,2pop,16,601,700,8,0.157801,0.0842191
Model5,2pop,16,701,800,5,0.1893,0.0890983
Model5,2pop,16,801,900,10,0.00571713,0.00285011
Model5,2pop,16,901,1000,13,0.0974804,0.0549107
Model5,2pop,3,1,100,8,0.0373784,0.0261243
Model5,2pop,3,101,200,12,0.0371161,0.0398558
Model5,2pop,3,201,300,8,0.0898021,0.0779593
Model5,2pop,3,301,400,13,0.0681004,0.0408436
Model5,2pop,3,401,500,8,0.090535,0.0608594
Model5,2pop,3,501,600,1,0.111111,0.111111
Model5,2pop,3,601,700,9,0.060821,0.0610373
Model5,2pop,3,701,800,11,0.128382,0.0702932
Model5,2pop,3,801,900,6,0.0350877,0.00637959
Model5,2pop,3,901,1000,9,0.0153257,0.0160588
Model5,2pop,12,1,100,14,-0.00589733,0.000338869
Model5,2pop,12,101,200,9,0.0189426,0.0249034
Model5,2pop,12,201,300,6,0.0157281,0.0188701
Model5,2pop,12,301,400,11,-0.0337972,-0.0189621
Model5,2pop,12,401,500,13,-0.0327635,-0.0187928
Model5,2pop,12,501,600,10,0.0154015,0.011996
Model5,2pop,12,601,700,12,-0.00217865,0.00894592
Model5,2pop,12,701,800,13,-0.0138399,-0.0182982
Model5,2pop,12,801,900,11,-0.00757225,-0.00564052
Model5,2pop,12,901,1000,18,-0.0210804,-0.012801
Model5,2pop,11,1,100,11,0.00998513,0.0176907
Model5,2pop,11,101,200,8,0.0283401,0.0200414
Model5,2pop,11,201,300,12,0.0550018,0.0493126
Model5,2pop,11,301,400,8,0.0181269,0.0214471
Model5,2pop,11,401,500,4,-0.0380803,-0.032939
Model5,2pop,11,501,600,5,0.0577342,0.0372685
Model5,2pop,11,601,700,6,-0.00644122,-0.0167723
Model5,2pop,11,701,800,7,0.163449,0.0943331
Model5,2pop,11,801,900,4,-0.0353535,-0.0289141
Model5,2pop,11,901,1000,4,-0.0121012,-0.0123457
Model5,2pop,5,1,100,17,0.0637689,0.0504175
Model5,2pop,5,101,200,18,0.0810247,0.0679099
Model5,2pop,5,201,300,21,0.0673697,0.0541851
Model5,2pop,5,301,400,14,0.085452,0.0764147
Model5,2pop,5,401,500,14,0.0584014,0.0456022
Model5,2pop,5,501,600,16,0.0692669,0.0569417
Model5,2pop,5,601,700,9,0.0814468,0.0605101
Model5,2pop,5,701,800,13,0.0844854,0.0840675
Model5,2pop,5,801,900,12,0.0704306,0.0429585
Model5,2pop,5,901,1000,11,0.0630543,0.0469766
Model5,2pop,10,1,100,12,0.140976,0.0884135
Model5,2pop,10,101,200,18,0.105542,0.0749454
Model5,2pop,10,201,300,10,0.067086,0.0397772
Model5,2pop,10,301,400,6,0.0843621,0.0617749
Model5,2pop,10,401,500,13,0.148842,0.120924
Model5,2pop,10,501,600,10,0.0547264,0.0214649
Model5,2pop,10,601,700,10,0.0927625,0.0677088
Model5,2pop,10,701,800,15,0.055801,0.0322412
Model5,2pop,10,801,900,11,0.0364409,0.0231613
Model5,2pop,10,901,1000,15,0.120973,0.0979888
Model5,2pop,9,1,100,9,0.000507357,-0.00883755
Model5,2pop,9,101,200,9,-0.00294985,0.00402005
Model5,2pop,9,201,300,9,0.0229885,0.0171839
Model5,2pop,9,301,400,7,0.0164806,0.0227205
Model5,2pop,9,401,500,9,-0.0128913,-0.00769596
Model5,2pop,9,501,600,6,-0.0121766,-0.000906501
Model5,2pop,9,601,700,7,0.045957,0.035607
Model5,2pop,9,701,800,9,0.0060947,0.0100429
Model5,2pop,9,801,900,9,0.00584795,0.0182137
Model5,2pop,9,901,1000,6,0.00196657,0.0180613
Model5,2pop,16,1,100,11,0.0190896,0.00963123
Model5,2pop,16,101,200,19,0.00890208,0.00210883
Model5,2pop,16,201,300,10,-0.00383142,-0.0144762
Model5,2pop,16,301,400,15,0.0685185,0.0536018
Model5,2pop,16,401,500,11,0.0565227,0.0452541
Model5,2pop,16,501,600,16,0.035878,0.0460529
Model5,2pop,16,601,700,13,0.0695016,0.0515796
Model5,2pop,16,701,800,12,0.0218254,0.0233785
Model5,2pop,16,801,900,11,0.0295882,0.026067
Model5,2pop,16,901,1000,7,-0.010929,-0.0177625
Model5,2pop,12,1,100,14,-0.00609532,-0.00525814
Model5,2pop,12,101,200,20,-0.0212963,-0.00837461
Model5,2pop,12,201,300,14,0.00330536,0.0112763
Model5,2pop,12,301,400,17,-0.0152178,-0.00276152
Model5,2pop,12,401,500,19,-0.00559862,-0.00384275
Model5,2pop,12,501,600,14,-0.00462963,0.00582979
Model5,2pop,12,601,700,11,-0.00372737,-0.00300394
Model5,2pop,12,701,800,13,0.00383142,0.0124463
Model5,2pop,12,801,900,15,-0.00143711,0.0100846
Model5,2pop,12,901,1000,14,-0.0130071,-0.0110597
Model5,2pop,8,1,100,13,0.0876869,0.0621507
Model5,2pop,8,101,200,13,0.0564867,0.0397134
Model5,2pop,8,201,300,13,0.0199871,0.00965108
Model5,2pop,8,301,400,16,0.099665,0.0797922
Model5,2pop,8,401,500,15,0.049049,0.0271542
Model5,2pop,8,501,600,14,0.0584795,0.042698
Model5,2pop,8,601,700,9,0.0968992,0.0742243
Model5,2pop,8,701,800,10,0.08536,0.0661535
Model5,2pop,8,801,900,13,0.0857143,0.061599
Model5,2pop,8,901,1000,14,0.0350312,0.027757
Model5,2pop,4,1,100,17,-0.00718629,0.00146345
Model5,2pop,4,101,200,20,0.0157058,0.0147698
Model5,2pop,4,201,300,11,0.0219346,0.0297694
Model5,2pop,4,301,400,8,0.0237842,0.0342368
Model5,2pop,4,401,500,7,-0.00292398,0.00066102
Model5,2pop,4,501,600,9,0.0327908,0.0390824
Model5,2pop,4,601,700,7,0.0277778,0.0182394
Model5,2pop,4,701,800,12,0.000493279,-0.00128667
Model5,2pop,4,801,900,14,0.0207359,0.0191921
Model5,2pop,4,901,1000,9,-0.0141685,-0.000852936
Model5,2pop,7,1,100,9,0.0885984,0.0511526
Model5,2pop,7,101,200,11,0.00879297,0.00749127
Model5,2pop,7,201,300,14,0.0909091,0.0687825
Model5,2pop,7,301,400,19,0.0904139,0.0642838
Model5,2pop,7,401,500,17,0.026455,0.0342048
Model5,2pop,7,501,600,20,0.0531843,0.0387879
Model5,2pop,7,601,700,16,0.0215589,0.0190324
Model5,2pop,7,701,800,18,0.077278,0.052345
Model5,2pop,7,801,900,12,0.0461787,0.045155
Model5,2pop,7,901,1000,14,0.0288714,0.0366447
Model5,2pop,18,1,100,25,0.0324159,0.0281079
Model5,2pop,18,101,200,15,0.0495811,0.0393504
Model5,2pop,18,201,300,17,0.0373431,0.047969
Model5,2pop,18,301,400,32,0.0400147,0.0389435
Model5,2pop,18,401,500,19,0.0267528,0.0260446
Model5,2pop,18,501,600,19,0.0467836,0.0537779
Model5,2pop,18,601,700,17,0.0446153,0.0325566
Model5,2pop,18,701,800,19,0.0458827,0.0461646
Model5,2pop,18,801,900,18,0.0336272,0.0362594
Model5,2pop,18,901,1000,14,0.0532488,0.0499093
Model5,2pop,13,1,100,15,-0.0505051,-0.0252479
Model5,2pop,13,101,200,15,-0.0024627,0.00338114
Model5,2pop,13,201,300,15,0.0130797,0.00951168
Model5,2pop,13,301,400,14,-0.0228109,-0.0188308
Model5,2pop,13,401,500,19,-0.0038475,-0.00538348
Model5,2pop,13,501,600,19,0.0109727,0.0108836
Model5,2pop,13,601,700,17,-0.0677507,-0.0586672
Model5,2pop,13,701,800,22,-0.056853,-0.0378587
Model5,2pop,13,801,900,13,-0.0411523,-0.0237714
Model5,2pop,13,901,1000,13,0.0097629,0.00968237
Model5,2pop,6,1,100,10,0.20591,0.126178
Model5,2pop,6,101,200,9,0.228122,0.184093
Model5,2pop,6,201,300,9,0.308315,0.184119
Model5,2pop,6,301,400,7,0.283773,0.157869
Model5,2pop,6,401,500,7,0.401223,0.304117
Model5,2pop,6,501,600,17,0.261025,0.153791
Model5,2pop,6,601,700,7,0.308357,0.144215
Model5,2pop,6,701,800,3,0.142857,0.0666667
Model5,2pop,6,801,900,9,0.127493,0.103229
Model5,2pop,6,901,1000,11,0.293126,0.154115
Model5,2pop,19,1,100,15,0.557762,0.348404
Model5,2pop,19,101,200,18,0.480869,0.305874
Model5,2pop,19,201,300,21,0.619753,0.509134
Model5,2pop,19,301,400,14,0.564768,0.405899
Model5,2pop,19,401,500,16,0.520654,0.345057
Model5,2pop,19,501,600,18,0.56006,0.446826
Model5,2pop,19,601,700,8,0.634568,0.498324
Model5,2pop,19,701,800,13,0.561017,0.34268
Model5,2pop,19,801,900,10,0.590361,0.547232
Model5,2pop,19,901,1000,15,0.560687,0.380837
Model5,2pop,11,1,100,10,-0.00873231,0.0157069
Model5,2pop,11,101,200,9,-0.00775194,0.00813319
Model5,2pop,11,201,300,7,-0.0020202,0.00278209
Model5,2pop,11,301,400,4,-0.0108025,0.0147754
Model5,2pop,11,401,500,9,-0.0266041,-0.00854701
Model5,2pop,11,501,600,5,0.0140845,0.00916861
Model5,2pop,11,601,700,6,-0.00472813,0.0019425
Model5,2pop,11,701,800,5,0.0277778,0.0333333
Model5,2pop,11,801,900,16,-0.0126414,-0.00283471
Model5,2pop,11,901,1000,7,0.0123457,0.0167349
Model5,2pop,17,1,100,14,0.0830074,0.0764586
Model5,2pop,17,101,200,14,0.142387,0.129904
Model5,2pop,17,201,300,13,0.156722,0.135481
Model5,2pop,17,301,400,15,0.0710678,0.0444615
Model5,2pop,17,401,500,15,0.102881,0.0949175
Model5,2pop,17,501,600,12,0.154448,0.122004
Model5,2pop,17,601,700,13,0.11453,0.108614
Model5,2pop,17,701,800,10,0.141795,0.118873
Model5,2pop,17,801,900,12,0.112554,0.0995309
Model5,2pop,17,901,1000,9,0.125683,0.106675
Model5,2pop,19,1,100,10,0.0519878,0.0418827
Model5,2pop,19,101,200,11,0.0974938,0.0831594
Model5,2pop,19,201,300,9,0.075872,0.0643301
Model5,2pop,19,301,400,10,0.0839793,0.0772824
Model5,2pop,19,401,500,13,0.103526,0.0759068
Model5,2pop,19,501,600,16,0.0575742,0.0426602
Model5,2pop,19,601,700,9,0.0738061,0.0681076
Model5,2pop,19,701,800,20,0.0659722,0.0585828
Model5,2pop,19,801,900,14,0.0738585,0.059436
Model5,2pop,19,901,1000,7,0.0176322,0.00265213
Model5,2pop,17,1,100,7,0.20078,0.160725
Model5,2pop,17,101,200,10,0.13896,0.0732242
Model5,2pop,17,201,300,10,0.299274,0.144974
Model5,2pop,17,301,400,6,0.231937,0.176988
Model5,2pop,17,401,500,9,0.238992,0.174928
Model5,2pop,17,501,600,9,0.228944,0.176198
Model5,2pop,17,601,700,12,0.227252,0.192222
Model5,2pop,17,701,800,6,0.195011,0.11849
Model5,2pop,17,801,900,17,0.230142,0.147474
Model5,2pop,17,901,1000,9,0.311584,0.244822
Model5,2pop,5,1,100,24,0.150509,0.11904
Model5,2pop,5,101,200,19,0.108113,0.0993743
Model5,2pop,5,201,300,22,0.0943249,0.0636094
Model5,2pop,5,301,400,9,0.0991938,0.0777864
Model5,2pop,5,401,500,17,0.108088,0.104131
Model5,2pop,5,501,600,16,0.06,0.0353869
Model5,2pop,5,601,700,10,0.103789,0.0926879
Model5,2pop,5,701,800,18,0.0740741,0.0555905
Model5,2pop,5,801,900,10,0.123858,0.0807595
Model5,2pop,5,901,1000,18,0.119241,0.088877
Model5,2pop,4,1,100,9,0.00793651,0.0022726
Model5,2pop,4,101,200,14,0.0147429,0.0144889
Model5,2pop,4,201,300,17,0.00961323,0.00800857
Model5,2pop,4,301,400,9,0.0255963,0.0218424
Model5,2pop,4,401,500,17,0.00241838,0.00810849
Model5,2pop,4,501,600,10,0.00190114,0.0186674
Model5,2pop,4,601,700,10,-0.0126193,-0.0123598
Model5,2pop,4,701,800,12,-0.0125142,-0.00554089
Model5,2pop,4,801,900,9,-0.00374532,0.00222098
Model5,2pop,4,901,1000,14,-0.00110696,0.000206889
Model5,2pop,15,1,100,16,0.201895,0.135277
Model5,2pop,15,101,200,19,0.133405,0.0669904
Model5,2pop,15,201,300,9,0.0891632,0.0464043
Model5,2pop,15,301,400,19,0.131054,0.09311
Model5,2pop,15,401,500,19,0.109589,0.0679574
Model5,2pop,15,501,600,17,0.143159,0.133504
Model5,2pop,15,601,700,16,0.105513,0.0811691
Model5,2pop,15,701,800,10,0.0324433,0.0324863
Model5,2pop,15,801,900,14,0.153807,0.0766377
Model5,2pop,15,901,1000,14,0.0286434,0.0429743
Model5,2pop,13,1,100,12,0.229755,0.194764
Model5,2pop,13,101,200,17,0.234195,0.190303
Model5,2pop,13,201,300,8,0.237148,0.187739
Model5,2pop,13,301,400,11,0.206652,0.170719
Model5,2pop,13,401,500,17,0.26726,0.219565
Model5,2pop,13,501,600,19,0.235148,0.18571
Model5,2pop,13,601,700,23,0.235913,0.185077
Model5,2pop,13,701,800,16,0.240228,0.200883
Model5,2pop,13,801,900,12,0.223952,0.181737
Model5,2pop,13,901,1000,17,0.245912,0.207188
Model5,2pop,7,1,100,12,0.115542,0.073913
Model5,2pop,7,101,200,7,0.15878,0.103456
Model5,2pop,7,201,300,9,0.00175571,0.0131907
Model5,2pop,7,301,400,12,0.112893,0.102251
Model5,2pop,7,401,500,6,0.0840489,0.0590333
Model5,2pop,7,501,600,14,0.100747,0.0619062
Model5,2pop,7,601,700,13,0.0907274,0.0750849
Model5,2pop,7,701,800,8,0.208038,0.13798
Model5,2pop,7,801,900,13,0.07863,0.0629031
Model5,2pop,7,901,1000,6,0.0887132,0.0881318
Model5,2pop,9,1,100,11,0.0409357,0.019607
Model5,2pop,9,101,200,12,0.0550852,0.0431542
Model5,2pop,9,201,300,11,0.0352628,0.0316087
Model5,2pop,9,301,400,3,-0.0452675,-0.0466895
Model5,2pop,9,401,500,12,0.15668,0.103389
Model5,2pop,9,501,600,10,0.0859866,0.052897
Model5,2pop,9,601,700,11,0.0884454,0.0608646
Model5,2pop,9,701,800,16,0.0301863,0.0280058
Model5,2pop,9,801,900,11,0.0385277,0.0293401
Model5,2pop,9,901,1000,17,0.0293197,0.028079
Model5,2pop,0,1,100,19,0.0362812,0.0165234
Model5,2pop,0,101,200,16,0.0590672,0.0196706
Model5,2pop,0,201,300,17,0.0794529,0.0384605
Model5,2pop,0,301,400,26,0.0406223,0.00839447
Model5,2pop,0,401,500,17,-0.00354732,-0.00303726
Model5,2pop,0,501,600,20,0.0221187,-0.000865506
Model5,2pop,0,601,700,21,0.0155494,0.00709618
Model5,2pop,0,701,800,21,0.0367139,0.0092777
Model5,2pop,0,801,900,15,0.052555,0.0103914
Model5,2pop,0,901,1000,16,0.00959233,-0.00904144
Model5,2pop,9,1,100,7,0.135286,0.0966289
Model5,2pop,9,101,200,12,0.214122,0.172275
Model5,2pop,9,201,300,9,0.198718,0.137682
Model5,2pop,9,301,400,10,0.276847,0.178528
Model5,2pop,9,401,500,16,0.241363,0.175777
Model5,2pop,9,501,600,12,0.249612,0.157229
Model5,2pop,9,601,700,9,0.268207,0.258303
Model5,2pop,9,701,800,11,0.194053,0.170792
Model5,2pop,9,801,900,13,0.182631,0.0944215
Model5,2pop,9,901,1000,9,0.108062,0.0914762
Model5,2pop,2,1,100,12,0.00199601,0.0078732
Model5,2pop,2,101,200,10,0.0149966,0.0135835
Model5,2pop,2,201,300,15,-0.000870322,0.0018499
Model5,2pop,2,301,400,13,0.0245801,0.0265663
Model5,2pop,2,401,500,12,0.0167866,0.0136608
Model5,2pop,2,501,600,11,0.0188796,0.0148966
Model5,2pop,2,601,700,6,0.0157281,0.0146456
Model5,2pop,2,701,800,7,0.0123457,0.0139119
Model5,2pop,2,801,900,14,0.0108672,0.00655588
Model5,2pop,2,901,1000,14,0.024739,0.0282509
Model5,2pop,19,1,100,16,0.0128027,0.0171811
Model5,2pop,19,101,200,13,0.00705728,0.010758
Model5,2pop,19,201,300,11,-0.00611377,0.00761004
Model5,2pop,19,301,400,10,-0.0107177,-0.00430702
Model5,2pop,19,401,500,10,-0.000735835,0.00342709
Model5,2pop,19,501,600,13,0.0119949,0.019551
Model5,2pop,19,601,700,19,0.0087598,0.0148287
Model5,2pop,19,701,800,14,0.00338511,0.0141729
Model5,2pop,19,801,900,14,0.0118127,0.00876996
Model5,2pop,19,901,1000,19,0.0137596,0.020101
Model5,2pop,6,1,100,5,0.0751445,0.0379219
Model5,2pop,6,101,200,6,0.0577342,0.0442788
Model5,2pop,6,201,300,10,0.077381,0.0386364
Model5,2pop,6,301,400,6,0.244444,0.147806
Model5,2pop,6,401,500,10,0.177825,0.0888473
Model5,2pop,6,501,600,6,0.0986791,0.0878577
Model5,2pop,6,701,800,7,0.0382318,0.0172001
Model5,2pop,6,801,900,6,0.247016,0.10582
Model5,2pop,6,901,1000,7,-0.00907029,0.00626208
Model5,2pop,19,1,100,12,0.265537,0.194872
Model5,2pop,19,101,200,15,0.145425,0.0966212
Model5,2pop,19,201,300,9,0.0592334,0.0520861
Model5,2pop,19,301,400,13,0.045045,0.0495856
Model5,2pop,19,401,500,8,0.111111,0.0558136
Model5,2pop,19,501,600,9,0.091192,0.0612121
Model5,2pop,19,601,700,13,0.13486,0.0846792
Model5,2pop,19,701,800,15,0.119572,0.0748078
Model5,2pop,19,801,900,8,0.0740741,0.0632716
Model5,2pop,19,901,1000,10,0.157932,0.0640698
Model5,2pop,11,1,100,13,-0.0185185,-0.003663
Model5,2pop,11,101,200,10,-0.0293742,0.000652287
Model5,2pop,11,201,300,18,-0.0190908,-0.00107334
Model5,2pop,11,301,400,7,-0.0391687,-0.0121101
Model5,2pop,11,401,500,11,-0.0467537,-0.0379988
Model5,2pop,11,501,600,11,-0.0373881,-0.0225269
Model5,2pop,11,601,700,14,-0.0215589,-0.0112188
Model5,2pop,11,701,800,10,-0.0202846,-0.011533
Model5,2pop,11,801,900,10,-0.0139294,-0.0109517
Model5,2pop,11,901,1000,17,-0.040157,-0.0109246
Model5,2pop,1,1,100,8,0.057971,0.0532118
Model5,2pop,1,101,200,7,-0.0130719,0.00644841
Model5,2pop,1,201,300,10,0.0584416,0.0418981
Model5,2pop,1,301,400,12,0.233784,0.121112
Model5,2pop,1,401,500,10,0.0837696,0.0659226
Model5,2pop,1,501,600,7,0.0588723,0.051918
Model5,2pop,1,601,700,10,0.283333,0.167282
Model5,2pop,1,701,800,4,0.040404,0.0353009
Model5,2pop,1,801,900,13,0.214957,0.115713
Model5,2pop,1,901,1000,4,0.307692,0.121914
Model5,2pop,10,1,100,23,0.120769,0.0631228
Model5,2pop,10,101,200,16,0.129875,0.0576838
Model5,2pop,10,201,300,14,0.0410256,0.0231488
Model5,2pop,10,301,400,18,0.0496032,0.0301666
Model5,2pop,10,401,500,17,0.0500864,0.0317647
Model5,2pop,10,501,600,16,0.00743304,-2.28462e-05
Model5,2pop,10,601,700,20,0.0228027,0.0261921
Model5,2pop,10,701,800,15,0.00570497,0.0148768
Model5,2pop,10,801,900,17,0.015691,0.00531255
Model5,2pop,10,901,1000,15,0.0834336,0.0348638
Model5,2pop,16,1,100,16,0.117897,0.0839955
Model5,2pop,16,101,200,13,0.0930276,0.0624473
Model5,2pop,16,201,300,8,0.14132,0.124416
Model5,2pop,16,301,400,16,0.0708661,0.0311029
Model5,2pop,16,401,500,19,0.107293,0.0855018
Model5,2pop,16,501,600,16,0.0852614,0.0511634
Model5,2pop,16,601,700,22,0.0902988,0.053505
Model5,2pop,16,701,800,16,0.107206,0.0637183
Model5,2pop,16,801,900,11,0.0749197,0.0531043
Model5,2pop,16,901,1000,13,0.11078,0.0672144
Model5,2pop,0,1,100,9,0.0731146,0.0576505
Model5,2pop,0,101,200,6,-0.0219249,-0.0161856
Model5,2pop,0,201,300,13,-0.00644122,0.000681631
Model5,2pop,0,301,400,9,0.0154923,0.0267294
Model5,2pop,0,401,500,6,0.0953545,0.0856253
Model5,2pop,0,501,600,8,0.0359659,0.0350848
Model5,2pop,0,601,700,8,0.061942,0.0523317
Model5,2pop,0,701,800,4,-0.031339,-0.00641026
Model5,2pop,0,801,900,4,0.0873016,0.0461712
Model5,2pop,0,901,1000,2,0.0885417,0.109848
Model5,2pop,9,1,100,14,0.0766191,0.0472016
Model5,2pop,9,101,200,12,0.0285837,0.0228283
Model5,2pop,9,201,300,12,0.0384173,0.0384911
Model5,2pop,9,301,400,10,0.0846561,0.0611111
Model5,2pop,9,401,500,11,0.085048,0.0549613
Model5,2pop,9,501,600,13,0.0627498,0.0522142
Model5,2pop,9,601,700,11,0.0652879,0.0514478
Model5,2pop,9,701,800,8,0.0482343,0.036099
Model5,2pop,9,801,900,13,0.0600198,0.0468356
Model5,2pop,9,901,1000,8,0.0363179,0.023246
Model5,2pop,19,1,100,10,0.162996,0.10671
Model5,2pop,19,101,200,7,0.131755,0.114877
Model5,2pop,19,201,300,15,0.0291529,0.0286732
Model5,2pop,19,301,400,10,0.0134888,0.0376984
Model5,2pop,19,401,500,11,0.00752315,0.002442
Model5,2pop,19,501,600,6,0.00886802,0.00948779
Model5,2pop,19,601,700,6,0.0892799,0.0929912
Model5,2pop,19,701,800,10,0.0217912,0.02159
Model5,2pop,19,801,900,9,0.130435,0.0990338
Model5,2pop,19,901,1000,7,0.116091,0.0748988
