CHROM,BIN_START,BIN_END,N_VARIANTS,WEIGHTED_FST,MEAN_FST
8,1,100,3,0.282051,0.180556
8,101,200,4,0.0694444,0.0555556
8,201,300,3,0.0666667,0.037037
8,301,400,7,0.0514905,0.03432
8,401,500,4,0.108635,0.0812166
8,501,600,3,0.0215589,0.0215215
8,601,700,5,0.0853659,0.0702703
8,701,800,8,0.408867,0.182646
8,801,900,4,0.191919,0.0948509
8,901,1000,8,0.0201225,0.015015
10,1,100,2,0.437751,0.320652
10,101,200,6,0.601204,0.331743
10,201,300,10,0.0610329,0.0406848
10,301,400,6,0.313197,0.166658
10,401,500,3,0.432749,0.287037
10,501,600,3,0.437908,0.25
10,601,700,9,0.425696,0.257075
10,701,800,3,0.0277778,0.0185185
10,801,900,2,0.037037,0.0277778
10,901,1000,3,0.148148,0.0987654
13,1,100,11,0.249249,0.142927
13,101,200,9,0.215686,0.125594
13,201,300,10,0.248677,0.116667
13,301,400,7,0.351032,0.31938
13,401,500,4,0.332837,0.1805
13,501,600,5,0.306569,0.137455
13,601,700,11,0.279279,0.118035
13,701,800,8,0.20712,0.12068
13,801,900,9,0.272167,0.212207
13,901,1000,5,0.295866,0.211529
2,1,100,14,0.0717088,0.0501491
2,101,200,13,0.154023,0.122419
2,201,300,8,0.182631,0.152371
2,301,400,10,0.158176,0.108774
2,401,500,10,0.185824,0.174373
2,501,600,5,0.135354,0.103794
2,601,700,10,0.264957,0.199509
2,701,800,3,0.175926,0.0703704
2,801,900,6,0.194735,0.138539
2,901,1000,7,0.184813,0.134756
19,1,100,15,0.37478,0.31064
19,101,200,11,0.353276,0.263636
19,201,300,11,0.280531,0.231698
19,301,400,12,0.377069,0.306944
19,401,500,11,0.395202,0.309611
19,501,600,11,0.355932,0.300433
19,601,700,14,0.44246,0.359019
19,701,800,14,0.429342,0.325012
19,801,900,13,0.39714,0.308288
19,901,1000,13,0.396626,0.299183
16,1,100,13,0.558036,0.388034
16,101,200,11,0.355159,0.211892
16,201,300,10,0.574306,0.351111
16,301,400,7,0.116667,0.103175
16,401,500,6,0.498575,0.290432
16,501,600,10,0.380556,0.155185
16,601,700,5,0.507246,0.191111
16,701,800,8,0.519274,0.262963
16,801,900,5,0.353535,0.17963
16,901,1000,9,0.477778,0.236831
14,1,100,6,0.326827,0.27392
14,101,200,5,-0.0225443,0.00151515
14,201,300,9,0.316085,0.2174
14,301,400,6,0.33059,0.236983
14,401,500,4,0.348485,0.231481
14,501,600,5,0.307992,0.151675
14,601,700,4,0.401235,0.401235
14,701,800,6,0.310185,0.150206
14,801,900,5,0.0052356,0.00842491
14,901,1000,7,0.309179,0.112875
0,1,100,9,0.397218,0.285301
0,101,200,12,0.31339,0.116582
0,201,300,9,0.27253,0.095346
0,301,400,8,0.350259,0.173868
0,401,500,7,0.427536,0.258159
0,501,600,6,0.431944,0.282618
0,601,700,11,0.376694,0.242687
0,701,800,6,0.32513,0.17008
0,801,900,11,0.390544,0.219571
0,901,1000,6,0.430995,0.364867
0,1,100,11,0.767945,0.48746
0,101,200,21,0.794275,0.518826
0,201,300,19,0.839506,0.681129
0,301,400,17,0.813915,0.637968
0,401,500,11,0.876795,0.650954
0,501,600,17,0.868736,0.579158
0,601,700,17,0.748799,0.402861
0,701,800,19,0.809287,0.453773
0,801,900,18,0.823374,0.598948
0,901,1000,24,0.815062,0.440224
13,1,100,14,0.150075,0.117734
13,101,200,16,0.179104,0.145428
13,201,300,11,0.145138,0.11856
13,301,400,14,0.118708,0.10172
13,401,500,17,0.22619,0.188253
13,501,600,13,0.14966,0.127778
13,601,700,9,0.137605,0.130815
13,701,800,4,0.156863,0.151389
13,801,900,10,0.162222,0.145463
13,901,1000,7,0.255337,0.1153
5,1,100,12,0.590643,0.364733
5,101,200,16,0.526696,0.295331
5,201,300,8,0.682353,0.488494
5,301,400,8,0.532567,0.330771
5,401,500,13,0.690081,0.464744
5,501,600,8,0.590954,0.303819
5,601,700,10,0.501751,0.278577
5,701,800,8,0.58422,0.398858
5,801,900,14,0.512706,0.307907
5,901,1000,12,0.510292,0.366287
13,1,100,9,0.355413,0.214572
13,101,200,9,0.432973,0.278837
13,201,300,7,0.429679,0.296516
13,301,400,9,0.337097,0.202529
13,401,500,15,0.386934,0.218485
13,501,600,7,0.441769,0.362831
13,601,700,11,0.459079,0.335647
13,701,800,11,0.324003,0.172978
13,801,900,8,0.312292,0.155176
13,901,1000,8,0.263735,0.126977
5,1,100,7,0.0251572,0.0210277
5,101,200,8,0.144144,0.119884
5,201,300,8,-0.0126582,-0.00163347
5,301,400,2,0.0555556,0.0555556
5,401,500,6,-0.010929,0.00276823
5,501,600,7,0.194631,0.108202
5,601,700,5,0.161579,0.121324
5,701,800,12,0.122807,0.0807486
5,801,900,10,0.116049,0.0776523
5,901,1000,10,0.121651,0.125463
7,1,100,11,0.596675,0.538184
7,101,200,8,0.551789,0.31891
7,201,300,9,0.418068,0.271865
7,301,400,10,0.417614,0.260055
7,401,500,8,0.524024,0.419605
7,501,600,7,0.407407,0.231119
7,601,700,5,0.493779,0.397404
7,701,800,6,0.623932,0.623932
7,801,900,6,0.591919,0.425214
7,901,1000,10,0.546991,0.446426
9,1,100,6,0.661484,0.517476
9,101,200,5,0.648258,0.28456
9,201,300,4,0.620811,0.420515
9,301,400,10,0.651693,0.457395
9,401,500,11,0.59882,0.427301
9,501,600,14,0.632515,0.433224
9,601,700,6,0.668448,0.615518
9,701,800,10,0.66735,0.509369
9,801,900,8,0.684658,0.629721
9,901,1000,5,0.700035,0.56912
7,1,100,12,0.661055,0.35702
7,101,200,11,0.713805,0.434408
7,201,300,15,0.63288,0.44619
7,301,400,14,0.697393,0.464835
7,401,500,6,0.844284,0.597988
7,501,600,5,0.719964,0.463209
7,601,700,9,0.804317,0.710091
7,701,800,10,0.711362,0.524781
7,801,900,17,0.736894,0.533473
7,901,1000,8,0.671302,0.434115
14,1,100,11,0.667379,0.572758
14,101,200,27,0.654293,0.572657
14,201,300,14,0.710921,0.615955
14,301,400,22,0.657887,0.599456
14,401,500,29,0.650803,0.523065
14,501,600,22,0.681648,0.639579
14,601,700,25,0.680769,0.603526
14,701,800,13,0.641789,0.52475
14,801,900,20,0.686839,0.538616
14,901,1000,19,0.684848,0.585367
6,1,100,10,0.14803,0.0798483
6,101,200,7,0.121447,0.0747605
6,201,300,7,0.316641,0.185752
6,301,400,9,0.112903,0.0619413
6,401,500,12,0.221638,0.125021
6,501,600,4,0.320142,0.141227
6,601,700,8,0.0953786,0.0564847
6,701,800,7,0.0728477,0.0499376
6,801,900,7,0.460374,0.266324
6,901,1000,8,0.161554,0.102851
1,1,100,7,0.162257,0.140432
1,101,200,7,0.206349,0.132275
1,201,300,3,0.242063,0.253086
1,301,400,5,0.0946502,0.0626263
1,401,500,2,0.371069,0.372116
1,501,600,6,0.392927,0.275229
1,601,700,5,0.34188,0.214815
1,701,800,6,0.252704,0.18268
1,801,900,3,0.362618,0.143051
1,901,1000,4,0.0185185,0.0138889
5,1,100,9,0.609501,0.234704
5,101,200,10,0.220612,0.090404
5,201,300,11,0.199023,0.104224
5,301,400,13,0.378698,0.168009
5,401,500,14,0.273035,0.178752
5,501,600,17,0.257235,0.0777948
5,601,700,9,0.381862,0.169821
5,701,800,12,0.382348,0.174294
5,801,900,15,0.0887826,0.0674074
5,901,1000,19,0.283834,0.182881
5,1,100,10,0.626374,0.393103
5,101,200,10,0.473859,0.374024
5,201,300,11,0.535407,0.409683
5,301,400,13,0.538667,0.385364
5,401,500,13,0.582524,0.459754
5,501,600,15,0.57175,0.35252
5,601,700,20,0.558356,0.452996
5,701,800,19,0.539707,0.361774
5,801,900,8,0.413834,0.349818
5,901,1000,21,0.567551,0.417111
3,1,100,10,0.0179158,0.0244913
3,101,200,10,0.0885041,0.0777203
3,201,300,15,0.0298042,0.0259881
3,301,400,8,0.0320988,0.0459105
3,401,500,7,0.17122,0.100617
3,501,600,13,0.0132468,0.0147198
3,601,700,14,0.147789,0.0978328
3,701,800,10,0.0052356,0.00458085
3,801,900,4,0.0378007,0.0408951
3,901,1000,9,0.0118745,0.00960219
3,1,100,6,0.22462,0.112026
3,101,200,13,0.304768,0.188237
3,201,300,7,0.0284238,0.0237163
3,301,400,9,0.0300546,0.0212024
3,401,500,5,0.0320733,0.0270531
3,501,600,8,0.181287,0.106943
3,601,700,9,0.0186916,0.0132128
3,701,800,5,0.291902,0.164818
3,801,900,8,0.159757,0.084995
3,901,1000,8,0.0168539,0.0217753
0,1,100,9,0.123742,0.0599035
0,101,200,8,0.0444444,0.029321
0,201,300,9,0.177195,0.0776499
0,301,400,8,0.158531,0.0616982
0,401,500,6,0.20096,0.130713
0,501,600,4,0.29784,0.219298
0,601,700,7,0.18325,0.116379
0,701,800,8,0.294466,0.214477
0,801,900,7,0.377778,0.162698
0,901,1000,8,0.14997,0.0557458
8,1,100,1,0.0,0.0
8,101,200,3,0.531835,0.216931
8,201,300,4,0.561632,0.212515
8,301,400,7,0.491342,0.151472
8,401,500,9,0.489187,0.102379
8,501,600,3,0.741201,0.50486
8,601,700,6,0.511494,0.230973
8,701,800,3,0.033189,0.03003
8,801,900,5,0.205451,0.12273
8,901,1000,4,0.701968,0.406375
18,1,100,12,0.104783,0.0942059
18,101,200,13,0.00866463,0.0169368
18,201,300,5,0.164021,0.114141
18,301,400,13,0.0464241,0.0369147
18,401,500,9,0.130435,0.101908
18,501,600,5,0.0646579,0.0492765
18,601,700,12,0.0999548,0.0889429
18,701,800,12,0.0611171,0.0443285
18,801,900,8,0.0757808,0.0771465
18,901,1000,12,0.0482427,0.0369088
14,1,100,10,0.435897,0.364444
14,101,200,17,0.384751,0.293884
14,201,300,11,0.38675,0.248529
14,301,400,16,0.395998,0.306479
14,401,500,11,0.40254,0.303674
14,501,600,17,0.364708,0.250677
14,601,700,14,0.358676,0.264308
14,701,800,20,0.40073,0.31055
14,801,900,14,0.410448,0.308824
14,901,1000,20,0.371669,0.26454
11,1,100,12,0.410311,0.30363
11,101,200,15,0.429971,0.278561
11,201,300,15,0.479675,0.396662
11,301,400,13,0.471165,0.330472
11,401,500,11,0.481481,0.312213
11,501,600,12,0.468457,0.377177
11,601,700,10,0.357674,0.193191
11,701,800,17,0.42116,0.313549
11,801,900,11,0.47151,0.327365
11,901,1000,12,0.484036,0.335438
11,1,100,8,0.347643,0.163352
11,101,200,8,0.39693,0.241028
11,201,300,5,0.351032,0.157516
11,301,400,6,0.284468,0.175636
11,401,500,6,0.408116,0.171874
11,501,600,6,0.350427,0.167409
11,601,700,5,0.031746,0.0222222
11,701,800,4,0.209622,0.121717
11,801,900,7,0.271845,0.166418
11,901,1000,10,0.3377,0.124729
19,1,100,8,0.0400951,0.0354471
19,101,200,9,0.120473,0.0611562
19,201,300,7,0.150239,0.0820461
19,301,400,14,0.0296053,0.0336614
19,401,500,11,-0.00590198,0.0094123
19,501,600,9,0.0945966,0.0626986
19,601,700,10,0.114114,0.0529202
19,701,800,8,0.247967,0.169865
19,801,900,5,0.123377,0.0972074
19,901,1000,8,0.117877,0.0664937
17,1,100,10,0.279279,0.112884
17,101,200,6,0.310734,0.135937
17,201,300,10,-0.0187324,-0.00833228
17,301,400,6,0.00422914,0.00665457
17,401,500,6,0.392631,0.214937
17,501,600,5,0.484996,0.232612
17,601,700,15,0.122568,0.0595065
17,701,800,12,0.329303,0.134214
17,801,900,11,0.292181,0.091894
17,901,1000,7,0.368361,0.17794
11,1,100,2,-0.0233918,-0.015873
11,101,200,10,0.614048,0.369595
11,201,300,7,0.0561529,0.0346805
11,301,400,2,0.0,0.0
11,401,500,8,0.481743,0.123807
11,501,600,3,0.164983,0.17208
11,601,700,3,0.309117,0.156875
11,701,800,4,0.547222,0.34712
11,801,900,2,-4.62593e-17,-3.46945e-17
11,901,1000,7,0.663797,0.319618
8,1,100,6,0.203198,0.169214
8,101,200,11,0.233891,0.213878
8,201,300,6,0.2164,0.17163
8,301,400,6,0.22449,0.167069
8,401,500,12,0.289919,0.269732
8,501,600,10,0.205258,0.154142
8,601,700,16,0.264329,0.219796
8,701,800,8,0.259779,0.241182
8,801,900,9,0.211622,0.176391
8,901,1000,9,0.255927,0.207764
2,1,100,10,0.0896316,0.0701182
2,101,200,7,0.0524535,0.0579604
2,201,300,7,0.151936,0.120007
2,301,400,11,0.0837139,0.0523549
2,401,500,7,0.0598291,0.0350041
2,501,600,5,0.0128755,-0.00841559
2,601,700,5,0.0413943,0.0205125
2,701,800,11,0.0827191,0.0692796
2,801,900,4,0.0539452,0.0357316
2,901,1000,9,0.0196078,-0.00215417
1,1,100,9,0.350366,0.150807
1,101,200,10,0.322222,0.206921
1,201,300,14,0.242213,0.0933835
1,301,400,15,0.295171,0.152077
1,401,500,10,0.309468,0.155196
1,501,600,12,0.401084,0.109127
1,601,700,8,0.407123,0.249517
1,701,800,9,0.425672,0.212358
1,801,900,11,0.421911,0.239076
1,901,1000,11,0.368981,0.234362
14,1,100,11,0.492954,0.375253
14,101,200,12,0.409577,0.209217
14,201,300,7,0.432099,0.247721
14,301,400,13,0.403758,0.209633
14,401,500,11,0.383214,0.257935
14,501,600,12,0.465541,0.33627
14,601,700,9,0.37494,0.224634
14,701,800,7,0.20398,0.130981
14,801,900,7,0.406722,0.325276
14,901,1000,10,0.358108,0.300362
10,1,100,14,0.281566,0.18368
10,101,200,9,0.255298,0.151314
10,201,300,6,0.189498,0.0859788
10,301,400,9,0.262295,0.160036
10,401,500,11,0.249573,0.15131
10,501,600,9,0.267311,0.197163
10,601,700,9,0.313614,0.205738
10,701,800,10,0.264541,0.149258
10,801,900,7,0.248366,0.184437
10,901,1000,7,0.208145,0.122986
13,1,100,14,0.039039,0.00520819
13,101,200,10,0.106044,0.0145781
13,201,300,8,0.206349,0.0492063
13,301,400,10,0.107612,0.0460317
13,401,500,10,0.104938,0.0362554
13,501,600,12,0.126984,0.0399462
13,601,700,11,0.238568,0.108054
13,701,800,10,-0.0291439,-0.0253968
13,801,900,13,0.0740741,0.0171261
13,901,1000,5,0.100529,0.0668803
18,1,100,10,0.563623,0.241198
18,101,200,9,0.565564,0.362442
18,201,300,5,0.630318,0.458064
18,301,400,10,0.495169,0.174559
18,401,500,5,0.586631,0.305258
18,501,600,8,0.546189,0.366151
18,601,700,10,0.612933,0.300172
18,701,800,11,0.418538,0.12634
18,801,900,10,0.635535,0.370258
18,901,1000,6,0.587719,0.390765
16,1,100,10,0.0621266,0.0595117
16,101,200,13,0.128499,0.12108
16,201,300,3,0.117647,0.0917313
16,301,400,5,0.0726159,0.0573574
16,401,500,14,0.041514,0.0570202
16,501,600,6,0.072104,0.0683269
16,601,700,7,0.14952,0.117091
16,701,800,12,0.0572977,0.0575195
16,801,900,10,0.126157,0.0993676
16,901,1000,12,0.0990338,0.0800291
0,1,100,10,0.677656,0.392339
0,101,200,9,0.680284,0.41873
0,201,300,3,0.644444,0.300926
0,301,400,7,0.493554,0.199499
0,401,500,7,0.57473,0.246957
0,501,600,13,0.626252,0.321042
0,601,700,5,0.454861,0.246812
0,701,800,7,0.483978,0.130255
0,801,900,4,0.590909,0.230324
0,901,1000,9,0.228107,0.101579
17,1,100,4,0.189435,0.0809621
17,101,200,5,0.215087,0.135435
17,201,300,3,0.633279,0.295387
17,301,400,9,0.388889,0.176914
17,401,500,8,0.240608,0.140639
17,501,600,6,0.197531,0.141569
17,601,700,11,0.178523,0.11937
17,701,800,7,0.204893,0.151412
17,801,900,8,0.207459,0.12233
17,901,1000,6,0.228723,0.178585
12,1,100,6,0.436354,0.241462
12,101,200,10,0.177409,0.0669087
12,201,300,7,0.0145503,0.0214377
12,301,400,3,0.0489642,0.0361953
12,401,500,7,0.266362,0.156943
12,501,600,5,0.337068,0.128873
12,601,700,9,0.189342,0.0773355
12,701,800,5,0.0501506,0.0415048
12,801,900,5,0.45679,0.135897
12,901,1000,7,0.0568475,0.0544733
18,1,100,4,0.345794,0.194295
18,101,200,3,0.422799,0.394663
18,201,300,5,0.316239,0.162843
18,301,400,6,0.189435,0.122575
18,401,500,5,0.381153,0.231733
18,501,600,1,0.0,0.0
18,601,700,8,0.30622,0.167442
18,701,800,5,0.457646,0.370863
18,801,900,9,0.467227,0.282782
18,901,1000,3,0.121864,0.0931538
17,1,100,15,0.191385,0.0854018
17,101,200,13,0.216374,0.142751
17,201,300,9,0.234136,0.159519
17,301,400,14,0.110796,0.091831
17,401,500,6,0.265306,0.204895
17,501,600,7,0.223647,0.125408
17,601,700,11,0.169719,0.105529
17,701,800,8,0.17847,0.106239
17,801,900,8,0.249476,0.16756
17,901,1000,7,0.189318,0.0789474
15,1,100,10,0.104056,0.0562396
15,101,200,9,0.122085,0.0865763
15,201,300,5,0.141414,0.112782
15,301,400,11,0.00955254,0.0189086
15,401,500,10,0.14094,0.0838684
15,501,600,4,0.18254,0.134259
15,601,700,5,0.126984,0.0888889
15,701,800,10,0.0688576,0.0456019
15,801,900,9,0.0863454,0.0607746
15,901,1000,4,0.0869087,0.0778093
11,1,100,9,0.123223,0.0866973
11,101,200,12,0.164651,0.116107
11,201,300,9,0.243256,0.184445
11,301,400,6,0.389911,0.218773
11,401,500,7,0.166667,0.116935
11,501,600,5,0.0519878,0.0283626
11,601,700,3,0.00226757,0.000974659
11,701,800,4,0.280461,0.161458
11,801,900,8,0.280668,0.180931
11,901,1000,4,0.0917874,0.0574495
0,1,100,8,0.333333,0.245949
0,101,200,9,0.127493,0.11682
0,201,300,9,0.246488,0.186214
0,301,400,9,0.217551,0.181917
0,401,500,6,0.403175,0.259259
0,501,600,6,0.251208,0.152006
0,601,700,12,0.290476,0.225566
0,701,800,9,0.251634,0.149177
0,801,900,8,0.285494,0.1739
0,901,1000,11,0.313358,0.179681
1,1,100,6,0.561228,0.500565
1,101,200,15,0.544092,0.385603
1,201,300,6,0.511296,0.329772
1,301,400,7,0.326151,0.203556
1,401,500,8,0.341534,0.248313
1,501,600,10,0.432159,0.301994
1,601,700,17,0.520075,0.312795
1,701,800,13,0.515952,0.349507
1,801,900,12,0.401445,0.216201
1,901,1000,9,0.367063,0.226786
7,1,100,4,-0.0138249,0.0180617
7,101,200,10,-0.042988,-0.0332944
7,201,300,10,0.116541,0.0876677
7,301,400,11,-0.0296935,-0.0181777
7,401,500,12,0.0848825,0.0823709
7,501,600,13,0.0724143,0.0585484
7,601,700,15,0.001287,0.013869
7,701,800,9,0.0386251,0.0339695
7,801,900,6,-0.021571,-0.0103677
7,901,1000,11,0.0959119,0.0635749
11,1,100,6,0.294872,0.119192
11,101,200,9,0.478395,0.155704
11,201,300,4,0.553245,0.282874
11,301,400,6,0.255556,0.105556
11,401,500,8,0.34,0.259963
11,501,600,3,0.166667,0.141975
11,601,700,4,0.275905,0.136647
11,701,800,4,0.56705,0.326525
11,801,900,3,0.0793651,0.0617284
11,901,1000,4,0.603175,0.395128
2,1,100,9,0.0546979,0.0427137
2,101,200,14,0.132977,0.0652652
2,201,300,3,-0.025641,-0.0175439
2,301,400,10,0.171498,0.108995
2,401,500,6,0.0441176,0.0303274
2,501,600,11,0.0379404,0.0189472
2,601,700,10,0.0899471,0.0518519
2,701,800,9,0.0353535,0.0338036
2,801,900,14,0.195744,0.109997
2,901,1000,11,0.0959596,0.0555556
2,1,100,10,0.261531,0.162638
2,101,200,5,0.320351,0.238248
2,201,300,3,0.24209,0.179487
2,301,400,9,0.359127,0.286523
2,401,500,9,0.254079,0.218252
2,501,600,4,0.237833,0.0790598
2,601,700,6,0.152678,0.131925
2,701,800,10,0.207921,0.11782
2,801,900,5,0.122963,0.0826714
2,901,1000,7,0.302409,0.143275
3,1,100,6,-0.0031348,0.0143762
3,101,200,10,0.0909091,0.0685496
3,201,300,10,0.0246517,0.0346304
3,301,400,7,0.0859934,0.0615566
3,401,500,10,0.040404,0.0525643
3,501,600,11,0.00575333,0.00303091
3,601,700,6,0.0373784,0.0369762
3,701,800,11,0.0994991,0.0790317
3,801,900,8,0.0175992,0.015117
3,901,1000,12,0.0263653,0.0408951
4,1,100,8,0.349036,0.271338
4,101,200,3,0.368056,0.21156
4,201,300,9,0.212413,0.182272
4,301,400,7,0.259259,0.169912
4,401,500,15,0.279693,0.225612
4,501,600,12,0.217129,0.143423
4,601,700,5,0.217964,0.188708
4,701,800,9,0.267634,0.235103
4,801,900,10,0.312242,0.281131
4,901,1000,13,0.251366,0.177149
5,1,100,7,-0.0323887,-0.0133881
5,101,200,3,0.0444444,0.037037
5,201,300,7,-0.00653595,0.0187243
5,301,400,9,0.0791217,0.0631373
5,401,500,9,-0.0160428,0.00753044
5,501,600,8,0.145299,0.107677
5,601,700,10,0.0255732,0.0362319
5,701,800,15,0.148088,0.103223
5,801,900,2,-0.0119048,0.0144928
5,901,1000,8,0.0685834,0.0599792
0,1,100,9,0.101156,0.0599913
0,101,200,7,0.111111,0.0820106
0,201,300,9,0.196366,0.127108
0,301,400,9,0.371981,0.20192
0,401,500,11,0.0757808,0.0542354
0,501,600,9,0.0704225,0.0441449
0,601,700,9,0.119304,0.082866
0,701,800,14,0.119842,0.0968012
0,801,900,6,0.150517,0.1275
0,901,1000,6,0.127883,0.0797337
18,1,100,12,0.0943683,0.0587594
18,101,200,15,0.10303,0.0628947
18,201,300,16,0.151623,0.11203
18,301,400,10,0.137403,0.0809633
18,401,500,13,0.123885,0.0878913
18,501,600,16,0.123457,0.0596121
18,601,700,12,0.136239,0.0842792
18,701,800,17,0.151321,0.0992902
18,801,900,6,0.161193,0.102263
18,901,1000,16,0.121902,0.0848688
19,1,100,10,0.152654,0.146154
19,101,200,10,0.219092,0.189953
19,201,300,12,0.0835929,0.0708957
19,301,400,6,0.246988,0.184524
19,401,500,7,0.231824,0.208486
19,501,600,11,0.131505,0.0893961
19,601,700,10,0.0744607,0.0668048
19,701,800,9,0.0982906,0.0864198
19,801,900,14,0.248292,0.207109
19,901,1000,9,0.158249,0.140551
15,1,100,4,0.520202,0.322619
15,101,200,14,0.264177,0.155294
15,201,300,8,0.469398,0.225038
15,301,400,7,0.111111,0.0708995
15,401,500,2,0.640063,0.487526
15,501,600,5,0.150327,0.124444
15,601,700,4,0.0888889,0.0740741
15,701,800,10,0.40137,0.209145
15,801,900,9,0.380952,0.192063
15,901,1000,8,0.303797,0.143583
4,1,100,17,0.288499,0.12549
4,101,200,11,0.235294,0.120875
4,201,300,7,0.376478,0.201397
4,301,400,11,0.261413,0.143801
4,401,500,10,0.312169,0.119536
4,501,600,10,0.165722,0.0948491
4,601,700,18,0.359319,0.152703
4,701,800,11,0.349442,0.19763
4,801,900,15,0.270047,0.132686
4,901,1000,14,0.344154,0.198344
3,1,100,14,0.141087,0.118195
3,101,200,14,0.168977,0.148934
3,201,300,9,0.13665,0.0720375
3,301,400,11,0.133292,0.116342
3,401,500,7,0.0824763,0.061625
3,501,600,10,0.145497,0.0947368
3,601,700,14,0.110699,0.0827194
3,701,800,9,0.175219,0.153161
3,801,900,10,0.238281,0.155748
3,901,1000,12,0.147746,0.110241
16,1,100,6,0.0261887,0.0306826
16,101,200,9,0.265981,0.164146
16,201,300,8,0.199689,0.137652
16,301,400,3,0.153925,0.106215
16,401,500,13,0.139442,0.0898451
16,501,600,12,0.123867,0.0653316
16,601,700,4,0.232804,0.0966729
16,701,800,9,0.23445,0.0600294
16,801,900,10,0.115426,0.0748963
16,901,1000,9,0.168684,0.105816
9,1,100,9,0.27601,0.212588
9,101,200,9,0.291251,0.0989416
9,201,300,8,0.409918,0.270039
9,301,400,7,0.198068,0.201247
9,401,500,10,0.467901,0.35361
9,501,600,9,0.368505,0.248875
9,601,700,9,0.200116,0.12985
9,701,800,7,0.380342,0.254846
9,801,900,7,0.391462,0.164561
9,901,1000,10,0.422821,0.265959
19,1,100,14,0.140884,0.0872954
19,101,200,13,0.14787,0.118754
19,201,300,11,0.191919,0.147521
19,301,400,13,0.157706,0.0936377
19,401,500,13,0.18853,0.137762
19,501,600,8,0.162641,0.093296
19,601,700,9,0.0923318,0.0749873
19,701,800,9,0.135593,0.124661
19,801,900,5,0.238411,0.149875
19,901,1000,13,0.0766022,0.0506448
15,1,100,13,-0.0223835,-0.017227
15,101,200,11,-0.0137702,0.0152829
15,201,300,10,-0.0456313,-0.0190828
15,301,400,12,-0.0106383,0.0135629
15,401,500,12,-0.0125171,0.000930202
15,501,600,18,-0.0183624,-0.00104469
15,601,700,14,-0.0114862,0.0108514
15,701,800,15,-0.0166094,0.0250757
15,801,900,24,-0.0227498,0.00225621
15,901,1000,11,-0.0496105,-0.0262555
6,1,100,13,0.0584795,0.025641
6,101,200,10,0.237851,0.0549145
6,201,300,11,0.289617,0.109576
6,301,400,9,0.448943,0.18154
6,401,500,10,0.314815,0.116368
6,501,600,14,0.248555,0.0655929
6,601,700,8,0.383095,0.117191
6,701,800,9,0.413333,0.0952381
6,801,900,9,0.111111,0.0288066
6,901,1000,12,0.178744,0.0555188
14,1,100,10,0.149357,0.104449
14,101,200,11,0.466256,0.182009
14,201,300,8,0.229441,0.143771
14,301,400,4,0.0981241,0.0967172
14,401,500,12,0.206947,0.142054
14,501,600,4,0.188034,0.13756
14,601,700,9,0.188889,0.117872
14,701,800,10,0.412738,0.157029
14,801,900,3,0.212963,0.14903
14,901,1000,10,0.222222,0.181534
5,1,100,6,0.488946,0.266215
5,101,200,8,0.42928,0.415551
5,201,300,7,0.400152,0.217256
5,301,400,10,0.393939,0.188583
5,401,500,5,0.333333,0.219012
5,501,600,8,0.406939,0.238039
5,601,700,6,0.415709,0.320839
5,701,800,14,0.475873,0.341689
5,801,900,6,0.465978,0.31653
5,901,1000,9,0.275165,0.175656
12,1,100,4,0.0833333,0.0555556
12,101,200,5,0.503086,0.338384
12,201,300,5,0.466667,0.329293
12,301,400,10,0.397119,0.236616
12,401,500,7,0.457143,0.219336
12,501,600,8,0.391278,0.370639
12,601,700,7,0.383142,0.17316
12,701,800,4,0.35,0.210438
12,801,900,11,0.410935,0.247857
12,901,1000,5,0.337037,0.262963
8,1,100,8,0.0769231,0.0505051
8,101,200,8,0.406661,0.259611
8,201,300,7,0.401117,0.25896
8,301,400,9,0.257846,0.0876982
8,401,500,6,0.43096,0.258405
8,501,600,4,0.340741,0.147222
8,601,700,6,0.414488,0.235399
8,701,800,6,0.368549,0.188644
8,801,900,11,0.267139,0.102694
8,901,1000,4,0.0925926,0.087963
8,1,100,11,0.307082,0.0997621
8,101,200,7,0.503916,0.227899
8,201,300,12,0.0145503,0.0239899
8,301,400,7,0.451952,0.249362
8,401,500,8,0.458149,0.283423
8,501,600,10,0.139893,0.0808696
8,601,700,6,0.47619,0.133598
8,701,800,11,0.250823,0.094929
8,801,900,9,0.42072,0.230949
8,901,1000,12,0.351204,0.220658
17,1,100,8,0.751773,0.56713
17,101,200,4,0.780781,0.435571
17,201,300,10,0.70266,0.375308
17,301,400,11,0.801318,0.512149
17,401,500,7,0.794974,0.578223
17,501,600,9,0.436069,0.162952
17,601,700,5,0.582614,0.32697
17,701,800,8,0.487663,0.150032
17,801,900,14,0.751068,0.340057
17,901,1000,7,0.790378,0.681217
13,1,100,6,0.177603,0.115676
13,101,200,11,0.481653,0.289973
13,201,300,10,0.10005,0.0798225
13,301,400,7,0.412638,0.296682
13,401,500,8,0.180283,0.128982
13,501,600,5,0.628326,0.520803
13,601,700,11,0.418576,0.266982
13,701,800,17,0.501883,0.283018
13,801,900,16,0.37594,0.238211
13,901,1000,11,0.273504,0.195284
18,1,100,9,-0.00462599,-0.00901314
18,101,200,7,-0.040666,-0.0211196
18,201,300,7,-0.0430108,-0.0217643
18,301,400,6,0.0316004,0.0323822
18,401,500,12,-0.0298598,-0.012287
18,501,600,5,-0.0293571,-0.0284306
18,601,700,6,-0.0378086,-0.0114638
18,701,800,11,-0.0268069,-0.0134245
18,801,900,7,0.0594926,0.0710506
18,901,1000,8,-0.0131619,-0.00156543
19,1,100,8,0.101509,0.0671368
19,101,200,6,0.201389,0.0873016
19,201,300,9,0.351421,0.195496
19,301,400,9,0.179717,0.122575
19,401,500,7,0.453159,0.325833
19,501,600,9,0.0745732,0.0703783
19,601,700,11,0.204861,0.100289
19,701,800,8,0.188713,0.114312
19,801,900,7,0.296086,0.168745
19,901,1000,4,0.0633075,0.0658213
14,1,100,17,0.584882,0.421299
14,101,200,16,0.636582,0.500331
14,201,300,11,0.646313,0.563104
14,301,400,13,0.673789,0.577534
14,401,500,9,0.565804,0.386726
14,501,600,16,0.649028,0.535986
14,601,700,15,0.65128,0.549451
14,701,800,9,0.626736,0.513409
14,801,900,12,0.617906,0.513305
14,901,1000,10,0.606676,0.425763
17,1,100,12,0.0176855,0.0185785
17,101,200,14,0.0424921,0.0364758
17,201,300,13,0.0583804,0.0416747
17,301,400,12,0.00468707,0.00426497
17,401,500,7,0.0428744,0.0264829
17,501,600,6,0.014014,0.0199805
17,601,700,8,0.0222222,0.0103801
17,701,800,11,0.0849206,0.037589
17,801,900,8,0.144099,0.100653
17,901,1000,10,0.0283224,0.0295739
16,1,100,4,-0.0116086,0.00106838
16,101,200,4,0.0087146,0.0213675
16,201,300,8,0.323136,0.24125
16,301,400,3,-3.46945e-17,-2.31296e-17
16,401,500,2,0.037037,0.0277778
16,501,600,8,0.308128,0.145522
16,601,700,5,0.0493827,0.0444444
16,701,800,2,0.353535,0.237654
16,801,900,5,0.206349,0.140926
16,901,1000,6,0.0186537,0.0354345
16,1,100,9,0.271605,0.161242
16,101,200,10,0.149306,0.122222
16,201,300,11,0.208692,0.154035
16,301,400,4,0.133333,0.0833333
16,401,500,10,0.156041,0.131723
16,501,600,9,0.295839,0.185792
16,601,700,9,0.249513,0.18473
16,701,800,7,0.306667,0.138528
16,801,900,14,0.183445,0.155311
16,901,1000,10,0.162349,0.120398
10,1,100,13,0.469258,0.260293
10,101,200,14,0.467096,0.185695
10,201,300,8,0.243124,0.151341
10,301,400,9,0.494562,0.203784
10,401,500,11,0.317204,0.157878
10,501,600,18,0.47296,0.298667
10,601,700,10,0.399123,0.199739
10,701,800,16,0.478436,0.215217
10,801,900,16,0.254214,0.117454
10,901,1000,11,0.470104,0.277437
2,1,100,10,0.207441,0.118625
2,101,200,10,0.242424,0.126515
2,201,300,14,0.193333,0.120559
2,301,400,10,0.368687,0.176431
2,401,500,11,0.0835103,0.0641528
2,501,600,7,0.0555556,0.0555556
2,601,700,11,0.05,0.0454545
2,701,800,10,0.0629183,0.0531754
2,801,900,7,0.244562,0.171494
2,901,1000,10,0.268078,0.120853
9,1,100,3,0.0952381,0.0740741
9,101,200,10,0.16088,0.108533
9,201,300,5,0.151515,0.062963
9,301,400,4,0.214815,0.143519
9,401,500,6,0.0493827,0.0277778
9,501,600,5,0.157407,0.0740741
9,601,700,7,0.15873,0.101323
9,701,800,6,0.163399,0.0950617
9,801,900,9,0.275629,0.142368
9,901,1000,7,0.0998594,0.0477989
5,1,100,9,0.116162,0.0565844
5,101,200,5,0.11985,0.0859477
5,201,300,7,0.337963,0.121693
5,301,400,7,0.479847,0.216553
5,401,500,5,0.412186,0.280952
5,501,600,4,0.191358,0.1875
5,601,700,5,0.430556,0.28127
5,701,800,4,0.514403,0.300926
5,801,900,7,0.561111,0.390779
5,901,1000,4,0.274691,0.154101
2,1,100,8,0.25,0.154167
2,101,200,11,0.308002,0.160999
2,201,300,7,0.30117,0.196425
2,301,400,8,0.233716,0.139583
2,401,500,6,0.248366,0.170165
2,501,600,5,0.617721,0.272345
2,601,700,12,0.243354,0.15481
2,701,800,8,0.297491,0.153858
2,801,900,14,0.314389,0.196924
2,901,1000,6,0.382483,0.35095
15,1,100,10,0.472102,0.366732
15,101,200,11,0.432651,0.301715
15,201,300,14,0.440322,0.286444
15,301,400,13,0.316686,0.132726
15,401,500,10,0.439599,0.26407
15,501,600,15,0.491432,0.400048
15,601,700,12,0.323914,0.226366
15,701,800,11,0.483675,0.318021
15,801,900,16,0.4767,0.410937
15,901,1000,14,0.438534,0.269328
13,1,100,11,0.0467836,0.0217197
13,101,200,14,0.0696798,0.0346957
13,201,300,9,0.0733333,0.0412257
13,301,400,10,0.0864528,0.0277578
13,401,500,13,0.121786,0.0496561
13,501,600,12,0.0444444,0.0243056
13,601,700,8,0.131245,0.0414863
13,701,800,13,0.0504334,0.0255172
13,801,900,5,0.145299,0.0755556
13,901,1000,14,0.124371,0.0479664
4,1,100,11,-0.0372013,-0.0161604
4,101,200,10,0.125077,0.0478983
4,201,300,12,0.058927,0.0397937
4,301,400,9,0.00226757,0.0102881
4,401,500,16,0.0775105,0.0333984
4,501,600,14,-0.0302688,-0.00851509
4,601,700,14,0.0641079,0.0403408
4,701,800,14,0.161649,0.0711412
4,801,900,16,0.151467,0.0649236
4,901,1000,20,0.127689,0.0468287
10,1,100,13,0.708372,0.480066
10,101,200,21,0.760756,0.5851
10,201,300,11,0.654075,0.305499
10,301,400,9,0.755907,0.564426
10,401,500,13,0.731982,0.52111
10,501,600,17,0.763927,0.542342
10,601,700,17,0.747688,0.562619
10,701,800,8,0.679089,0.344514
10,801,900,16,0.683626,0.387532
10,901,1000,14,0.768863,0.574516
2,1,100,4,0.309179,0.243981
2,101,200,2,0.843137,0.843137
2,201,300,8,0.517906,0.0903024
2,301,400,6,0.684807,0.377342
2,401,500,1,0.0555556,0.0555556
2,501,600,4,0.569444,0.267361
2,601,700,6,0.783838,0.430828
2,701,800,2,0.0,0.0
2,801,900,6,0.52381,0.155955
2,901,1000,8,0.677572,0.405351
13,1,100,4,0.553429,0.395009
13,101,200,10,0.418403,0.231755
13,201,300,11,0.265432,0.12197
13,301,400,5,0.521605,0.163818
13,401,500,2,0.314815,0.211111
13,501,600,7,0.549383,0.317982
13,601,700,9,0.459624,0.155207
13,701,800,5,0.166667,0.0700483
13,801,900,5,0.455446,0.293024
13,901,1000,7,0.33533,0.199512
1,1,100,12,0.0243902,0.0178572
1,101,200,11,0.201765,0.0880824
1,201,300,9,0.210111,0.0666849
1,301,400,14,0.372177,0.190758
1,401,500,10,0.429563,0.228672
1,501,600,12,0.293662,0.121458
1,601,700,14,0.349665,0.129319
1,701,800,16,0.149473,0.0483143
1,801,900,8,0.223906,0.0709511
1,901,1000,15,0.219734,0.0783386
10,1,100,15,0.375684,0.33968
10,101,200,10,0.372877,0.305241
10,201,300,9,0.395022,0.350011
10,301,400,13,0.311954,0.169262
10,401,500,10,0.367594,0.305044
10,501,600,12,0.309471,0.170003
10,601,700,9,0.347372,0.252916
10,701,800,8,0.318182,0.14541
10,801,900,8,0.224865,0.11334
10,901,1000,17,0.382813,0.2495
3,1,100,6,0.40404,0.14245
3,101,200,3,0.039548,0.0319865
3,201,300,7,0.504154,0.244591
3,301,400,7,0.225865,0.093166
3,401,500,3,0.367521,0.174074
3,501,600,4,0.425287,0.197344
3,601,700,5,0.616487,0.273016
3,701,800,9,0.492563,0.2249
3,801,900,5,0.0617284,0.0444444
3,901,1000,5,0.458969,0.217143
12,1,100,7,0.194556,0.14731
12,101,200,11,0.17353,0.14637
12,201,300,13,0.223456,0.147935
12,301,400,9,0.0320062,0.0461279
12,401,500,10,0.210387,0.167146
12,501,600,12,0.12882,0.100336
12,601,700,6,0.220307,0.22116
12,701,800,9,0.248203,0.201299
12,801,900,10,0.102248,0.0863377
12,901,1000,13,0.222639,0.158338
15,1,100,10,0.328231,0.273968
15,101,200,12,0.340909,0.260648
15,201,300,11,0.319211,0.284175
15,301,400,7,0.290271,0.19881
15,401,500,5,0.322917,0.206667
15,501,600,8,0.350716,0.311009
15,601,700,6,0.337659,0.23604
15,701,800,8,0.323671,0.277778
15,801,900,6,0.335917,0.275926
15,901,1000,6,0.272977,0.159259
14,1,100,9,0.327826,0.226616
14,101,200,13,0.209996,0.162429
14,201,300,6,0.079118,0.0498754
14,301,400,10,0.330218,0.193373
14,401,500,9,0.326001,0.301552
14,501,600,11,0.346169,0.171705
14,601,700,10,0.232365,0.136039
14,701,800,16,0.295533,0.238076
14,801,900,14,0.190691,0.152652
14,901,1000,6,0.249476,0.23577
7,1,100,6,-0.0391236,-0.0158596
7,101,200,8,-0.0532407,-0.0532407
7,201,300,7,0.00641026,0.0136621
7,301,400,7,-0.00612423,0.0111489
7,401,500,10,0.00700554,0.0235937
7,501,600,8,-0.0272109,-0.00503221
7,601,700,12,-0.0107717,0.011939
7,701,800,11,-0.0281334,-0.0180585
7,801,900,14,-0.0364842,-0.0143039
7,901,1000,4,-0.0532407,-0.0532407
15,1,100,5,0.21441,0.190123
15,101,200,6,0.26289,0.191358
15,201,300,9,0.254202,0.163712
15,301,400,6,0.201389,0.149177
15,401,500,6,0.296296,0.25
15,501,600,10,0.307707,0.241562
15,601,700,9,0.276434,0.222222
15,701,800,7,0.208861,0.167549
15,801,900,6,0.187675,0.142857
15,901,1000,9,0.245512,0.190579
9,1,100,15,0.0354767,0.032863
9,101,200,14,0.0433422,0.0447846
9,201,300,16,0.0578552,0.0449077
9,301,400,19,0.146469,0.0653914
9,401,500,26,0.102899,0.0858636
9,501,600,13,0.0379936,0.0395705
9,601,700,18,0.163077,0.0866125
9,701,800,24,0.0121055,0.0108025
9,801,900,20,0.0569561,0.0427388
9,901,1000,14,0.0664376,0.0554296
2,1,100,6,0.26087,0.151852
2,101,200,8,0.562648,0.259722
2,201,300,6,0.65812,0.398947
2,301,400,4,0.625,0.26634
2,401,500,6,0.619048,0.318519
2,501,600,12,0.841131,0.446805
2,601,700,8,0.453704,0.188725
2,701,800,10,0.84387,0.560504
2,801,900,8,0.574074,0.263194
2,901,1000,7,0.814815,0.535948
14,1,100,14,0.21046,0.132564
14,101,200,9,0.212362,0.119845
14,201,300,14,0.183519,0.120498
14,301,400,8,0.116059,0.077572
14,401,500,20,0.168794,0.126996
14,501,600,15,0.143804,0.0887479
14,601,700,14,0.140299,0.0959223
14,701,800,11,0.197531,0.162813
14,801,900,15,0.0911681,0.0542112
14,901,1000,10,0.223808,0.20124
1,1,100,10,0.408408,0.335802
1,101,200,9,0.359446,0.267345
1,201,300,6,0.377354,0.332889
1,301,400,7,0.432749,0.37486
1,401,500,17,0.386973,0.22589
1,501,600,10,0.306268,0.147222
1,601,700,17,0.329427,0.220143
1,701,800,13,0.342458,0.2368
1,801,900,6,0.380531,0.322292
1,901,1000,8,0.318008,0.13966
7,1,100,7,0.218027,0.17343
7,101,200,17,0.182341,0.130536
7,201,300,9,0.22973,0.206152
7,301,400,15,0.230896,0.162177
7,401,500,12,0.209721,0.159968
7,501,600,15,0.221481,0.165256
7,601,700,11,0.182449,0.129578
7,701,800,12,0.216134,0.13841
7,801,900,10,0.211409,0.143413
7,901,1000,9,0.2653,0.221068
4,1,100,9,0.272727,0.183248
4,101,200,9,0.305294,0.186461
4,201,300,9,0.255556,0.134744
4,301,400,15,0.27068,0.16553
4,401,500,11,0.307063,0.23729
4,501,600,14,0.332437,0.167087
4,601,700,9,0.238506,0.177006
4,701,800,11,0.210639,0.118485
4,801,900,8,0.199409,0.131083
4,901,1000,11,0.250667,0.123682
4,1,100,7,0.37142,0.159637
4,101,200,14,0.295682,0.216553
4,201,300,13,0.385343,0.16234
4,301,400,6,0.189621,0.137467
4,401,500,4,0.307692,0.23569
4,501,600,8,0.557522,0.334453
4,601,700,10,0.299517,0.166801
4,701,800,3,0.577295,0.35583
4,801,900,16,0.45795,0.287545
4,901,1000,6,0.28123,0.218198
11,1,100,7,0.151927,0.131746
11,101,200,10,0.065827,0.0729568
11,201,300,7,0.284781,0.234611
11,301,400,6,0.0454545,0.0481481
11,401,500,8,0.115942,0.116534
11,501,600,7,0.27572,0.154401
11,601,700,3,0.037037,0.0148148
11,701,800,3,0.125604,0.122222
11,801,900,10,0.0871795,0.0944444
11,901,1000,12,0.0769231,0.0472222
12,1,100,7,0.695712,0.639765
12,101,200,5,0.667995,0.453391
12,201,300,9,0.683128,0.39923
12,301,400,4,0.65812,0.373196
12,401,500,7,0.710921,0.615955
12,501,600,7,0.542073,0.294604
12,601,700,8,0.638889,0.551565
12,701,800,11,0.640934,0.461556
12,801,900,8,0.666667,0.476912
12,901,1000,4,0.576174,0.193543
3,1,100,22,0.335033,0.294987
3,101,200,18,0.261079,0.163414
3,201,300,17,0.326469,0.236786
3,301,400,19,0.295915,0.217229
3,401,500,27,0.348302,0.279224
3,501,600,21,0.352902,0.291856
3,601,700,21,0.30955,0.272899
3,701,800,17,0.283314,0.179806
3,801,900,20,0.29008,0.204001
3,901,1000,15,0.323859,0.287274
10,1,100,9,0.0507012,0.0511464
10,101,200,7,0.0200286,0.00783344
10,201,300,6,0.029282,0.0362016
10,301,400,9,0.154257,0.150397
10,401,500,6,-0.0141918,0.00313283
10,501,600,9,0.0686803,0.062185
10,601,700,12,0.113791,0.0840123
10,701,800,7,0.108012,0.0961428
10,801,900,10,0.0581442,0.0544513
10,901,1000,10,0.18449,0.135448
10,1,100,12,0.172394,0.135262
10,101,200,15,0.23517,0.11139
10,201,300,14,0.146017,0.089418
10,301,400,10,0.281416,0.215288
10,401,500,8,0.307242,0.165445
10,501,600,10,0.165594,0.0847222
10,601,700,9,0.147583,0.0816239
10,701,800,10,0.123607,0.0992593
10,801,900,14,0.386354,0.251292
10,901,1000,8,0.0314136,0.0344907
14,1,100,8,0.0634921,0.0416667
14,101,200,7,0.15942,0.121693
14,201,300,9,0.393569,0.241427
14,301,400,8,0.369538,0.261879
14,401,500,6,0.309028,0.220459
14,501,600,12,0.305355,0.182669
14,601,700,8,0.316239,0.116435
14,701,800,9,0.261531,0.190413
14,801,900,10,0.364341,0.171852
14,901,1000,5,0.313492,0.236296
9,1,100,15,0.12515,0.109978
9,101,200,7,0.120181,0.103175
9,201,300,16,0.135802,0.115461
9,301,400,10,0.143148,0.114283
9,401,500,13,0.118005,0.0806754
9,501,600,17,0.0825397,0.0774272
9,601,700,10,0.184907,0.142674
9,701,800,11,0.104543,0.0981642
9,801,900,10,0.0966921,0.0854497
9,901,1000,17,0.124286,0.0960784
7,1,100,9,0.126257,0.110693
7,101,200,12,0.266082,0.110303
7,201,300,12,0.124453,0.0796778
7,301,400,12,0.214762,0.14964
7,401,500,8,0.231824,0.172564
7,501,600,14,0.263596,0.176461
7,601,700,11,0.261649,0.150828
7,701,800,10,0.297465,0.254877
7,801,900,8,0.0643275,0.0535251
7,901,1000,10,0.161959,0.126723
17,1,100,11,0.0677507,0.0590909
17,101,200,12,0.157706,0.0844907
17,201,300,8,0.0520833,0.0465278
17,301,400,13,0.0949821,0.0689201
17,401,500,10,0.0696438,0.0436257
17,501,600,23,0.127079,0.0763456
17,601,700,18,0.214162,0.116315
17,701,800,11,0.255189,0.162344
17,801,900,12,0.133811,0.0950952
17,901,1000,12,0.0876102,0.0620845
2,1,100,11,0.190672,0.0852927
2,101,200,10,0.203431,0.122903
2,201,300,13,0.190101,0.119938
2,301,400,9,0.0746997,0.056229
2,401,500,8,0.195794,0.0882117
2,501,600,16,0.21542,0.113076
2,601,700,9,0.194444,0.106381
2,701,800,11,0.104003,0.06181
2,801,900,9,0.18925,0.106481
2,901,1000,11,0.262821,0.144332
6,1,100,11,0.110512,0.0759204
6,101,200,9,0.0938511,0.0629268
6,201,300,9,0.0758294,0.0868177
6,301,400,8,0.291005,0.0818603
6,401,500,8,0.0677753,0.0708436
6,501,600,9,0.20295,0.161281
6,601,700,10,0.059501,0.0669923
6,701,800,10,0.355929,0.268649
6,801,900,5,0.169263,0.192951
6,901,1000,7,0.273504,0.217106
14,1,100,9,0.144444,0.128584
14,101,200,9,0.0866639,0.0625316
14,201,300,11,0.0471431,0.0478521
14,301,400,14,0.0759076,0.0862359
14,401,500,18,0.134076,0.115288
14,501,600,13,0.0678211,0.0697255
14,601,700,13,0.118357,0.122839
14,701,800,12,0.0154525,0.0258803
14,801,900,15,0.120415,0.064857
14,901,1000,7,0.00947459,0.0373577
1,1,100,10,0.191048,0.117856
1,101,200,8,0.174124,0.124772
1,201,300,10,0.156515,0.131403
1,301,400,9,0.164306,0.142206
1,401,500,11,0.181287,0.154984
1,501,600,10,0.144106,0.12845
1,601,700,6,0.159452,0.113013
1,701,800,13,0.240266,0.180044
1,801,900,12,0.170788,0.131883
1,901,1000,8,0.189325,0.158186
13,1,100,8,0.517891,0.308333
13,101,200,2,0.6875,0.366667
13,201,300,10,0.588962,0.341351
13,301,400,10,0.519351,0.297165
13,401,500,8,0.624223,0.458725
13,501,600,9,0.513147,0.281664
13,601,700,3,0.444444,0.265432
13,701,800,6,0.380117,0.114198
13,801,900,7,0.483815,0.26456
13,901,1000,9,0.516408,0.333652
9,1,100,9,0.144444,0.0860082
9,101,200,8,0.0997151,0.103472
9,201,300,11,0.106061,0.0878788
9,301,400,12,0.0785364,0.0885582
9,401,500,9,0.0738193,0.0702504
9,501,600,13,0.141414,0.123219
9,601,700,17,0.0962795,0.103732
9,701,800,12,0.0678419,0.0631579
9,801,900,10,0.158552,0.155891
9,901,1000,15,0.110015,0.0963158
4,1,100,15,0.0931832,0.0382031
4,101,200,16,0.0138331,0.0204475
4,201,300,9,0.121377,0.0576493
4,301,400,10,0.0555556,0.0237213
4,401,500,6,0.215883,0.138521
4,501,600,12,0.106568,0.0655261
4,601,700,16,0.177932,0.0976576
4,701,800,17,0.115506,0.0472535
4,801,900,12,0.0821256,0.0354982
4,901,1000,13,0.150982,0.0756692
1,1,100,5,0.441358,0.31746
1,101,200,10,0.501468,0.359063
1,201,300,8,0.283951,0.233135
1,301,400,7,0.597701,0.371824
1,401,500,8,0.358796,0.256563
1,501,600,5,0.301587,0.301587
1,601,700,8,0.452107,0.320004
1,701,800,8,0.567521,0.367674
1,801,900,6,0.169591,0.115079
1,901,1000,5,0.241546,0.182857
11,1,100,8,0.514161,0.286111
11,101,200,7,0.388889,0.0833333
11,201,300,6,0.353175,0.179894
11,301,400,10,0.224444,0.141631
11,401,500,3,0.513468,0.434392
11,501,600,7,0.525641,0.325094
11,601,700,6,0.193237,0.14429
11,701,800,6,0.248538,0.162088
11,801,900,12,0.274074,0.155682
11,901,1000,11,0.333333,0.153513
12,1,100,16,-0.0348584,-0.035636
12,101,200,18,0.296173,0.0186467
12,201,300,24,0.328241,0.0605009
12,301,400,21,0.497055,0.0883737
12,401,500,25,0.430126,0.0776965
12,501,600,24,0.068642,-0.00347548
12,601,700,26,0.321552,0.0372114
12,701,800,14,0.493871,0.0860299
12,801,900,20,0.415292,0.0584365
12,901,1000,20,0.0301318,-0.0102339
0,1,100,15,0.257524,0.16669
0,101,200,14,0.305215,0.215698
0,201,300,21,0.397262,0.247046
0,301,400,14,0.215317,0.125966
0,401,500,17,0.494238,0.34256
0,501,600,15,0.384299,0.283081
0,601,700,16,0.420345,0.267481
0,701,800,18,0.259009,0.191928
0,801,900,24,0.382514,0.23756
0,901,1000,16,0.244444,0.149144
18,1,100,3,0.303704,0.185185
18,101,200,9,0.167506,0.0801972
18,201,300,5,0.261328,0.246465
18,301,400,7,0.19986,0.126913
18,401,500,6,0.126016,0.0740741
18,501,600,7,0.188566,0.0965251
18,601,700,6,0.0,0.0
18,701,800,6,0.0563166,0.0327635
18,801,900,7,0.167496,0.118984
18,901,1000,5,0.1,0.0555556
5,1,100,5,0.375538,0.18685
5,101,200,5,0.371009,0.281295
5,201,300,12,0.39741,0.257521
5,301,400,5,0.150794,0.1
5,401,500,8,0.41247,0.272143
5,501,600,11,0.345435,0.21531
5,601,700,10,0.226246,0.132824
5,701,800,6,0.410774,0.243266
5,801,900,7,0.378057,0.271625
5,901,1000,11,0.397517,0.254796
18,1,100,8,0.216556,0.173341
18,101,200,14,0.39981,0.325838
18,201,300,13,0.299811,0.223734
18,301,400,17,0.309402,0.223973
18,401,500,10,0.206349,0.175928
18,501,600,16,0.241247,0.18684
18,601,700,12,0.333057,0.24783
18,701,800,8,0.330688,0.24505
18,801,900,13,0.237875,0.194086
18,901,1000,7,0.237912,0.13585
19,1,100,14,0.281112,0.22984
19,101,200,17,0.159273,0.109604
19,201,300,12,0.217466,0.182416
19,301,400,13,0.22799,0.22116
19,401,500,10,0.202556,0.134374
19,501,600,16,0.277064,0.18892
19,601,700,11,0.264264,0.250594
19,701,800,8,0.199495,0.171627
19,801,900,10,0.353728,0.330399
19,901,1000,13,0.299242,0.230314
9,1,100,15,0.0617419,0.0537545
9,101,200,6,0.101587,0.0872317
9,201,300,13,0.0705734,0.0716659
9,301,400,12,0.0314521,0.0430031
9,401,500,14,0.0401396,0.0349661
9,501,600,11,0.0782473,0.0814052
9,601,700,13,0.10261,0.0956114
9,701,800,11,0.0838692,0.0830247
9,801,900,15,0.0643275,0.0631047
9,901,1000,10,0.165945,0.156044
7,1,100,4,0.041868,0.0378788
7,101,200,6,0.0367554,0.033488
7,201,300,10,0.258575,0.158226
7,301,400,10,0.0504038,0.0343434
7,401,500,9,0.237684,0.17484
7,501,600,7,0.337411,0.180573
7,601,700,2,0.244792,0.174834
7,701,800,8,0.278933,0.142079
7,801,900,4,0.24812,0.196276
7,901,1000,6,0.146028,0.105808
0,1,100,4,0.13149,0.11839
0,101,200,11,0.178278,0.136901
0,201,300,5,0.297619,0.236296
0,301,400,2,0.166667,0.1
0,401,500,7,0.279532,0.217827
0,501,600,9,0.274376,0.208343
0,601,700,8,0.0972222,0.0664141
0,701,800,12,0.294827,0.257688
0,801,900,4,0.0555556,0.0462963
0,901,1000,7,0.281305,0.213997
17,1,100,16,0.206803,0.180738
17,101,200,13,0.0929885,0.0939949
17,201,300,16,0.20279,0.170322
17,301,400,11,0.201235,0.131704
17,401,500,6,0.201135,0.175926
17,501,600,14,0.153439,0.095447
17,601,700,20,0.154631,0.0874756
17,701,800,13,0.160917,0.165488
17,801,900,17,0.123497,0.0891893
17,901,1000,14,0.191016,0.158939
13,1,100,8,0.401361,0.272421
13,101,200,7,0.373602,0.259715
13,201,300,12,0.376404,0.303624
13,301,400,9,0.370668,0.213062
13,401,500,4,0.257213,0.121895
13,501,600,7,0.494444,0.345845
13,601,700,11,0.487179,0.259621
13,701,800,10,0.41053,0.254981
13,801,900,18,0.360657,0.241393
13,901,1000,11,0.343621,0.210245
13,1,100,13,0.475933,0.265625
13,101,200,6,0.434464,0.201645
13,201,300,7,0.642276,0.376755
13,301,400,5,0.53317,0.312329
13,401,500,9,0.659004,0.286265
13,501,600,7,0.570537,0.258086
13,601,700,6,0.460205,0.135243
13,701,800,4,0.461078,0.292606
13,801,900,6,0.503682,0.21554
13,901,1000,6,0.760943,0.523148
7,1,100,6,0.381153,0.166415
7,101,200,10,0.468999,0.265861
7,201,300,9,0.500169,0.273749
7,301,400,12,0.498708,0.273064
7,401,500,10,0.508916,0.312598
7,501,600,13,0.464112,0.305908
7,601,700,6,0.384384,0.122718
7,701,800,14,0.183308,0.0902693
7,801,900,7,0.502924,0.386773
7,901,1000,6,0.170183,0.0972297
2,1,100,11,-0.042885,-0.0178917
2,101,200,9,0.0369331,0.0430257
2,201,300,10,-0.0307206,-0.0138534
2,301,400,13,0.0200413,0.0205198
2,401,500,6,0.0184423,0.0291351
2,501,600,10,-0.0518226,-0.0301415
2,601,700,10,-0.0388301,-0.0142678
2,701,800,11,0.0220763,0.0145041
2,801,900,11,-0.0459465,-0.0451537
2,901,1000,13,0.0181518,0.0287163
4,1,100,12,0.133388,0.0881237
4,101,200,14,0.108339,0.0975687
4,201,300,13,0.14972,0.0907427
4,301,400,13,0.0861186,0.0663445
4,401,500,16,0.123844,0.0945216
4,501,600,15,0.118607,0.0825494
4,601,700,15,0.138938,0.105161
4,701,800,16,0.163546,0.124587
4,801,900,13,0.241276,0.173154
4,901,1000,19,0.109148,0.0927607
17,1,100,8,0.19584,0.118163
17,101,200,7,0.156302,0.133976
17,201,300,4,0.0949821,0.0615355
17,301,400,3,0.262626,0.199735
17,401,500,7,0.278477,0.28707
17,501,600,12,0.219858,0.212715
17,601,700,4,0.237037,0.149306
17,701,800,9,0.246425,0.206753
17,801,900,6,0.185897,0.158645
17,901,1000,5,0.287879,0.172222
6,1,100,5,0.677249,0.16732
6,101,200,4,0.22963,0.145833
6,201,300,5,0.451659,0.199457
6,301,400,5,0.527778,0.406209
6,401,500,7,0.261649,0.179894
6,501,600,15,0.406688,0.180732
6,601,700,11,0.531944,0.325991
6,701,800,11,0.389906,0.206523
6,801,900,14,0.308458,0.193783
6,901,1000,5,0.291005,0.166667
15,1,100,5,0.331904,0.229527
15,101,200,6,0.322954,0.241816
15,201,300,9,0.377578,0.344125
15,301,400,7,0.284512,0.13758
15,401,500,8,0.253852,0.161651
15,501,600,2,0.0,0.0
15,601,700,4,0.354991,0.184489
15,701,800,8,0.444912,0.2989
15,801,900,7,0.142383,0.104756
15,901,1000,6,0.263889,0.168612
12,1,100,6,-0.0201429,-0.00581314
12,101,200,9,-0.0403662,-0.034209
12,201,300,5,-0.00694444,0.00617284
12,301,400,9,-0.015873,-0.00550942
12,401,500,10,0.0284553,0.0331497
12,501,600,4,0.0699126,0.0586735
12,601,700,10,-0.0224394,-0.00143332
12,701,800,9,0.0341322,0.0341734
12,801,900,7,-0.00854701,0.00830462
12,901,1000,6,-0.0542169,-0.0490192
17,1,100,5,0.19437,0.160079
17,101,200,7,0.336752,0.159278
17,201,300,4,0.277978,0.220631
17,301,400,6,0.114583,0.0987
17,401,500,8,0.0918316,0.0558193
17,501,600,3,0.384921,0.219397
17,601,700,5,0.439815,0.280017
17,701,800,6,0.305146,0.196648
17,801,900,7,0.382604,0.252636
17,901,1000,7,0.0569561,0.0628555
11,1,100,5,0.623086,0.47523
11,101,200,11,0.521643,0.300525
11,201,300,12,0.380298,0.227496
11,301,400,10,0.60032,0.456381
11,401,500,8,0.542314,0.369583
11,501,600,10,0.402687,0.199238
11,601,700,8,0.519969,0.38808
11,701,800,9,0.342857,0.15388
11,801,900,10,0.575453,0.435305
11,901,1000,10,0.472693,0.304031
6,1,100,7,-0.0160428,0.0100251
6,101,200,8,0.0806878,0.0835074
6,201,300,7,0.0577342,0.0802701
6,301,400,13,0.084127,0.079092
6,401,500,8,0.111111,0.104706
6,501,600,7,0.148472,0.143368
6,601,700,11,0.119769,0.0993899
6,701,800,10,-0.0223912,-0.00891813
6,801,900,6,0.160325,0.134894
6,901,1000,5,-0.0246174,-0.00818713
10,1,100,9,0.595154,0.249985
10,101,200,8,0.481132,0.284392
10,201,300,12,0.569084,0.295608
10,301,400,7,0.582082,0.279247
10,401,500,10,0.635545,0.373806
10,501,600,8,0.604489,0.297664
10,601,700,12,0.72276,0.399005
10,701,800,7,0.477285,0.181389
10,801,900,6,0.447811,0.182209
10,901,1000,8,0.434156,0.159271
15,1,100,10,0.2371,0.186291
15,101,200,16,0.183007,0.136083
15,201,300,11,0.190726,0.16866
15,301,400,17,0.189189,0.160801
15,401,500,21,0.145877,0.139603
15,501,600,13,0.19161,0.142911
15,601,700,12,0.0995044,0.0907809
15,701,800,6,0.196165,0.124047
15,801,900,18,0.133525,0.104402
15,901,1000,14,0.227994,0.188939
7,1,100,3,0.56705,0.391534
7,101,200,6,0.432099,0.278807
7,201,300,10,0.425425,0.211508
7,301,400,9,0.277778,0.132745
7,401,500,4,0.40625,0.146991
7,501,600,5,0.51634,0.425714
7,601,700,4,0.00537634,0.000420875
7,701,800,6,0.329806,0.190476
7,801,900,4,0.362477,0.193543
7,901,1000,5,0.37963,0.178571
8,1,100,8,0.707692,0.378888
8,101,200,10,0.773994,0.517036
8,201,300,7,0.640741,0.175021
8,301,400,8,0.883495,0.626827
8,401,500,5,0.894244,0.821387
8,501,600,5,0.858156,0.570919
8,601,700,5,0.935065,0.757895
8,701,800,3,0.304094,0.281746
8,801,900,7,0.750524,0.350042
8,901,1000,1,0.947368,0.947368
18,1,100,13,0.177516,0.158337
18,101,200,21,0.246841,0.220951
18,201,300,11,0.177644,0.177398
18,301,400,23,0.210586,0.168865
18,401,500,14,0.215357,0.163479
18,501,600,20,0.203301,0.161718
18,601,700,14,0.243431,0.234597
18,701,800,12,0.111365,0.082894
18,801,900,16,0.21136,0.181493
18,901,1000,16,0.243489,0.18726
1,1,100,8,0.0699405,0.0577311
1,101,200,6,0.202279,0.169158
1,201,300,6,0.120956,0.0544533
1,301,400,7,0.176429,0.0685418
1,401,500,6,0.138072,0.10242
1,501,600,9,0.0450169,0.0308168
1,601,700,6,0.0123457,-0.000661376
1,701,800,4,0.0705987,0.0412588
1,801,900,14,0.097076,0.0585087
1,901,1000,6,0.0949821,0.057383
8,1,100,20,0.585612,0.519324
8,101,200,11,0.571905,0.417366
8,201,300,18,0.472925,0.350141
8,301,400,17,0.519211,0.401544
8,401,500,18,0.602981,0.427825
8,501,600,18,0.573388,0.422982
8,601,700,13,0.593651,0.553577
8,701,800,13,0.490741,0.390376
8,801,900,11,0.508901,0.398568
8,901,1000,17,0.583473,0.537205
11,1,100,7,0.0419162,0.0365309
11,101,200,9,0.0149177,0.0255438
11,201,300,7,0.0219561,0.0209373
11,301,400,6,-0.00764732,-0.00185185
11,401,500,8,0.0740741,0.0870701
11,501,600,7,0.0643275,0.0661754
11,601,700,8,0.103079,0.0713624
11,701,800,10,0.0206916,0.0261111
11,801,900,9,0.0204678,0.0249265
11,901,1000,10,0.0281604,0.0379081
9,1,100,16,0.127989,0.0452899
9,101,200,13,0.203704,0.0982906
9,201,300,13,0.0871153,0.0245873
9,301,400,8,0.163743,0.0763889
9,401,500,18,0.135802,0.052682
9,501,600,16,0.148509,0.0589133
9,601,700,11,0.131714,0.0628234
9,701,800,10,0.150564,0.078813
9,801,900,13,0.0818988,0.054173
9,901,1000,13,0.135636,0.0682799
18,1,100,8,0.28453,0.190231
18,101,200,10,0.320699,0.240497
18,201,300,13,0.259041,0.202816
18,301,400,16,0.368843,0.238957
18,401,500,8,0.270768,0.20902
18,501,600,14,0.319704,0.276392
18,601,700,6,0.328516,0.253304
18,701,800,12,0.188034,0.103139
18,801,900,16,0.333687,0.229436
18,901,1000,10,0.42074,0.248928
6,1,100,6,0.26452,0.21131
6,101,200,7,0.216524,0.229686
6,201,300,6,0.273504,0.175926
6,301,400,6,0.319444,0.223765
6,401,500,6,0.261696,0.264275
6,501,600,6,0.296296,0.212632
6,601,700,10,0.311186,0.24839
6,701,800,8,0.279693,0.136905
6,801,900,4,0.318841,0.24537
6,901,1000,5,0.296296,0.169444
9,1,100,6,0.213333,0.153704
9,101,200,14,0.284455,0.174673
9,201,300,8,0.224728,0.131335
9,301,400,13,0.0980392,0.0897436
9,401,500,11,0.258395,0.127974
9,501,600,12,0.0816935,0.0673077
9,601,700,10,0.147847,0.0982513
9,701,800,12,0.0859667,0.0812648
9,801,900,8,0.0631808,0.0580808
9,901,1000,13,0.104762,0.0940171
9,1,100,14,0.219955,0.155035
9,101,200,9,0.220006,0.194085
9,201,300,11,0.252616,0.235565
9,301,400,11,0.241817,0.197359
9,401,500,12,0.184042,0.182504
9,501,600,13,0.132956,0.106932
9,601,700,13,0.274587,0.231411
9,701,800,9,0.216427,0.187089
9,801,900,13,0.221572,0.164654
9,901,1000,13,0.25178,0.233302
6,1,100,8,0.269065,0.185996
6,101,200,5,0.190207,0.0879543
6,201,300,9,0.187203,0.15294
6,301,400,8,0.270101,0.127847
6,401,500,11,0.33304,0.23766
6,501,600,13,0.186508,0.0908531
6,601,700,8,0.236271,0.148453
6,701,800,9,0.291005,0.0983508
6,801,900,5,0.0899471,0.0938272
6,901,1000,5,0.107867,0.0982938
4,1,100,20,0.156811,0.120222
4,101,200,11,0.0312376,0.0319865
4,201,300,18,0.165013,0.102927
4,301,400,16,0.128802,0.0830281
4,401,500,14,0.184248,0.132868
4,501,600,26,0.0647838,0.0566005
4,601,700,16,0.114548,0.0807578
4,701,800,13,0.0778058,0.049509
4,801,900,16,0.197966,0.134245
4,901,1000,19,0.227408,0.152519
19,1,100,6,0.336581,0.278882
19,101,200,6,0.112619,0.13383
19,201,300,9,0.214311,0.164764
19,301,400,4,0.323671,0.197222
19,401,500,9,0.328326,0.245567
19,501,600,8,0.260234,0.159259
19,601,700,12,0.319333,0.209769
19,701,800,5,0.145299,0.0777778
19,801,900,5,0.215556,0.215556
19,901,1000,10,0.309942,0.185556
8,1,100,22,0.536555,0.395605
8,101,200,16,0.554144,0.446459
8,201,300,17,0.532998,0.402501
8,301,400,17,0.57372,0.323126
8,401,500,18,0.562012,0.297985
8,501,600,18,0.537598,0.408686
8,601,700,15,0.528838,0.363526
8,701,800,19,0.592735,0.448797
8,801,900,14,0.583545,0.383076
8,901,1000,20,0.592076,0.430271
4,1,100,11,0.594035,0.486532
4,101,200,9,0.602981,0.427825
4,201,300,12,0.47283,0.301142
4,301,400,6,0.536248,0.388984
4,401,500,11,0.509353,0.367884
4,501,600,12,0.626045,0.613096
4,601,700,10,0.564144,0.460171
4,701,800,7,0.464613,0.303093
4,801,900,3,0.392954,0.202279
4,901,1000,7,0.625545,0.553826
5,1,100,8,0.572875,0.407225
5,101,200,4,0.47619,0.212302
5,201,300,8,0.462679,0.222701
5,301,400,9,0.58556,0.371111
5,401,500,7,0.584444,0.324263
5,501,600,6,0.619978,0.449134
5,601,700,6,0.579397,0.344637
5,701,800,10,0.564909,0.334885
5,801,900,13,0.430272,0.205505
5,901,1000,7,0.630237,0.405896
16,1,100,18,0.211607,0.178665
16,101,200,20,0.193583,0.176963
16,201,300,19,0.262636,0.198868
16,301,400,13,0.227987,0.174912
16,401,500,12,0.236853,0.216021
16,501,600,12,0.164568,0.132838
16,601,700,16,0.184155,0.149638
16,701,800,10,0.205562,0.164991
16,801,900,17,0.184523,0.1518
16,901,1000,13,0.222687,0.187548
19,1,100,6,0.017094,0.0123457
19,101,200,11,0.0375409,0.0271556
19,201,300,7,0.0678825,0.0676181
19,301,400,12,0.065222,0.0537127
19,401,500,9,0.0545204,0.0410958
19,501,600,6,0.192177,0.128094
19,601,700,7,0.0482514,0.0268001
19,701,800,13,0.0216843,0.0176905
19,801,900,8,0.0676884,0.0441952
19,901,1000,5,0.209271,0.143186
12,1,100,11,0.315863,0.217952
12,101,200,14,0.328338,0.171288
12,201,300,13,0.260417,0.135531
12,301,400,7,0.251208,0.143468
12,401,500,9,0.281046,0.120798
12,501,600,6,0.234568,0.192593
12,601,700,13,0.350334,0.240058
12,701,800,12,0.209064,0.137269
12,801,900,6,0.385802,0.206268
12,901,1000,10,0.262362,0.110825
6,1,100,10,0.0236524,0.0372997
6,101,200,12,-0.00644122,0.00887932
6,201,300,6,-0.0344828,-0.0175335
6,301,400,14,0.017094,0.0336879
6,401,500,10,0.0859259,0.0971894
6,501,600,10,0.0917473,0.0874613
6,601,700,11,0.070922,0.0447106
6,701,800,13,0.0442205,0.0460286
6,801,900,16,-0.010101,0.0100405
6,901,1000,8,-0.0278683,-0.0127807
12,1,100,11,0.648161,0.570422
12,101,200,11,0.604798,0.33152
12,201,300,6,0.672905,0.513655
12,301,400,15,0.637701,0.345128
12,401,500,12,0.751845,0.636926
12,501,600,12,0.570957,0.33887
12,601,700,11,0.714987,0.539765
12,701,800,10,0.757763,0.676249
12,801,900,10,0.710623,0.426944
12,901,1000,16,0.713289,0.57344
18,1,100,12,0.103403,0.0586649
18,101,200,15,0.109883,0.0716573
18,201,300,12,0.141056,0.0896402
18,301,400,9,0.132743,0.0837178
18,401,500,6,0.119497,0.0949213
18,501,600,6,0.0610906,0.0347834
18,601,700,8,0.134236,0.103776
18,701,800,10,0.131103,0.0797747
18,801,900,5,0.22807,0.193333
18,901,1000,5,0.140893,0.119549
0,1,100,11,0.650301,0.51693
0,101,200,8,0.572531,0.398547
0,201,300,10,0.687601,0.477213
0,301,400,11,0.686841,0.36133
0,401,500,9,0.63464,0.482032
0,501,600,7,0.55956,0.347564
0,601,700,11,0.693788,0.533819
0,701,800,10,0.465278,0.27166
0,801,900,9,0.625668,0.471711
0,901,1000,11,0.633466,0.494965
10,1,100,14,0.377041,0.206863
10,101,200,8,0.175711,0.130556
10,201,300,6,0.248426,0.198635
10,301,400,9,0.245315,0.208304
10,401,500,7,0.379433,0.226754
10,501,600,13,0.348259,0.158019
10,601,700,7,0.198413,0.174603
10,701,800,7,0.177778,0.133333
10,801,900,13,0.134943,0.0961773
10,901,1000,10,0.324393,0.241351
17,1,100,8,0.288002,0.154172
17,101,200,10,0.293981,0.235026
17,201,300,16,0.335017,0.234652
17,301,400,6,0.283951,0.11752
17,401,500,10,0.357265,0.209387
17,501,600,7,0.350856,0.284766
17,601,700,6,0.336686,0.251148
17,701,800,12,0.363057,0.266816
17,801,900,7,0.312715,0.105782
17,901,1000,9,0.28655,0.128677
6,1,100,11,0.250408,0.186999
6,101,200,5,0.298246,0.215419
6,201,300,4,0.070407,0.0634532
6,301,400,14,0.172662,0.113857
6,401,500,7,0.229025,0.151998
6,501,600,7,0.393939,0.19709
6,601,700,5,0.385185,0.263148
6,701,800,6,0.135802,0.0930958
6,801,900,3,0.138889,0.100449
6,901,1000,13,0.192421,0.145442
3,1,100,9,0.265814,0.104999
3,101,200,8,0.309105,0.208781
3,201,300,4,0.137056,0.0804635
3,301,400,7,0.227184,0.120044
3,401,500,9,0.175501,0.0947291
3,501,600,7,0.170298,0.0620605
3,601,700,10,0.247512,0.156258
3,701,800,5,0.30656,0.283908
3,801,900,10,0.298103,0.137063
3,901,1000,4,0.116576,0.0490567
3,1,100,11,0.253793,0.154263
3,101,200,6,0.306043,0.139153
3,201,300,10,0.109563,0.0634868
3,301,400,8,0.233881,0.164746
3,401,500,5,0.196056,0.152831
3,501,600,7,0.116915,0.0722697
3,601,700,6,0.265508,0.143681
3,701,800,10,0.143404,0.109722
3,801,900,9,0.202699,0.167058
3,901,1000,9,0.144144,0.118056
5,1,100,10,0.297361,0.157714
5,101,200,5,0.103079,0.077193
5,201,300,6,0.48206,0.219858
5,301,400,13,0.252424,0.0990386
5,401,500,6,0.0625,0.0493827
5,501,600,7,0.0992063,0.068254
5,601,700,7,0.396275,0.139133
5,701,800,8,0.363538,0.160727
5,801,900,5,0.457486,0.299836
5,901,1000,8,0.299702,0.190491
16,1,100,11,0.280556,0.133478
16,101,200,14,0.176152,0.106009
16,201,300,13,0.181406,0.100767
16,301,400,18,0.202381,0.083833
16,401,500,8,0.464218,0.289683
16,501,600,10,0.0762527,0.0455026
16,601,700,10,0.4,0.192063
16,701,800,13,0.147987,0.0941846
16,801,900,8,0.223235,0.099665
16,901,1000,10,0.16092,0.0807407
11,1,100,11,0.277524,0.107207
11,101,200,9,0.150617,0.0235723
11,201,300,6,0.387534,0.241255
11,301,400,5,0.21273,0.0609023
11,401,500,3,0.124005,0.0860485
11,501,600,3,0.0322581,0.0259034
11,601,700,6,0.380235,0.200563
11,701,800,2,0.479656,0.476912
11,801,900,7,0.372721,0.16792
11,901,1000,6,0.280845,0.120742
7,1,100,8,0.042735,0.0347222
7,101,200,10,0.19931,0.146791
7,201,300,10,0.078893,0.0515457
7,301,400,9,0.143302,0.0900561
7,401,500,9,0.0904621,0.0546737
7,501,600,4,0.225112,0.0689876
7,601,700,10,0.221994,0.110337
7,701,800,5,0.111111,0.0622222
7,801,900,6,0.179487,0.0621693
7,901,1000,4,0.00326797,0.00595238
12,1,100,7,0.253003,0.0906486
12,101,200,4,0.247563,0.178044
12,201,300,7,0.0962441,0.0498451
12,301,400,10,0.0518519,0.037107
12,401,500,4,0.440267,0.259652
12,501,600,9,0.207843,0.0943269
12,601,700,11,0.0419501,0.0412761
12,701,800,8,0.362604,0.221749
12,801,900,9,0.167549,0.0878703
12,901,1000,4,0.318555,0.148522
15,1,100,9,0.449405,0.294472
15,101,200,17,0.443587,0.314627
15,201,300,7,0.21671,0.150774
15,301,400,13,0.303282,0.189964
15,401,500,12,0.339487,0.221778
15,501,600,12,0.239341,0.188411
15,601,700,18,0.344576,0.178414
15,701,800,13,0.461183,0.331076
15,801,900,11,0.209486,0.138562
15,901,1000,15,0.404926,0.260217
16,1,100,12,0.581476,0.461647
16,101,200,11,0.552129,0.367399
16,201,300,9,0.657688,0.561272
16,301,400,17,0.61315,0.47733
16,401,500,11,0.52689,0.289981
16,501,600,20,0.566972,0.452959
16,601,700,16,0.47995,0.345585
16,701,800,10,0.57716,0.433549
16,801,900,11,0.585577,0.479406
16,901,1000,11,0.43299,0.303659
16,1,100,10,0.442529,0.253205
16,101,200,12,0.417379,0.289708
16,201,300,11,0.363065,0.314162
16,301,400,10,0.306452,0.271296
16,401,500,4,0.253968,0.131944
16,501,600,6,0.403101,0.322887
16,601,700,9,0.303233,0.244477
16,701,800,7,0.346154,0.333333
16,801,900,9,0.309499,0.281708
16,901,1000,4,0.347144,0.350268
12,1,100,6,0.00483092,0.00976853
12,101,200,8,0.0411325,0.036082
12,201,300,10,0.032634,0.0375479
12,301,400,13,0.169234,0.112873
12,401,500,9,0.0620783,0.0618063
12,501,600,12,0.03452,0.0290622
12,601,700,10,0.0700483,0.0587405
12,701,800,11,0.0828402,0.0471919
12,801,900,8,-0.0271096,-0.0168759
12,901,1000,10,0.0420787,0.048691
1,1,100,7,0.171429,0.148749
1,101,200,9,0.242894,0.125514
1,201,300,9,0.373984,0.179218
1,301,400,10,0.285824,0.187537
1,401,500,4,0.160494,0.0959596
1,501,600,8,0.100855,0.103554
1,601,700,4,-0.0271605,-0.0209904
1,701,800,2,0.296296,0.263889
1,801,900,9,0.0787879,0.0650522
1,901,1000,9,0.116531,0.1238
10,1,100,9,0.129647,0.0741086
10,101,200,11,0.0831245,0.0730698
10,201,300,11,0.106555,0.0503479
10,301,400,9,0.125856,0.0845643
10,401,500,7,0.0712074,0.0590314
10,501,600,6,0.0734463,0.0548445
10,601,700,9,0.107744,0.0807368
10,701,800,7,0.143819,0.118249
10,801,900,6,0.126984,0.0883691
10,901,1000,12,0.177419,0.126075
6,1,100,4,0.0,0.0
6,101,200,6,0.600633,0.183744
6,201,300,8,0.5145,0.164429
6,301,400,7,0.504229,0.229717
6,401,500,7,0.645522,0.325738
6,501,600,6,0.492063,0.280241
6,601,700,1,0.2,0.2
6,701,800,5,0.134921,0.0881481
6,801,900,8,0.477982,0.179112
6,901,1000,9,0.66539,0.433688
4,1,100,8,0.394602,0.233765
4,101,200,4,0.412894,0.377042
4,201,300,9,0.481372,0.321989
4,301,400,5,0.533333,0.372222
4,401,500,4,0.483871,0.361111
4,501,600,7,0.318062,0.188601
4,601,700,9,0.36532,0.271485
4,701,800,7,0.540598,0.34127
4,801,900,5,0.436439,0.286246
4,901,1000,5,0.388889,0.247222
19,1,100,14,0.39761,0.304628
19,101,200,10,0.456158,0.389794
19,201,300,10,0.437908,0.267985
19,301,400,17,0.435048,0.335623
19,401,500,8,0.491525,0.491525
19,501,600,14,0.46677,0.390395
19,601,700,16,0.469769,0.409487
19,701,800,15,0.447507,0.361209
19,801,900,14,0.47553,0.428587
19,901,1000,14,0.369405,0.202423
15,1,100,13,0.708372,0.480066
15,101,200,21,0.760756,0.5851
15,201,300,11,0.654075,0.305499
15,301,400,9,0.755907,0.564426
15,401,500,13,0.731982,0.52111
15,501,600,17,0.763927,0.542342
15,601,700,17,0.747688,0.562619
15,701,800,8,0.679089,0.344514
15,801,900,16,0.683626,0.387532
15,901,1000,14,0.768863,0.574516
1,1,100,11,0.353086,0.207935
1,101,200,7,0.385842,0.232108
1,201,300,9,0.402407,0.258566
1,301,400,7,0.376918,0.309932
1,401,500,11,0.194937,0.0917024
1,501,600,7,0.37276,0.213888
1,601,700,12,0.257512,0.156995
1,701,800,7,0.259259,0.162108
1,801,900,9,0.422584,0.287442
1,901,1000,7,0.399538,0.229171
0,1,100,12,0.382716,0.224032
0,101,200,7,0.263285,0.209751
0,201,300,14,0.490637,0.254788
0,301,400,4,0.490196,0.378788
0,401,500,7,0.412393,0.322459
0,501,600,7,0.422858,0.287616
0,601,700,10,0.479798,0.401414
0,701,800,9,0.422222,0.31219
0,801,900,7,0.293173,0.184157
0,901,1000,10,0.365079,0.231674
8,1,100,9,0.378157,0.270275
8,101,200,13,0.477951,0.353573
8,201,300,18,0.522766,0.371501
8,301,400,10,0.505071,0.392882
8,401,500,16,0.478956,0.327823
8,501,600,7,0.585621,0.528656
8,601,700,13,0.51989,0.340736
8,701,800,11,0.554294,0.405175
8,801,900,12,0.512102,0.384928
8,901,1000,9,0.478243,0.223778
16,1,100,16,0.206803,0.180738
16,101,200,13,0.0929885,0.0939949
16,201,300,16,0.20279,0.170322
16,301,400,11,0.201235,0.131704
16,401,500,6,0.201135,0.175926
16,501,600,14,0.153439,0.095447
16,601,700,20,0.154631,0.0874756
16,701,800,13,0.160917,0.165488
16,801,900,17,0.123497,0.0891893
16,901,1000,14,0.191016,0.158939
19,1,100,7,0.746228,0.558957
19,101,200,19,0.742422,0.61485
19,201,300,11,0.724319,0.457071
19,301,400,14,0.728166,0.46017
19,401,500,13,0.749842,0.505681
19,501,600,16,0.75,0.623424
19,601,700,15,0.670169,0.3349
19,701,800,10,0.721193,0.515741
19,801,900,15,0.758642,0.581217
19,901,1000,13,0.699283,0.491803
8,1,100,10,0.267713,0.183214
8,101,200,10,0.29044,0.160936
8,201,300,14,0.23001,0.174852
8,301,400,10,0.193651,0.0944444
8,401,500,7,0.204614,0.14479
8,501,600,14,0.330095,0.235233
8,601,700,14,0.213143,0.137062
8,701,800,10,0.348003,0.252325
8,801,900,12,0.344757,0.272049
8,901,1000,6,0.231678,0.15781
3,1,100,14,0.260642,0.190085
3,101,200,20,0.275849,0.207426
3,201,300,9,0.267696,0.233275
3,301,400,20,0.344898,0.298035
3,401,500,10,0.281984,0.207141
3,501,600,15,0.429571,0.382579
3,601,700,13,0.259675,0.18978
3,701,800,16,0.326496,0.285365
3,801,900,13,0.394486,0.361908
3,901,1000,11,0.316359,0.197037
3,1,100,6,0.143065,0.0604389
3,101,200,7,0.1861,0.113445
3,201,300,3,0.15873,0.0740741
3,301,400,8,0.279693,0.132323
3,401,500,7,0.400545,0.207061
3,501,600,5,0.123457,0.0444444
3,601,700,6,0.311193,0.148049
3,701,800,7,0.079602,0.0292659
3,801,900,7,0.086994,0.0322934
3,901,1000,4,0.161616,0.0925926
