CHROM,BIN_START,BIN_END,N_VARIANTS,PI
2,1,100,16,0.0283277
2,101,200,15,0.0294689
2,201,300,8,0.0163333
2,301,400,12,0.035548
2,401,500,14,0.0282599
2,501,600,8,0.016791
2,601,700,15,0.0405424
2,701,800,19,0.0354181
2,801,900,10,0.0201751
2,901,1000,11,0.019678
8,1,100,6,0.0100339
8,101,200,9,0.012565
8,201,300,8,0.00968362
8,301,400,13,0.0217966
8,401,500,10,0.0276441
8,501,600,11,0.0177571
8,601,700,17,0.0328136
8,701,800,15,0.0281751
8,801,900,5,0.0104068
8,901,1000,13,0.0130113
0,1,100,11,0.0187966
0,101,200,10,0.0120508
0,201,300,10,0.017322
0,301,400,11,0.0151751
0,401,500,10,0.0188814
0,501,600,5,0.0121073
0,601,700,8,0.0101186
0,701,800,10,0.0257175
0,801,900,10,0.0169209
0,901,1000,13,0.0210339
7,1,100,13,0.0229944
7,101,200,15,0.0149096
7,201,300,16,0.0296667
7,301,400,17,0.0258644
7,401,500,13,0.0288814
7,501,600,18,0.0362599
7,601,700,17,0.0297288
7,701,800,14,0.0358305
7,801,900,14,0.0201073
7,901,1000,13,0.0268136
4,1,100,10,0.0147966
4,101,200,17,0.0329718
4,201,300,17,0.0276215
4,301,400,10,0.0178983
4,401,500,6,0.0129096
4,501,600,13,0.0269153
4,601,700,16,0.022452
4,701,800,7,0.0122825
4,801,900,18,0.0430508
4,901,1000,16,0.0240056
9,1,100,9,0.0285932
9,101,200,17,0.0491751
9,201,300,10,0.0313729
9,301,400,13,0.0361243
9,401,500,14,0.0335254
9,501,600,12,0.0279944
9,601,700,11,0.024452
9,701,800,14,0.0349661
9,801,900,10,0.0231243
9,901,1000,14,0.0399266
7,1,100,9,0.0174294
7,101,200,13,0.0367119
7,201,300,10,0.0188757
7,301,400,9,0.0234463
7,401,500,11,0.0297401
7,501,600,12,0.0241017
7,601,700,14,0.0353107
7,701,800,14,0.0338644
7,801,900,17,0.0508249
7,901,1000,7,0.0193559
10,1,100,13,0.0281751
10,101,200,11,0.0221469
10,201,300,11,0.0182373
10,301,400,11,0.0285141
10,401,500,10,0.0183785
10,501,600,13,0.0368192
10,601,700,16,0.0327006
10,701,800,13,0.0283446
10,801,900,13,0.0321243
10,901,1000,14,0.0312655
10,1,100,17,0.0684802
10,101,200,11,0.0421469
10,201,300,10,0.0389661
10,301,400,17,0.0376102
10,401,500,14,0.0443446
10,501,600,17,0.0402938
10,601,700,14,0.0390678
10,701,800,9,0.0249831
10,801,900,14,0.0243898
10,901,1000,19,0.0528588
6,1,100,8,0.0039548
6,101,200,11,0.0116497
6,201,300,13,0.0147345
6,301,400,18,0.0209944
6,401,500,12,0.0202147
6,501,600,9,0.0175141
6,601,700,7,0.00660452
6,701,800,11,0.00955932
6,801,900,13,0.016661
6,901,1000,14,0.0273051
18,1,100,14,0.0220169
18,101,200,16,0.0426667
18,201,300,14,0.0288531
18,301,400,20,0.0338927
18,401,500,15,0.0340056
18,501,600,21,0.0372768
18,601,700,14,0.0330395
18,701,800,11,0.0260452
18,801,900,15,0.0370904
18,901,1000,13,0.0241977
14,1,100,16,0.0462373
14,101,200,20,0.0516723
14,201,300,12,0.0298983
14,301,400,19,0.0455367
14,401,500,21,0.0607401
14,501,600,15,0.0437853
14,601,700,19,0.0496949
14,701,800,15,0.0304068
14,801,900,14,0.0405198
14,901,1000,23,0.0607062
15,1,100,13,0.045226
15,101,200,24,0.0872542
15,201,300,15,0.0333955
15,301,400,13,0.0376893
15,401,500,18,0.0485367
15,501,600,23,0.0688362
15,601,700,21,0.0653898
15,701,800,12,0.0306497
15,801,900,19,0.0456045
15,901,1000,16,0.0555593
18,1,100,18,0.0562768
18,101,200,14,0.0375989
18,201,300,15,0.0365028
18,301,400,14,0.0421017
18,401,500,23,0.0569209
18,501,600,14,0.0363898
18,601,700,18,0.0421808
18,701,800,20,0.0555989
18,801,900,14,0.031209
18,901,1000,18,0.0430734
6,1,100,12,0.0397966
6,101,200,15,0.0520678
6,201,300,9,0.0248588
6,301,400,14,0.0567684
6,401,500,12,0.0354915
6,501,600,14,0.044209
6,601,700,15,0.0271073
6,701,800,14,0.0407966
6,801,900,17,0.0518079
6,901,1000,9,0.0331808
12,1,100,9,0.0193616
12,101,200,14,0.0307288
12,201,300,17,0.0323503
12,301,400,11,0.0383672
12,401,500,11,0.0253842
12,501,600,14,0.0303898
12,601,700,7,0.021435
12,701,800,10,0.0207458
12,801,900,10,0.0263672
12,901,1000,17,0.0335876
7,1,100,10,0.019452
7,101,200,17,0.0348192
7,201,300,17,0.0378983
7,301,400,18,0.040887
7,401,500,13,0.034209
7,501,600,17,0.0459492
7,601,700,11,0.0186441
7,701,800,22,0.0229944
7,801,900,14,0.0370621
7,901,1000,15,0.0228023
8,1,100,25,0.0733446
8,101,200,18,0.0543333
8,201,300,20,0.0665763
8,301,400,19,0.0435989
8,401,500,24,0.051678
8,501,600,21,0.0647853
8,601,700,20,0.0526328
8,701,800,23,0.0742203
8,801,900,19,0.0446215
8,901,1000,21,0.0642599
6,1,100,14,0.0293672
6,101,200,7,0.0105311
6,201,300,13,0.0221243
6,301,400,10,0.0248023
6,401,500,16,0.0379831
6,501,600,16,0.024678
6,601,700,12,0.0251525
6,701,800,14,0.0187006
6,801,900,7,0.0101525
6,901,1000,10,0.0259718
12,1,100,18,0.0403333
12,101,200,17,0.0409887
12,201,300,17,0.0352938
12,301,400,11,0.0264915
12,401,500,13,0.0215424
12,501,600,12,0.0258927
12,601,700,17,0.0458531
12,701,800,21,0.0471695
12,801,900,15,0.0263051
12,901,1000,15,0.0295537
17,1,100,13,0.0224633
17,101,200,7,0.0150395
17,201,300,16,0.0294068
17,301,400,7,0.0136384
17,401,500,8,0.015452
17,501,600,11,0.0213842
17,601,700,18,0.0302599
17,701,800,14,0.0340056
17,801,900,15,0.0240847
17,901,1000,10,0.0163277
19,1,100,11,0.0284972
19,101,200,13,0.0314633
19,201,300,11,0.0214802
19,301,400,16,0.0384802
19,401,500,12,0.0248701
19,501,600,7,0.0229209
19,601,700,11,0.0175424
19,701,800,16,0.0450452
19,801,900,10,0.027661
19,901,1000,9,0.0221921
16,1,100,12,0.0187571
16,101,200,10,0.0101808
16,201,300,14,0.0235028
16,301,400,6,0.00681356
16,401,500,12,0.0126441
16,501,600,10,0.016661
16,601,700,13,0.0213559
16,701,800,11,0.013791
16,801,900,17,0.021774
16,901,1000,10,0.0171017
5,1,100,11,0.026
5,101,200,8,0.00714689
5,201,300,11,0.0199887
5,301,400,15,0.0300113
5,401,500,12,0.0212429
5,501,600,12,0.0135593
5,601,700,11,0.0111356
5,701,800,17,0.0244463
5,801,900,8,0.0117288
5,901,1000,12,0.017322
8,1,100,13,0.0315819
8,101,200,14,0.0457401
8,201,300,22,0.0702881
8,301,400,12,0.0410339
8,401,500,16,0.0486949
8,501,600,9,0.032661
8,601,700,15,0.0392203
8,701,800,13,0.0429661
8,801,900,15,0.0484746
8,901,1000,10,0.0204802
14,1,100,8,0.0184859
14,101,200,12,0.0185198
14,201,300,11,0.0352034
14,301,400,10,0.0253446
14,401,500,5,0.00989266
14,501,600,6,0.0119548
14,601,700,4,0.0159153
14,701,800,6,0.0102542
14,801,900,7,0.00733898
14,901,1000,9,0.0111412
11,1,100,13,0.0258136
11,101,200,17,0.0345254
11,201,300,12,0.0290734
11,301,400,16,0.0338701
11,401,500,15,0.0321356
11,501,600,9,0.0225254
11,601,700,13,0.0298475
11,701,800,13,0.0295537
11,801,900,12,0.0242768
11,901,1000,12,0.0321582
8,1,100,11,0.013322
8,101,200,11,0.0160339
8,201,300,10,0.0196102
8,301,400,13,0.018678
8,401,500,17,0.0202655
8,501,600,10,0.0204294
8,601,700,12,0.0188023
8,701,800,9,0.0100395
8,801,900,16,0.0247119
8,901,1000,13,0.0239887
4,1,100,20,0.0331977
4,101,200,17,0.0318023
4,201,300,12,0.0204972
4,301,400,12,0.0203616
4,401,500,14,0.0234407
4,501,600,14,0.0325254
4,601,700,23,0.0495706
4,701,800,22,0.0538757
4,801,900,13,0.0297119
4,901,1000,15,0.028791
17,1,100,12,0.030209
17,101,200,7,0.015435
17,201,300,12,0.0296271
17,301,400,12,0.0351412
17,401,500,12,0.0278192
17,501,600,12,0.0154181
17,601,700,8,0.0169718
17,701,800,13,0.0154972
17,801,900,15,0.0303672
17,901,1000,13,0.0318192
2,1,100,11,0.0173277
2,101,200,13,0.0241017
2,201,300,17,0.0206723
2,301,400,12,0.0182825
2,401,500,15,0.0193729
2,501,600,10,0.00988136
2,601,700,13,0.0149887
2,701,800,12,0.0147797
2,801,900,8,0.0139718
2,901,1000,13,0.014661
9,1,100,18,0.0271751
9,101,200,13,0.0252994
9,201,300,19,0.0365311
9,301,400,11,0.0172938
9,401,500,20,0.0344463
9,501,600,24,0.0278192
9,601,700,17,0.0268644
9,701,800,12,0.0170226
9,801,900,14,0.0207966
9,901,1000,17,0.026791
17,1,100,21,0.0320565
17,101,200,15,0.0279322
17,201,300,20,0.0286271
17,301,400,12,0.0162373
17,401,500,6,0.0100056
17,501,600,16,0.016565
17,601,700,20,0.0244689
17,701,800,14,0.0265424
17,801,900,18,0.0324576
17,901,1000,17,0.0228475
18,1,100,18,0.0403842
18,101,200,17,0.0388079
18,201,300,17,0.0597966
18,301,400,12,0.0303107
18,401,500,14,0.0413842
18,501,600,19,0.0340452
18,601,700,15,0.0417797
18,701,800,20,0.0575198
18,801,900,12,0.0223729
18,901,1000,20,0.0555367
19,1,100,18,0.0301073
19,101,200,16,0.0449266
19,201,300,12,0.0296836
19,301,400,17,0.0277571
19,401,500,20,0.0472881
19,501,600,11,0.0244237
19,601,700,14,0.0258757
19,701,800,11,0.0346384
19,801,900,10,0.0182316
19,901,1000,14,0.0292034
11,1,100,10,0.0220621
11,101,200,15,0.0287797
11,201,300,15,0.0364011
11,301,400,11,0.0351921
11,401,500,12,0.0290791
11,501,600,13,0.025548
11,601,700,15,0.0322034
11,701,800,21,0.0220508
11,801,900,11,0.0372712
11,901,1000,15,0.0390678
6,1,100,12,0.0226271
6,101,200,12,0.0280452
6,201,300,7,0.0164068
6,301,400,17,0.0360621
6,401,500,10,0.0184915
6,501,600,8,0.0181808
6,601,700,12,0.0179661
6,701,800,11,0.0268079
6,801,900,7,0.0189944
6,901,1000,8,0.0215028
8,1,100,12,0.0275537
8,101,200,13,0.0360508
8,201,300,17,0.0358079
8,301,400,12,0.0360847
8,401,500,10,0.0324689
8,501,600,7,0.0215085
8,601,700,12,0.0335819
8,701,800,11,0.0263446
8,801,900,9,0.0185876
8,901,1000,8,0.0197401
0,1,100,12,0.0435763
0,101,200,9,0.0271525
0,201,300,14,0.0368475
0,301,400,12,0.0304802
0,401,500,13,0.0389661
0,501,600,8,0.0227966
0,601,700,13,0.0453559
0,701,800,12,0.0296045
0,801,900,12,0.0365876
0,901,1000,11,0.0432034
3,1,100,18,0.0445593
3,101,200,24,0.0500113
3,201,300,9,0.022209
3,301,400,20,0.0551073
3,401,500,12,0.0307514
3,501,600,16,0.039322
3,601,700,14,0.032113
3,701,800,21,0.0477175
3,801,900,16,0.0442994
3,901,1000,14,0.0357853
14,1,100,16,0.0449435
14,101,200,10,0.0228136
14,201,300,18,0.0474068
14,301,400,11,0.0270056
14,401,500,23,0.0576102
14,501,600,18,0.050209
14,601,700,17,0.0425593
14,701,800,11,0.0358757
14,801,900,17,0.0440282
14,901,1000,16,0.036774
7,1,100,7,0.0174802
7,101,200,12,0.0224407
7,201,300,13,0.0267627
7,301,400,12,0.0329718
7,401,500,14,0.0358362
7,501,600,14,0.0354237
7,601,700,19,0.0311186
7,701,800,11,0.0345028
7,801,900,9,0.0197684
7,901,1000,16,0.0301638
0,1,100,11,0.0172712
0,101,200,13,0.0295763
0,201,300,14,0.0208814
0,301,400,11,0.0299492
0,401,500,8,0.0135989
0,501,600,10,0.0101186
0,601,700,15,0.0287175
0,701,800,10,0.0125706
0,801,900,15,0.0247345
0,901,1000,15,0.0216271
11,1,100,16,0.0384463
11,101,200,15,0.0323842
11,201,300,17,0.0442203
11,301,400,18,0.0380395
11,401,500,12,0.0244011
11,501,600,16,0.0352034
11,601,700,11,0.0164859
11,701,800,20,0.0485932
11,801,900,11,0.0248757
11,901,1000,14,0.0286949
2,1,100,10,0.0114068
2,101,200,15,0.0211864
2,201,300,8,0.013226
2,301,400,11,0.0115085
2,401,500,6,0.011
2,501,600,8,0.0140226
2,601,700,13,0.0168418
2,701,800,12,0.0122599
2,801,900,15,0.0248757
2,901,1000,9,0.0178814
11,1,100,15,0.0260282
11,101,200,13,0.0407345
11,201,300,11,0.0266949
11,301,400,9,0.023113
11,401,500,11,0.0415989
11,501,600,10,0.012209
11,601,700,7,0.00783616
11,701,800,9,0.0180734
11,801,900,12,0.0304746
11,901,1000,14,0.0275311
3,1,100,15,0.0505932
3,101,200,17,0.0542316
3,201,300,11,0.0173785
3,301,400,11,0.0353729
3,401,500,9,0.0164463
3,501,600,12,0.0306836
3,601,700,14,0.0435593
3,701,800,12,0.0336158
3,801,900,11,0.0255819
3,901,1000,12,0.032
11,1,100,12,0.0319435
11,101,200,16,0.0247797
11,201,300,8,0.0155706
11,301,400,8,0.0125085
11,401,500,8,0.0149774
11,501,600,4,0.00582486
11,601,700,9,0.0234915
11,701,800,8,0.018209
11,801,900,9,0.0218983
11,901,1000,10,0.0225819
16,1,100,23,0.0623785
16,101,200,21,0.0461017
16,201,300,20,0.0533785
16,301,400,18,0.0382825
16,401,500,18,0.0462768
16,501,600,18,0.0336328
16,601,700,15,0.0364407
16,701,800,19,0.0408249
16,801,900,17,0.0389944
16,901,1000,21,0.0412712
3,1,100,13,0.0524746
3,101,200,11,0.0292881
3,201,300,19,0.0589435
3,301,400,13,0.0364859
3,401,500,7,0.0309209
3,501,600,14,0.0583955
3,601,700,16,0.0579661
3,701,800,12,0.0379548
3,801,900,9,0.0280452
3,901,1000,10,0.0379379
5,1,100,21,0.0357175
5,101,200,14,0.0358079
5,201,300,15,0.0288927
5,301,400,19,0.0452712
5,401,500,12,0.0201017
5,501,600,14,0.0273446
5,601,700,12,0.0260904
5,701,800,23,0.0587119
5,801,900,12,0.0301638
5,901,1000,15,0.0297232
7,1,100,14,0.0292542
7,101,200,23,0.0620508
7,201,300,16,0.0370621
7,301,400,20,0.0480678
7,401,500,17,0.0429605
7,501,600,16,0.0436045
7,601,700,12,0.0324746
7,701,800,20,0.0438362
7,801,900,13,0.0332429
7,901,1000,14,0.0410734
17,1,100,12,0.0225537
17,101,200,13,0.0133729
17,201,300,10,0.015774
17,301,400,15,0.030435
17,401,500,11,0.0132599
17,501,600,25,0.0353616
17,601,700,23,0.0343955
17,701,800,14,0.0254124
17,801,900,14,0.0233277
17,901,1000,13,0.0139266
14,1,100,21,0.0565028
14,101,200,19,0.0650678
14,201,300,13,0.0491751
14,301,400,17,0.057226
14,401,500,16,0.0386836
14,501,600,18,0.0670226
14,601,700,18,0.0655085
14,701,800,13,0.0421356
14,801,900,18,0.0541356
14,901,1000,12,0.0342147
6,1,100,16,0.0274463
6,101,200,12,0.0242316
6,201,300,16,0.0278023
6,301,400,22,0.0316554
6,401,500,21,0.030678
6,501,600,21,0.0350734
6,601,700,11,0.0254576
6,701,800,20,0.0271638
6,801,900,19,0.0463333
6,901,1000,29,0.0499153
16,1,100,14,0.0492147
16,101,200,13,0.0364407
16,201,300,11,0.0422881
16,301,400,18,0.063548
16,401,500,16,0.0362599
16,501,600,25,0.0826949
16,601,700,18,0.0591808
16,701,800,11,0.0383107
16,801,900,14,0.0504746
16,901,1000,12,0.0368588
2,1,100,16,0.029226
2,101,200,12,0.0223164
2,201,300,10,0.0119435
2,301,400,15,0.0202768
2,401,500,17,0.0265311
2,501,600,9,0.0168418
2,601,700,6,0.0128814
2,701,800,14,0.0235367
2,801,900,7,0.024339
2,901,1000,10,0.00819209
1,1,100,13,0.0312429
1,101,200,21,0.0426893
1,201,300,11,0.0208983
1,301,400,11,0.0228701
1,401,500,10,0.03
1,501,600,13,0.0292768
1,601,700,19,0.0404802
1,701,800,14,0.0331469
1,801,900,16,0.0281469
1,901,1000,11,0.0196836
1,1,100,7,0.0128701
1,101,200,13,0.0262373
1,201,300,10,0.0151751
1,301,400,7,0.0173503
1,401,500,10,0.0157627
1,501,600,8,0.0136102
1,601,700,8,0.0197966
1,701,800,9,0.0205424
1,801,900,9,0.00824859
1,901,1000,8,0.00897175
3,1,100,16,0.0181695
3,101,200,15,0.0171695
3,201,300,16,0.0152768
3,301,400,22,0.0277627
3,401,500,16,0.0245254
3,501,600,18,0.0208757
3,601,700,20,0.0277175
3,701,800,16,0.0191073
3,801,900,15,0.0182373
3,901,1000,16,0.0177288
18,1,100,10,0.0244972
18,101,200,11,0.0302599
18,201,300,16,0.044
18,301,400,17,0.0379209
18,401,500,9,0.0288531
18,501,600,16,0.0447345
18,601,700,8,0.0224859
18,701,800,14,0.0347006
18,801,900,16,0.0369153
18,901,1000,14,0.0327853
15,1,100,13,0.0380113
15,101,200,9,0.028322
15,201,300,15,0.0295085
15,301,400,16,0.0502373
15,401,500,13,0.0443277
15,501,600,16,0.0395085
15,601,700,14,0.0362429
15,701,800,12,0.0273277
15,801,900,12,0.0361808
15,901,1000,13,0.0343785
10,1,100,8,0.0224294
10,101,200,10,0.0264068
10,201,300,18,0.0262316
10,301,400,12,0.026661
10,401,500,10,0.0199718
10,501,600,11,0.0299435
10,601,700,20,0.0480113
10,701,800,10,0.0143051
10,801,900,10,0.0195932
10,901,1000,11,0.026113
2,1,100,9,0.0197119
2,101,200,13,0.0380621
2,201,300,14,0.0194915
2,301,400,13,0.032209
2,401,500,5,0.0118418
2,501,600,16,0.035565
2,601,700,15,0.0361017
2,701,800,7,0.0165311
2,801,900,12,0.0221582
2,901,1000,13,0.0327119
19,1,100,12,0.0318475
19,101,200,11,0.0317401
19,201,300,16,0.0471073
19,301,400,8,0.0153672
19,401,500,10,0.0242542
19,501,600,19,0.0336949
19,601,700,14,0.0260226
19,701,800,14,0.031678
19,801,900,18,0.0425989
19,901,1000,15,0.0311073
15,1,100,7,0.0161412
15,101,200,7,0.0185989
15,201,300,12,0.0351751
15,301,400,9,0.0139435
15,401,500,12,0.0298588
15,501,600,7,0.00564972
15,601,700,11,0.019226
15,701,800,9,0.0188192
15,801,900,9,0.0214746
15,901,1000,7,0.0123051
8,1,100,9,0.0205028
8,101,200,16,0.0580226
8,201,300,8,0.0211073
8,301,400,11,0.0262768
8,401,500,15,0.0620113
8,501,600,15,0.039113
8,601,700,19,0.0614859
8,701,800,9,0.0288418
8,801,900,13,0.0311921
8,901,1000,11,0.0331921
13,1,100,8,0.00960452
13,101,200,13,0.0338023
13,201,300,11,0.015904
13,301,400,11,0.0210678
13,401,500,10,0.019339
13,501,600,10,0.0267853
13,601,700,15,0.0332203
13,701,800,19,0.0401864
13,801,900,18,0.050904
13,901,1000,13,0.0330113
13,1,100,17,0.0234746
13,101,200,14,0.0294294
13,201,300,12,0.0194859
13,301,400,9,0.0295141
13,401,500,11,0.0177458
13,501,600,9,0.0181469
13,601,700,15,0.0269266
13,701,800,15,0.0320169
13,801,900,16,0.0374294
13,901,1000,6,0.013661
0,1,100,11,0.0281751
0,101,200,13,0.0159379
0,201,300,10,0.0148192
0,301,400,14,0.029
0,401,500,17,0.0269548
0,501,600,8,0.0184972
0,601,700,15,0.029
0,701,800,8,0.0164068
0,801,900,18,0.0283672
0,901,1000,8,0.0229605
14,1,100,9,0.0255819
14,101,200,13,0.0291469
14,201,300,9,0.0106441
14,301,400,11,0.0241695
14,401,500,9,0.0310565
14,501,600,13,0.0228362
14,601,700,14,0.0201751
14,701,800,17,0.0456554
14,801,900,14,0.0297458
14,901,1000,11,0.0253672
1,1,100,15,0.0397345
1,101,200,14,0.0320452
1,201,300,7,0.0223333
1,301,400,10,0.0247684
1,401,500,20,0.0430282
1,501,600,14,0.0207797
1,601,700,20,0.0447514
1,701,800,15,0.0331073
1,801,900,9,0.0207232
1,901,1000,12,0.0130565
6,1,100,15,0.027435
6,101,200,17,0.0287684
6,201,300,12,0.0322938
6,301,400,12,0.0277571
6,401,500,16,0.0303672
6,501,600,17,0.0372034
6,601,700,10,0.0257458
6,701,800,16,0.0247175
6,801,900,13,0.0309492
6,901,1000,19,0.041565
4,1,100,21,0.0530452
4,101,200,13,0.0335706
4,201,300,16,0.0431243
4,301,400,14,0.0212203
4,401,500,20,0.0526836
4,501,600,17,0.0539774
4,601,700,16,0.061096
4,701,800,17,0.0464802
4,801,900,21,0.0668079
4,901,1000,25,0.0668362
15,1,100,17,0.0402542
15,101,200,18,0.0470791
15,201,300,20,0.0538588
15,301,400,18,0.0338757
15,401,500,11,0.0277119
15,501,600,18,0.0526723
15,601,700,19,0.0399379
15,701,800,18,0.0422599
15,801,900,19,0.0632938
15,901,1000,18,0.0477458
8,1,100,24,0.0747571
8,101,200,15,0.0386497
8,201,300,19,0.0505085
8,301,400,18,0.0535819
8,401,500,19,0.052
8,501,600,23,0.0586723
8,601,700,16,0.0493729
8,701,800,19,0.0413616
8,801,900,12,0.0358023
8,901,1000,17,0.061339
5,1,100,11,0.00987006
5,101,200,8,0.00970621
5,201,300,11,0.0148588
5,301,400,11,0.0171299
5,401,500,6,0.0118249
5,501,600,7,0.0105989
5,601,700,7,0.0124124
5,701,800,9,0.013
5,801,900,11,0.0264802
5,901,1000,7,0.00944068
17,1,100,15,0.0274463
17,101,200,16,0.0324746
17,201,300,17,0.0309266
17,301,400,18,0.039774
17,401,500,10,0.0157458
17,501,600,12,0.0170565
17,601,700,9,0.021226
17,701,800,14,0.0326215
17,801,900,12,0.0214181
17,901,1000,14,0.0257062
13,1,100,17,0.0379096
13,101,200,7,0.0112034
13,201,300,11,0.0251695
13,301,400,7,0.0140056
13,401,500,13,0.030678
13,501,600,9,0.0172316
13,601,700,7,0.0137288
13,701,800,7,0.0203616
13,801,900,8,0.0164633
13,901,1000,9,0.0257627
16,1,100,15,0.0271469
16,101,200,14,0.0301638
16,201,300,12,0.0299831
16,301,400,14,0.0278362
16,401,500,7,0.0115989
16,501,600,9,0.016548
16,601,700,19,0.0358644
16,701,800,9,0.0255311
16,801,900,12,0.0240904
16,901,1000,7,0.013452
12,1,100,15,0.0561751
12,101,200,14,0.0320621
12,201,300,9,0.0235706
12,301,400,19,0.0537853
12,401,500,14,0.0533277
12,501,600,15,0.034791
12,601,700,13,0.0523785
12,701,800,16,0.0511017
12,801,900,15,0.0401751
12,901,1000,17,0.0630734
14,1,100,14,0.0480226
14,101,200,32,0.116418
14,201,300,15,0.0585085
14,301,400,26,0.0982316
14,401,500,33,0.114531
14,501,600,24,0.0999096
14,601,700,30,0.106028
14,701,800,16,0.0554407
14,801,900,22,0.0753842
14,901,1000,22,0.0788023
19,1,100,14,0.0188588
19,101,200,12,0.00972881
19,201,300,17,0.0167853
19,301,400,14,0.0220226
19,401,500,12,0.0192768
19,501,600,14,0.0186215
19,601,700,18,0.0163277
19,701,800,13,0.0184294
19,801,900,13,0.0157401
19,901,1000,9,0.00927119
16,1,100,21,0.0320565
16,101,200,15,0.0279322
16,201,300,20,0.0286271
16,301,400,12,0.0162373
16,401,500,6,0.0100056
16,501,600,16,0.016565
16,601,700,20,0.0244689
16,701,800,14,0.0265424
16,801,900,18,0.0324576
16,901,1000,17,0.0228475
4,1,100,13,0.03
4,101,200,19,0.0267458
4,201,300,10,0.0150508
4,301,400,16,0.0353446
4,401,500,13,0.0320565
4,501,600,19,0.0372486
4,601,700,15,0.0304463
4,701,800,14,0.0211808
4,801,900,17,0.0308305
4,901,1000,13,0.0263955
5,1,100,11,0.0314237
5,101,200,6,0.00910734
5,201,300,9,0.0161186
5,301,400,14,0.0333107
5,401,500,9,0.0182429
5,501,600,10,0.0252542
5,601,700,9,0.0233559
5,701,800,12,0.0296441
5,801,900,17,0.0309944
5,901,1000,9,0.021
7,1,100,13,0.0357401
7,101,200,15,0.0412429
7,201,300,17,0.0483277
7,301,400,22,0.0469661
7,401,500,17,0.0478418
7,501,600,16,0.032565
7,601,700,11,0.0326271
7,701,800,16,0.0438531
7,801,900,13,0.0365876
7,901,1000,11,0.0297684
0,1,100,13,0.0320113
0,101,200,13,0.0368249
0,201,300,8,0.0165819
0,301,400,14,0.0295141
0,401,500,13,0.0244463
0,501,600,16,0.0375085
0,601,700,11,0.0237288
0,701,800,14,0.0260734
0,801,900,11,0.0138079
0,901,1000,10,0.0137006
12,1,100,8,0.0209548
12,101,200,10,0.0310282
12,201,300,11,0.0154011
12,301,400,18,0.0320565
12,401,500,12,0.0317458
12,501,600,14,0.0254689
12,601,700,15,0.0309661
12,701,800,13,0.0153672
12,801,900,10,0.0258136
12,901,1000,15,0.0345198
18,1,100,15,0.0364237
18,101,200,18,0.0323729
18,201,300,16,0.0356836
18,301,400,9,0.025887
18,401,500,8,0.0276215
18,501,600,8,0.0138249
18,601,700,12,0.0207797
18,701,800,11,0.0275819
18,801,900,8,0.0225989
18,901,1000,8,0.0209944
2,1,100,16,0.0331243
2,101,200,16,0.0389944
2,201,300,11,0.0231073
2,301,400,16,0.036678
2,401,500,15,0.041
2,501,600,9,0.019209
2,601,700,12,0.0392429
2,701,800,4,0.00938418
2,801,900,8,0.0156667
2,901,1000,7,0.0185706
13,1,100,20,0.0529322
13,101,200,19,0.053548
13,201,300,13,0.033548
13,301,400,17,0.0449774
13,401,500,20,0.0601638
13,501,600,18,0.0555198
13,601,700,13,0.0366441
13,701,800,11,0.0268249
13,801,900,13,0.0456158
13,901,1000,10,0.0232147
17,1,100,11,0.0241977
17,101,200,10,0.0175989
17,201,300,6,0.0112712
17,301,400,10,0.0137684
17,401,500,14,0.0206215
17,501,600,7,0.0118249
17,601,700,7,0.0139718
17,701,800,10,0.0185028
17,801,900,13,0.0287627
17,901,1000,11,0.0192994
19,1,100,9,0.0143898
19,101,200,12,0.021661
19,201,300,9,0.014226
19,301,400,20,0.0308418
19,401,500,12,0.0192316
19,501,600,11,0.0172655
19,601,700,13,0.0176045
19,701,800,12,0.0193898
19,801,900,6,0.0134633
19,901,1000,9,0.0166893
12,1,100,15,0.0441243
12,101,200,16,0.0286836
12,201,300,14,0.0285311
12,301,400,10,0.0207514
12,401,500,13,0.0258588
12,501,600,11,0.0291977
12,601,700,16,0.0399379
12,701,800,10,0.0332994
12,801,900,14,0.0261299
12,901,1000,12,0.0271921
3,1,100,13,0.0249887
3,101,200,9,0.0145367
3,201,300,10,0.0142316
3,301,400,8,0.0195141
3,401,500,7,0.0147232
3,501,600,8,0.017565
3,601,700,9,0.0169153
3,701,800,13,0.0211808
3,801,900,9,0.0241073
3,901,1000,11,0.0239548
13,1,100,15,0.029565
13,101,200,12,0.0278757
13,201,300,10,0.0246441
13,301,400,10,0.0262373
13,401,500,20,0.0400169
13,501,600,12,0.023904
13,601,700,16,0.045548
13,701,800,17,0.0281921
13,801,900,9,0.0184124
13,901,1000,10,0.0198192
10,1,100,11,0.0254746
10,101,200,14,0.0241808
10,201,300,13,0.0322429
10,301,400,7,0.0225085
10,401,500,13,0.0364068
10,501,600,13,0.0343277
10,601,700,13,0.0463164
10,701,800,9,0.0228249
10,801,900,10,0.021661
10,901,1000,9,0.017339
6,1,100,12,0.0178701
6,101,200,12,0.0187853
6,201,300,11,0.0222881
6,301,400,13,0.0207288
6,401,500,17,0.0291356
6,501,600,8,0.0147006
6,601,700,10,0.0165706
6,701,800,9,0.0143051
6,801,900,11,0.0250452
6,901,1000,13,0.0225198
6,1,100,10,0.0209548
6,101,200,13,0.0357458
6,201,300,10,0.0177345
6,301,400,13,0.0222542
6,401,500,14,0.0336328
6,501,600,11,0.0182034
6,601,700,16,0.0322486
6,701,800,14,0.0182429
6,801,900,9,0.0153446
6,901,1000,7,0.0139435
19,1,100,20,0.0395876
19,101,200,13,0.0355367
19,201,300,11,0.0246045
19,301,400,18,0.0501469
19,401,500,14,0.0357797
19,501,600,16,0.0480339
19,601,700,18,0.0521243
19,701,800,18,0.0469548
19,801,900,16,0.0474237
19,901,1000,16,0.0291186
1,1,100,11,0.0297062
1,101,200,13,0.0362034
1,201,300,12,0.0289718
1,301,400,9,0.0331356
1,401,500,14,0.0337571
1,501,600,14,0.0386215
1,601,700,6,0.0212373
1,701,800,14,0.0393559
1,801,900,13,0.029435
1,901,1000,11,0.0364633
14,1,100,13,0.0105141
14,101,200,11,0.0169435
14,201,300,14,0.0218079
14,301,400,11,0.0213503
14,401,500,8,0.0130395
14,501,600,12,0.024209
14,601,700,11,0.0157062
14,701,800,12,0.0243955
14,801,900,15,0.0216384
14,901,1000,8,0.00968362
1,1,100,12,0.0259435
1,101,200,15,0.0206949
1,201,300,8,0.0170395
1,301,400,13,0.0151921
1,401,500,11,0.0148531
1,501,600,11,0.0174633
1,601,700,12,0.016565
1,701,800,11,0.0182881
1,801,900,7,0.00841808
1,901,1000,10,0.00843503
15,1,100,13,0.024791
15,101,200,12,0.0159096
15,201,300,7,0.0100169
15,301,400,14,0.0288418
15,401,500,10,0.0187627
15,501,600,7,0.00681921
15,601,700,10,0.00676271
15,701,800,12,0.0187175
15,801,900,13,0.0177966
15,901,1000,8,0.0139153
6,1,100,6,0.0060678
6,101,200,5,0.00961017
6,201,300,5,0.0104746
6,301,400,6,0.0189831
6,401,500,10,0.015113
6,501,600,16,0.0246102
6,601,700,13,0.0289605
6,701,800,12,0.0257175
6,801,900,17,0.0276667
6,901,1000,8,0.0114068
15,1,100,16,0.053678
15,101,200,16,0.025791
15,201,300,11,0.0240282
15,301,400,14,0.0376328
15,401,500,16,0.0309492
15,501,600,21,0.0554746
15,601,700,22,0.0535367
15,701,800,19,0.037435
15,801,900,25,0.0750113
15,901,1000,16,0.043904
11,1,100,9,0.0210734
11,101,200,17,0.0452034
11,201,300,8,0.00906215
11,301,400,5,0.00821469
11,401,500,17,0.0322034
11,501,600,12,0.0260226
11,601,700,7,0.0165763
11,701,800,10,0.0301695
11,801,900,8,0.0179379
11,901,1000,10,0.0235311
19,1,100,11,0.035113
19,101,200,24,0.0857288
19,201,300,17,0.0461864
19,301,400,17,0.0486949
19,401,500,17,0.0485706
19,501,600,19,0.0691299
19,601,700,17,0.0422994
19,701,800,12,0.0373333
19,801,900,17,0.0599153
19,901,1000,17,0.0535141
18,1,100,13,0.0218418
18,101,200,14,0.0357627
18,201,300,9,0.020791
18,301,400,12,0.0188588
18,401,500,8,0.0142881
18,501,600,10,0.0300282
18,601,700,15,0.0366271
18,701,800,16,0.0195198
18,801,900,11,0.0309718
18,901,1000,9,0.0229153
4,1,100,23,0.0710791
4,101,200,17,0.0396554
4,201,300,20,0.0553785
4,301,400,20,0.055209
4,401,500,19,0.0554068
4,501,600,28,0.0776554
4,601,700,21,0.0604124
4,701,800,17,0.0457458
4,801,900,19,0.0573333
4,901,1000,22,0.0723333
8,1,100,15,0.0155254
8,101,200,8,0.0116271
8,201,300,16,0.0211695
8,301,400,9,0.0155028
8,401,500,11,0.0191808
8,501,600,16,0.0193503
8,601,700,6,0.00847458
8,701,800,11,0.0149209
8,801,900,13,0.0248588
8,901,1000,16,0.0381582
16,1,100,18,0.0651921
16,101,200,21,0.094209
16,201,300,20,0.0633898
16,301,400,13,0.0484068
16,401,500,12,0.054452
16,501,600,13,0.0366384
16,601,700,17,0.0638079
16,701,800,12,0.0409266
16,801,900,20,0.0615141
16,901,1000,14,0.0511356
9,1,100,16,0.038904
9,101,200,8,0.0198475
9,201,300,14,0.0458475
9,301,400,14,0.0346836
9,401,500,18,0.042678
9,501,600,16,0.0328927
9,601,700,15,0.0431808
9,701,800,15,0.0388192
9,801,900,18,0.045435
9,901,1000,11,0.0315819
16,1,100,14,0.0242768
16,101,200,21,0.0440395
16,201,300,11,0.0213333
16,301,400,15,0.024226
16,401,500,21,0.0418362
16,501,600,19,0.0348023
16,601,700,14,0.0282429
16,701,800,20,0.0238249
16,801,900,21,0.0365593
16,901,1000,14,0.0272768
18,1,100,6,0.0115989
18,101,200,7,0.0139153
18,201,300,6,0.0101582
18,301,400,7,0.0104689
18,401,500,8,0.0113503
18,501,600,2,0.000666667
18,601,700,10,0.0182825
18,701,800,6,0.0178023
18,801,900,9,0.0221412
18,901,1000,6,0.00716949
19,1,100,18,0.0525085
19,101,200,15,0.0338757
19,201,300,11,0.0362712
19,301,400,15,0.0402486
19,401,500,12,0.0332316
19,501,600,15,0.038
19,601,700,17,0.046339
19,701,800,17,0.0399492
19,801,900,19,0.0451977
19,901,1000,17,0.044887
8,1,100,13,0.0314689
8,101,200,15,0.0286441
8,201,300,21,0.0537401
8,301,400,13,0.0185254
8,401,500,8,0.0142203
8,501,600,17,0.0470169
8,601,700,21,0.0383785
8,701,800,12,0.0346441
8,801,900,14,0.0427288
8,901,1000,9,0.0180565
7,1,100,11,0.00823729
7,101,200,12,0.0199944
7,201,300,13,0.0140113
7,301,400,9,0.0134746
7,401,500,10,0.0126836
7,501,600,6,0.0123785
7,601,700,10,0.0232147
7,701,800,6,0.00827119
7,801,900,10,0.00955932
7,901,1000,7,0.00964407
2,1,100,13,0.019774
2,101,200,17,0.0255424
2,201,300,6,0.00386441
2,301,400,14,0.0322429
2,401,500,8,0.00979661
2,501,600,13,0.021904
2,601,700,12,0.019548
2,701,800,9,0.0158192
2,801,900,17,0.0307119
2,901,1000,15,0.0155424
3,1,100,16,0.0180847
3,101,200,14,0.0245593
3,201,300,9,0.0138249
3,301,400,9,0.017435
3,401,500,16,0.0166441
3,501,600,16,0.0233503
3,601,700,15,0.0230508
3,701,800,10,0.0202881
3,801,900,16,0.0219774
3,901,1000,10,0.00696045
9,1,100,22,0.0378023
9,101,200,21,0.0428588
9,201,300,20,0.0492147
9,301,400,23,0.0466045
9,401,500,30,0.0765028
9,501,600,18,0.0383164
9,601,700,22,0.0528588
9,701,800,26,0.0610169
9,801,900,25,0.0596271
9,901,1000,20,0.035887
4,1,100,10,0.0248023
4,101,200,7,0.00840678
4,201,300,11,0.0304633
4,301,400,10,0.0215254
4,401,500,19,0.0489492
4,501,600,15,0.0336045
4,601,700,8,0.0157175
4,701,800,12,0.0371017
4,801,900,13,0.0318757
4,901,1000,17,0.0366102
12,1,100,9,0.0196949
12,101,200,14,0.0337571
12,201,300,9,0.00780791
12,301,400,14,0.0271638
12,401,500,15,0.0229379
12,501,600,8,0.00979661
12,601,700,12,0.0363616
12,701,800,11,0.0164294
12,801,900,11,0.0248927
12,901,1000,9,0.0241412
15,1,100,14,0.0305311
15,101,200,20,0.0495876
15,201,300,12,0.0374294
15,301,400,19,0.0544237
15,401,500,25,0.0752994
15,501,600,17,0.0382373
15,601,700,16,0.0333277
15,701,800,10,0.0184576
15,801,900,23,0.0526836
15,901,1000,14,0.0374011
12,1,100,11,0.0154915
12,101,200,8,0.0137062
12,201,300,10,0.017
12,301,400,12,0.0179096
12,401,500,8,0.0129718
12,501,600,10,0.0177514
12,601,700,15,0.0226045
12,701,800,11,0.0214576
12,801,900,12,0.0193616
12,901,1000,5,0.0104294
13,1,100,17,0.0306102
13,101,200,14,0.0242768
13,201,300,12,0.0158701
13,301,400,14,0.0169605
13,401,500,14,0.0269887
13,501,600,14,0.0324746
13,601,700,13,0.0250282
13,701,800,15,0.0248983
13,801,900,14,0.0274915
13,901,1000,6,0.0141299
6,1,100,13,0.0149831
6,101,200,9,0.0105763
6,201,300,9,0.0154463
6,301,400,11,0.0101017
6,401,500,9,0.0200339
6,501,600,10,0.019322
6,601,700,15,0.0222599
6,701,800,12,0.0231638
6,801,900,10,0.0183503
6,901,1000,7,0.0189887
5,1,100,7,0.0138136
5,101,200,7,0.0164746
5,201,300,12,0.0355367
5,301,400,7,0.00887571
5,401,500,11,0.0296271
5,501,600,13,0.0307627
5,601,700,15,0.0188023
5,701,800,8,0.0153164
5,801,900,8,0.0242938
5,901,1000,15,0.0370904
10,1,100,13,0.045226
10,101,200,24,0.0872542
10,201,300,15,0.0333955
10,301,400,13,0.0376893
10,401,500,18,0.0485367
10,501,600,23,0.0688362
10,601,700,21,0.0653898
10,701,800,12,0.0306497
10,801,900,19,0.0456045
10,901,1000,16,0.0555593
0,1,100,14,0.0292994
0,101,200,11,0.0193559
0,201,300,13,0.0247401
0,301,400,10,0.0243955
0,401,500,13,0.028339
0,501,600,11,0.0244237
0,601,700,12,0.025904
0,701,800,16,0.0437627
0,801,900,12,0.0260169
0,901,1000,9,0.0195141
2,1,100,16,0.0261412
2,101,200,19,0.0402881
2,201,300,23,0.0521695
2,301,400,17,0.0435141
2,401,500,9,0.0210847
2,501,600,24,0.0569831
2,601,700,17,0.0426836
2,701,800,21,0.0474463
2,801,900,14,0.028774
2,901,1000,17,0.0399379
4,1,100,17,0.030322
4,101,200,16,0.0266045
4,201,300,8,0.0172768
4,301,400,15,0.0274576
4,401,500,10,0.0172429
4,501,600,15,0.0310621
4,601,700,22,0.0378644
4,701,800,14,0.0228079
4,801,900,19,0.0333446
4,901,1000,15,0.0419492
5,1,100,8,0.00933333
5,101,200,9,0.0176893
5,201,300,8,0.0204294
5,301,400,3,0.00164407
5,401,500,10,0.014565
5,501,600,11,0.013887
5,601,700,10,0.0127458
5,701,800,13,0.0206497
5,801,900,14,0.0258757
5,901,1000,14,0.0328079
15,1,100,13,0.0289096
15,101,200,21,0.0379492
15,201,300,24,0.0454802
15,301,400,19,0.0223616
15,401,500,14,0.0152429
15,501,600,17,0.0275367
15,601,700,16,0.0208644
15,701,800,16,0.0260113
15,801,900,24,0.0231073
15,901,1000,14,0.0154859
9,1,100,7,0.0241582
9,101,200,6,0.0122599
9,201,300,6,0.0131921
9,301,400,16,0.0403729
9,401,500,16,0.0453107
9,501,600,15,0.043548
9,601,700,8,0.031209
9,701,800,11,0.0365141
9,801,900,10,0.0394576
9,901,1000,7,0.0202712
7,1,100,8,0.0164576
7,101,200,8,0.0170565
7,201,300,13,0.0296215
7,301,400,10,0.0138418
7,401,500,9,0.0148418
7,501,600,8,0.0233729
7,601,700,10,0.0119605
7,701,800,8,0.0120452
7,801,900,9,0.017339
7,901,1000,6,0.0153107
7,1,100,13,0.0282712
7,101,200,13,0.0318475
7,201,300,16,0.0447401
7,301,400,17,0.0476497
7,401,500,10,0.0313898
7,501,600,9,0.018774
7,601,700,12,0.0433107
7,701,800,14,0.0401469
7,801,900,22,0.0637797
7,901,1000,12,0.0297119
2,1,100,14,0.0405198
2,101,200,11,0.032209
2,201,300,12,0.0382825
2,301,400,14,0.0362994
2,401,500,12,0.0232147
2,501,600,14,0.0280169
2,601,700,14,0.0330282
2,701,800,12,0.0270056
2,801,900,13,0.0527514
2,901,1000,15,0.0394576
9,1,100,8,0.0116045
9,101,200,17,0.0238418
9,201,300,9,0.0090565
9,301,400,12,0.0173446
9,401,500,10,0.00674011
9,501,600,8,0.00744633
9,601,700,13,0.0172655
9,701,800,13,0.0142938
9,801,900,12,0.0148475
9,901,1000,9,0.0111525
10,1,100,15,0.0414633
10,101,200,9,0.0189661
10,201,300,10,0.0298588
10,301,400,12,0.0304802
10,401,500,9,0.0252712
10,501,600,17,0.0342768
10,601,700,9,0.0241808
10,701,800,11,0.0210734
10,801,900,15,0.0292768
10,901,1000,16,0.0386893
1,1,100,17,0.0372768
1,101,200,10,0.0240904
1,201,300,16,0.0301525
1,301,400,10,0.0294689
1,401,500,13,0.0237288
1,501,600,10,0.0186328
1,601,700,20,0.030435
1,701,800,11,0.017
1,801,900,11,0.0327966
1,901,1000,9,0.0181808
5,1,100,15,0.0401469
5,101,200,21,0.0413785
5,201,300,12,0.0327458
5,301,400,12,0.0211864
5,401,500,18,0.0444633
5,501,600,12,0.0201977
5,601,700,14,0.0282373
5,701,800,11,0.026678
5,801,900,16,0.0357627
5,901,1000,14,0.038
14,1,100,12,0.0275028
14,101,200,13,0.0195876
14,201,300,17,0.0347458
14,301,400,19,0.0429661
14,401,500,21,0.0560452
14,501,600,18,0.0391582
14,601,700,14,0.0405311
14,701,800,16,0.0379831
14,801,900,19,0.0214181
14,901,1000,12,0.0304576
17,1,100,6,0.00575706
17,101,200,7,0.0188814
17,201,300,5,0.00867797
17,301,400,11,0.0214576
17,401,500,11,0.0201808
17,501,600,7,0.0188418
17,601,700,14,0.035113
17,701,800,10,0.0316384
17,801,900,9,0.0202712
17,901,1000,8,0.0174689
16,1,100,8,0.0107232
16,101,200,6,0.00690395
16,201,300,10,0.0236271
16,301,400,9,0.00457627
16,401,500,6,0.0116384
16,501,600,9,0.0188588
16,601,700,8,0.00548588
16,701,800,3,0.00421469
16,801,900,6,0.0101582
16,901,1000,12,0.0206949
5,1,100,12,0.0306949
5,101,200,15,0.0383672
5,201,300,15,0.0438023
5,301,400,14,0.0317853
5,401,500,18,0.0410395
5,501,600,19,0.032791
5,601,700,14,0.0416271
5,701,800,21,0.0591299
5,801,900,22,0.0461243
5,901,1000,22,0.0639944
1,1,100,13,0.0265424
1,101,200,13,0.0275198
1,201,300,10,0.0196836
1,301,400,15,0.0381243
1,401,500,14,0.0274633
1,501,600,14,0.0341751
1,601,700,17,0.0316102
1,701,800,18,0.034452
1,801,900,12,0.0149887
1,901,1000,19,0.0335311
13,1,100,9,0.0211243
13,101,200,12,0.0243672
13,201,300,15,0.0149492
13,301,400,12,0.0134294
13,401,500,4,0.005
13,501,600,11,0.0229887
13,601,700,14,0.0175537
13,701,800,10,0.00968362
13,801,900,8,0.0137458
13,901,1000,11,0.0182486
18,1,100,4,0.0049774
18,101,200,9,0.0122034
18,201,300,8,0.0172316
18,301,400,7,0.0110113
18,401,500,9,0.00846893
18,501,600,10,0.0109209
18,601,700,10,0.00574011
18,701,800,8,0.00425989
18,801,900,9,0.0145763
18,901,1000,5,0.00323164
10,1,100,11,0.0272429
10,101,200,15,0.0269209
10,201,300,13,0.0221977
10,301,400,11,0.0216328
10,401,500,11,0.0190734
10,501,600,7,0.0117797
10,601,700,10,0.0288192
10,701,800,10,0.0230565
10,801,900,7,0.0207119
10,901,1000,13,0.027209
5,1,100,16,0.0400734
5,101,200,13,0.0382034
5,201,300,19,0.0606384
5,301,400,18,0.0512429
5,401,500,20,0.0644068
5,501,600,21,0.0472203
5,601,700,25,0.0853446
5,701,800,24,0.0658305
5,801,900,12,0.037096
5,901,1000,27,0.0846667
17,1,100,9,0.0196384
17,101,200,9,0.021887
17,201,300,6,0.0141582
17,301,400,6,0.0131299
17,401,500,10,0.0310113
17,501,600,15,0.0442034
17,601,700,7,0.0137627
17,701,800,11,0.0289096
17,801,900,9,0.0235819
17,901,1000,7,0.00874011
9,1,100,18,0.0323333
9,101,200,17,0.0190282
9,201,300,16,0.0315141
9,301,400,12,0.0270056
9,401,500,17,0.0393164
9,501,600,21,0.0406158
9,601,700,17,0.0265537
9,701,800,14,0.0279661
9,801,900,14,0.020452
9,901,1000,21,0.0345254
4,1,100,16,0.0433729
4,101,200,20,0.0502429
4,201,300,14,0.0369548
4,301,400,18,0.0416441
4,401,500,18,0.0330791
4,501,600,17,0.0438023
4,601,700,19,0.0548023
4,701,800,17,0.0571977
4,801,900,15,0.0423672
4,901,1000,19,0.064678
11,1,100,22,0.0507232
11,101,200,23,0.0532542
11,201,300,21,0.0574237
11,301,400,18,0.0436441
11,401,500,21,0.059548
11,501,600,23,0.0592203
11,601,700,26,0.0675254
11,701,800,20,0.0572825
11,801,900,17,0.0524972
11,901,1000,26,0.0760452
11,1,100,10,0.0185932
11,101,200,9,0.00718644
11,201,300,9,0.0138701
11,301,400,18,0.0284633
11,401,500,10,0.0212881
11,501,600,9,0.0204915
11,601,700,10,0.0121751
11,701,800,8,0.0179435
11,801,900,15,0.0312881
11,901,1000,13,0.0217458
17,1,100,27,0.0381243
17,101,200,25,0.047226
17,201,300,14,0.0271977
17,301,400,29,0.0548305
17,401,500,19,0.0369605
17,501,600,26,0.0405989
17,601,700,22,0.0363051
17,701,800,22,0.038452
17,801,900,21,0.0423503
17,901,1000,18,0.0309096
9,1,100,9,0.010565
9,101,200,9,0.0179153
9,201,300,15,0.022791
9,301,400,16,0.0240508
9,401,500,15,0.0228701
9,501,600,14,0.0172147
9,601,700,21,0.0450169
9,701,800,16,0.0234802
9,801,900,11,0.0168644
9,901,1000,20,0.0255932
1,1,100,14,0.0189322
1,101,200,14,0.0220508
1,201,300,19,0.0232034
1,301,400,14,0.033661
1,401,500,9,0.0124124
1,501,600,13,0.0255763
1,601,700,9,0.0181525
1,701,800,6,0.00981356
1,801,900,17,0.0245085
1,901,1000,17,0.025791
19,1,100,16,0.0449661
19,101,200,18,0.0470113
19,201,300,14,0.0390565
19,301,400,13,0.0434463
19,401,500,10,0.0288418
19,501,600,16,0.0435763
19,601,700,12,0.0379379
19,701,800,11,0.0237514
19,801,900,12,0.038435
19,901,1000,14,0.040339
11,1,100,12,0.0146949
11,101,200,14,0.0304746
11,201,300,9,0.0110565
11,301,400,11,0.0226949
11,401,500,9,0.0125028
11,501,600,10,0.0229774
11,601,700,12,0.0116102
11,701,800,7,0.00803955
11,801,900,10,0.0151412
11,901,1000,11,0.0165876
12,1,100,14,0.0288475
12,101,200,14,0.0353107
12,201,300,17,0.0377797
12,301,400,23,0.0479322
12,401,500,14,0.0299605
12,501,600,24,0.0641977
12,601,700,18,0.0386893
12,701,800,17,0.038565
12,801,900,19,0.0409774
12,901,1000,16,0.0318305
7,1,100,12,0.0401469
7,101,200,9,0.0213672
7,201,300,12,0.0261412
7,301,400,15,0.0301299
7,401,500,13,0.0350113
7,501,600,10,0.023678
7,601,700,5,0.0164972
7,701,800,7,0.0235367
7,801,900,7,0.0165763
7,901,1000,11,0.0335028
10,1,100,16,0.0346554
10,101,200,16,0.0311243
10,201,300,17,0.036096
10,301,400,16,0.0365593
10,401,500,13,0.0241977
10,501,600,15,0.0272994
10,601,700,15,0.0281921
10,701,800,18,0.0361921
10,801,900,22,0.0471412
10,901,1000,12,0.0211243
12,1,100,22,0.0537684
12,101,200,21,0.0475932
12,201,300,34,0.0783898
12,301,400,28,0.0684124
12,401,500,28,0.083113
12,501,600,29,0.0711243
12,601,700,29,0.0808983
12,701,800,17,0.046339
12,801,900,25,0.0627458
12,901,1000,25,0.0647345
0,1,100,20,0.0268644
0,101,200,12,0.0217345
0,201,300,15,0.0336441
0,301,400,8,0.0160904
0,401,500,10,0.0234746
0,501,600,11,0.0254294
0,601,700,13,0.035548
0,701,800,12,0.0301186
0,801,900,9,0.0234802
0,901,1000,13,0.0281525
13,1,100,12,0.0237514
13,101,200,8,0.00991525
13,201,300,13,0.0271299
13,301,400,11,0.0246949
13,401,500,9,0.0282938
13,501,600,12,0.0261356
13,601,700,9,0.0123559
13,701,800,13,0.0123333
13,801,900,9,0.0194294
13,901,1000,14,0.0307401
4,1,100,19,0.0517966
4,101,200,12,0.0348192
4,201,300,18,0.0458249
4,301,400,9,0.0244633
4,401,500,12,0.0391977
4,501,600,14,0.0582938
4,601,700,11,0.0404859
4,701,800,11,0.0279266
4,801,900,6,0.0119605
4,901,1000,9,0.0337232
9,1,100,19,0.0481073
9,101,200,9,0.0346836
9,201,300,16,0.0406949
9,301,400,11,0.0429887
9,401,500,15,0.0574859
9,501,600,15,0.0374633
9,601,700,17,0.0565311
9,701,800,15,0.0464294
9,801,900,15,0.0505763
9,901,1000,16,0.0484802
15,1,100,10,0.0235311
15,101,200,19,0.0501525
15,201,300,8,0.0149661
15,301,400,13,0.0264181
15,401,500,14,0.0344576
15,501,600,14,0.0351299
15,601,700,18,0.0314633
15,701,800,14,0.0454294
15,801,900,14,0.0313785
15,901,1000,18,0.045209
1,1,100,11,0.0282542
1,101,200,8,0.0240452
1,201,300,11,0.0110508
1,301,400,11,0.0171243
1,401,500,9,0.0206554
1,501,600,12,0.023435
1,601,700,8,0.00815819
1,701,800,6,0.0118588
1,801,900,18,0.0298927
1,901,1000,6,0.00614124
4,1,100,8,0.0133446
4,101,200,9,0.0173164
4,201,300,13,0.0249209
4,301,400,7,0.0132712
4,401,500,8,0.0124124
4,501,600,9,0.0152655
4,601,700,13,0.0240169
4,701,800,7,0.014339
4,801,900,8,0.013322
4,901,1000,7,0.0122486
18,1,100,15,0.0311751
18,101,200,22,0.0572373
18,201,300,13,0.0273616
18,301,400,27,0.0571356
18,401,500,17,0.0318701
18,501,600,22,0.0442938
18,601,700,15,0.0401751
18,701,800,14,0.035452
18,801,900,17,0.0362429
18,901,1000,18,0.0442881
16,1,100,13,0.0143672
16,101,200,17,0.0234746
16,201,300,15,0.0223616
16,301,400,21,0.0289831
16,401,500,12,0.0279605
16,501,600,12,0.0149774
16,601,700,13,0.0213051
16,701,800,15,0.0198927
16,801,900,10,0.0150904
16,901,1000,14,0.0199774
3,1,100,25,0.102627
3,101,200,21,0.0665141
3,201,300,19,0.0575706
3,301,400,20,0.0758644
3,401,500,28,0.104559
3,501,600,23,0.086548
3,601,700,23,0.098678
3,701,800,20,0.0571977
3,801,900,22,0.0712034
3,901,1000,16,0.0664746
0,1,100,14,0.0337458
0,101,200,22,0.0683898
0,201,300,23,0.0833672
0,301,400,19,0.0691412
0,401,500,14,0.0459209
0,501,600,18,0.0718362
0,601,700,18,0.0518983
0,701,800,24,0.075209
0,801,900,19,0.0682542
0,901,1000,26,0.0733616
3,1,100,9,0.0104237
3,101,200,14,0.0287232
3,201,300,9,0.00976836
3,301,400,9,0.00961582
3,401,500,5,0.00714689
3,501,600,12,0.0180678
3,601,700,9,0.00848023
3,701,800,6,0.0124068
3,801,900,8,0.015548
3,901,1000,9,0.0145876
8,1,100,12,0.0156045
8,101,200,11,0.0293277
8,201,300,12,0.0287514
8,301,400,15,0.0246893
8,401,500,7,0.0189887
8,501,600,8,0.0123898
8,601,700,8,0.0218079
8,701,800,11,0.0219944
8,801,900,14,0.018904
8,901,1000,7,0.00959887
5,1,100,12,0.0257401
5,101,200,7,0.00992655
5,201,300,7,0.0129718
5,301,400,17,0.0241243
5,401,500,7,0.00978531
5,501,600,9,0.0118305
5,601,700,10,0.0136893
5,701,800,11,0.0181017
5,801,900,10,0.020678
5,901,1000,8,0.0181525
3,1,100,7,0.0168023
3,101,200,12,0.0196384
3,201,300,11,0.031678
3,301,400,8,0.0141299
3,401,500,11,0.0346158
3,501,600,14,0.0356441
3,601,700,8,0.017452
3,701,800,15,0.024322
3,801,900,9,0.0212768
3,901,1000,14,0.0310734
10,1,100,14,0.0325593
10,101,200,11,0.0268588
10,201,300,10,0.0191808
10,301,400,11,0.0224294
10,401,500,13,0.0286215
10,501,600,12,0.0323333
10,601,700,17,0.0282655
10,701,800,11,0.0252203
10,801,900,9,0.0165028
10,901,1000,11,0.0223729
13,1,100,13,0.0259435
13,101,200,12,0.0251582
13,201,300,17,0.0387288
13,301,400,15,0.0326271
13,401,500,8,0.017452
13,501,600,11,0.0347966
13,601,700,12,0.0259209
13,701,800,16,0.0436497
13,801,900,22,0.0544633
13,901,1000,13,0.0261921
9,1,100,17,0.0378249
9,101,200,11,0.017565
9,201,300,16,0.0367119
9,301,400,11,0.0260734
9,401,500,14,0.0285932
9,501,600,17,0.0417627
9,601,700,10,0.0312938
9,701,800,13,0.0325424
9,801,900,12,0.027
9,901,1000,18,0.0334068
12,1,100,12,0.0360452
12,101,200,7,0.0176949
12,201,300,11,0.0292994
12,301,400,8,0.0157345
12,401,500,13,0.0369435
12,501,600,14,0.0232542
12,601,700,9,0.0292034
12,701,800,14,0.0401638
12,801,900,10,0.028791
12,901,1000,7,0.00976836
2,1,100,10,0.0118701
2,101,200,12,0.0181751
2,201,300,13,0.0260621
2,301,400,5,0.00746893
2,401,500,10,0.0156441
2,501,600,16,0.0352994
2,601,700,12,0.014774
2,701,800,17,0.0393955
2,801,900,11,0.0165537
2,901,1000,12,0.0309661
17,1,100,11,0.0246949
17,101,200,13,0.0410169
17,201,300,21,0.0559718
17,301,400,11,0.0202486
17,401,500,20,0.0411073
17,501,600,13,0.0351808
17,601,700,8,0.0202881
17,701,800,21,0.0597232
17,801,900,13,0.0218983
17,901,1000,13,0.0202542
0,1,100,17,0.0395141
0,101,200,18,0.0438305
0,201,300,21,0.0564181
0,301,400,17,0.0324859
0,401,500,18,0.0531864
0,501,600,17,0.0469661
0,601,700,17,0.0424689
0,701,800,21,0.0518757
0,801,900,27,0.0657401
0,901,1000,19,0.0389605
19,1,100,7,0.0168927
19,101,200,7,0.0192712
19,201,300,9,0.0242768
19,301,400,6,0.0103051
19,401,500,11,0.0283955
19,501,600,9,0.0182712
19,601,700,13,0.0273898
19,701,800,7,0.00535028
19,801,900,8,0.022113
19,901,1000,13,0.0215028
13,1,100,11,0.0200339
13,101,200,16,0.0334068
13,201,300,10,0.0152486
13,301,400,12,0.0231977
13,401,500,17,0.027
13,501,600,18,0.0241751
13,601,700,12,0.0189605
13,701,800,20,0.0203164
13,801,900,12,0.0226893
13,901,1000,15,0.0198249
18,1,100,13,0.0241017
18,101,200,14,0.0207458
18,201,300,7,0.00948588
18,301,400,13,0.015
18,401,500,9,0.0117966
18,501,600,5,0.00591525
18,601,700,12,0.0273051
18,701,800,13,0.0179718
18,801,900,11,0.0219153
18,901,1000,12,0.0192994
14,1,100,11,0.038435
14,101,200,17,0.0560508
14,201,300,15,0.0393446
14,301,400,17,0.0544746
14,401,500,14,0.0411638
14,501,600,18,0.0603898
14,601,700,16,0.0530113
14,701,800,20,0.0745706
14,801,900,19,0.0617119
14,901,1000,21,0.0680904
1,1,100,10,0.0250395
1,101,200,11,0.0297514
1,201,300,17,0.0205989
1,301,400,21,0.0354237
1,401,500,14,0.0254463
1,501,600,17,0.0180282
1,601,700,11,0.0199718
1,701,800,13,0.0228588
1,801,900,17,0.031209
1,901,1000,14,0.0333051
14,1,100,13,0.0175763
14,101,200,12,0.0236045
14,201,300,10,0.0152429
14,301,400,5,0.00676836
14,401,500,13,0.0284802
14,501,600,9,0.0114689
14,601,700,10,0.0144294
14,701,800,15,0.0197401
14,801,900,4,0.00800565
14,901,1000,11,0.0253503
15,1,100,5,0.0090678
15,101,200,17,0.0227458
15,201,300,10,0.0187853
15,301,400,8,0.00578531
15,401,500,3,0.0103107
15,501,600,8,0.00670621
15,601,700,7,0.00699435
15,701,800,11,0.0167006
15,801,900,11,0.0134237
15,901,1000,10,0.0130226
3,1,100,13,0.0103277
3,101,200,8,0.00857062
3,201,300,12,0.0188927
3,301,400,13,0.0125311
3,401,500,8,0.00673446
3,501,600,7,0.0114746
3,601,700,8,0.011226
3,701,800,13,0.0206441
3,801,900,6,0.00359887
3,901,1000,16,0.0188588
10,1,100,17,0.040678
10,101,200,16,0.0337966
10,201,300,9,0.0191808
10,301,400,13,0.0228362
10,401,500,17,0.0283842
10,501,600,23,0.0528305
10,601,700,18,0.0346158
10,701,800,19,0.0373842
10,801,900,20,0.0312034
10,901,1000,22,0.0468136
0,1,100,9,0.0172542
0,101,200,11,0.0280056
0,201,300,10,0.0133672
0,301,400,5,0.00445198
0,401,500,8,0.0202147
0,501,600,10,0.0226554
0,601,700,8,0.00729379
0,701,800,12,0.0340621
0,801,900,4,0.00261017
0,901,1000,8,0.0200339
11,1,100,14,0.0261525
11,101,200,12,0.0419379
11,201,300,12,0.0217458
11,301,400,9,0.0245763
11,401,500,12,0.0337401
11,501,600,8,0.0217514
11,601,700,14,0.0252147
11,701,800,16,0.0404294
11,801,900,12,0.0300395
11,901,1000,14,0.0349096
16,1,100,13,0.0297853
16,101,200,16,0.0480113
16,201,300,9,0.0141864
16,301,400,8,0.0118644
16,401,500,18,0.0307288
16,501,600,7,0.0129153
16,601,700,12,0.0185085
16,701,800,18,0.0390791
16,801,900,12,0.0196158
16,901,1000,15,0.0347288
