CHROM,BIN_START,BIN_END,N_VARIANTS,PI
11,1,100,57,0.274564
11,101,200,61,0.303551
11,201,300,51,0.254244
11,301,400,67,0.331179
11,401,500,59,0.293141
11,501,600,57,0.280397
11,601,700,60,0.29641
11,701,800,60,0.280064
11,801,900,67,0.347282
11,901,1000,51,0.255026
9,1,100,57,0.278372
9,101,200,49,0.245564
9,201,300,61,0.301397
9,301,400,56,0.285077
9,401,500,58,0.287385
9,501,600,57,0.296205
9,601,700,56,0.271705
9,701,800,60,0.304795
9,801,900,58,0.293218
9,901,1000,52,0.249821
17,1,100,63,0.320551
17,101,200,51,0.249
17,201,300,55,0.274538
17,301,400,61,0.307295
17,401,500,63,0.324641
17,501,600,58,0.288179
17,601,700,60,0.303308
17,701,800,58,0.275538
17,801,900,54,0.273885
17,901,1000,53,0.255705
14,1,100,55,0.277423
14,101,200,63,0.31091
14,201,300,57,0.28991
14,301,400,56,0.268654
14,401,500,67,0.331731
14,501,600,59,0.291372
14,601,700,58,0.297679
14,701,800,60,0.298462
14,801,900,56,0.283782
14,901,1000,62,0.310474
0,1,100,56,0.28241
0,101,200,52,0.265769
0,201,300,56,0.283538
0,301,400,52,0.247372
0,401,500,60,0.308859
0,501,600,63,0.317231
0,601,700,54,0.274051
0,701,800,58,0.294
0,801,900,57,0.283346
0,901,1000,52,0.2665
2,1,100,67,0.341641
2,101,200,46,0.236141
2,201,300,53,0.268333
2,301,400,51,0.249744
2,401,500,53,0.267654
2,501,600,53,0.259641
2,601,700,61,0.302436
2,701,800,58,0.277154
2,801,900,54,0.270603
2,901,1000,57,0.278256
7,1,100,54,0.259231
7,101,200,62,0.309821
7,201,300,65,0.319923
7,301,400,64,0.325744
7,401,500,56,0.283026
7,501,600,65,0.324026
7,601,700,68,0.334436
7,701,800,55,0.267192
7,801,900,60,0.302423
7,901,1000,55,0.2705
3,1,100,59,0.292295
3,101,200,59,0.288397
3,201,300,59,0.298064
3,301,400,59,0.290308
3,401,500,55,0.272179
3,501,600,57,0.284974
3,601,700,58,0.288179
3,701,800,55,0.279962
3,801,900,56,0.278859
3,901,1000,55,0.277026
9,1,100,57,0.287474
9,101,200,57,0.292308
9,201,300,58,0.300231
9,301,400,54,0.277526
9,401,500,56,0.283872
9,501,600,53,0.263256
9,601,700,67,0.326718
9,701,800,60,0.295218
9,801,900,65,0.326115
9,901,1000,64,0.325013
5,1,100,60,0.295141
5,101,200,57,0.286256
5,201,300,65,0.331923
5,301,400,53,0.252115
5,401,500,61,0.313192
5,501,600,55,0.274026
5,601,700,51,0.257769
5,701,800,65,0.311897
5,801,900,58,0.277833
5,901,1000,59,0.287846
13,1,100,57,0.283346
13,101,200,55,0.266628
13,201,300,58,0.28609
13,301,400,59,0.296128
13,401,500,55,0.281474
13,501,600,51,0.256654
13,601,700,52,0.250821
13,701,800,66,0.319051
13,801,900,55,0.269513
13,901,1000,56,0.279128
2,1,100,57,0.274205
2,101,200,61,0.300141
2,201,300,52,0.265051
2,301,400,68,0.338077
2,401,500,62,0.282
2,501,600,64,0.326205
2,601,700,67,0.340885
2,701,800,69,0.342564
2,801,900,57,0.283821
2,901,1000,58,0.282231
14,1,100,59,0.299218
14,101,200,52,0.265641
14,201,300,57,0.267821
14,301,400,57,0.284846
14,401,500,55,0.275846
14,501,600,56,0.268987
14,601,700,64,0.31541
14,701,800,56,0.283436
14,801,900,64,0.315038
14,901,1000,58,0.290974
5,1,100,59,0.293679
5,101,200,49,0.230692
5,201,300,58,0.290603
5,301,400,53,0.256756
5,401,500,56,0.283718
5,501,600,61,0.303859
5,601,700,60,0.309051
5,701,800,60,0.303064
5,801,900,58,0.280115
5,901,1000,50,0.236474
4,1,100,65,0.329654
4,101,200,53,0.260974
4,201,300,54,0.267654
4,301,400,56,0.265103
4,401,500,63,0.320038
4,501,600,55,0.275167
4,601,700,62,0.307295
4,701,800,56,0.280462
4,801,900,58,0.293269
4,901,1000,52,0.257397
12,1,100,57,0.284872
12,101,200,53,0.255333
12,201,300,65,0.317321
12,301,400,56,0.287179
12,401,500,65,0.325282
12,501,600,58,0.289141
12,601,700,51,0.261526
12,701,800,61,0.302192
12,801,900,44,0.226295
12,901,1000,57,0.293718
6,1,100,60,0.282615
6,101,200,60,0.302769
6,201,300,55,0.276128
6,301,400,56,0.268692
6,401,500,57,0.293218
6,501,600,55,0.278474
6,601,700,68,0.319641
6,701,800,58,0.298487
6,801,900,66,0.329038
6,901,1000,64,0.316321
18,1,100,57,0.285833
18,101,200,62,0.310064
18,201,300,57,0.279128
18,301,400,55,0.273987
18,401,500,59,0.291577
18,501,600,54,0.272013
18,601,700,65,0.327269
18,701,800,64,0.32009
18,801,900,62,0.314679
18,901,1000,57,0.285026
9,1,100,55,0.274333
9,101,200,62,0.305744
9,201,300,47,0.234577
9,301,400,63,0.309449
9,401,500,59,0.287962
9,501,600,59,0.292449
9,601,700,68,0.339321
9,701,800,55,0.274051
9,801,900,62,0.309269
9,901,1000,67,0.326333
7,1,100,65,0.324756
7,101,200,52,0.249423
7,201,300,54,0.268538
7,301,400,50,0.243218
7,401,500,60,0.302885
7,501,600,62,0.285859
7,601,700,69,0.343449
7,701,800,57,0.265936
7,801,900,65,0.316282
7,901,1000,58,0.273756
1,1,100,64,0.311449
1,101,200,46,0.232705
1,201,300,64,0.308038
1,301,400,58,0.293051
1,401,500,56,0.284141
1,501,600,61,0.309782
1,601,700,52,0.261615
1,701,800,49,0.243769
1,801,900,59,0.304872
1,901,1000,60,0.303577
15,1,100,63,0.321308
15,101,200,54,0.267141
15,201,300,55,0.269333
15,301,400,59,0.298
15,401,500,64,0.31191
15,501,600,55,0.275256
15,601,700,68,0.34309
15,701,800,58,0.28141
15,801,900,55,0.27
15,901,1000,58,0.292808
19,1,100,57,0.281603
19,101,200,54,0.267397
19,201,300,62,0.315897
19,301,400,60,0.303449
19,401,500,65,0.331038
19,501,600,47,0.238321
19,601,700,56,0.282987
19,701,800,64,0.315385
19,801,900,52,0.262308
19,901,1000,59,0.287385
5,1,100,61,0.297936
5,101,200,55,0.278026
5,201,300,62,0.311538
5,301,400,51,0.252872
5,401,500,61,0.303846
5,501,600,49,0.241615
5,601,700,55,0.274295
5,701,800,51,0.258013
5,801,900,60,0.292321
5,901,1000,56,0.278346
0,1,100,56,0.28141
0,101,200,58,0.278782
0,201,300,54,0.268897
0,301,400,53,0.263256
0,401,500,51,0.258436
0,501,600,72,0.350205
0,601,700,59,0.297885
0,701,800,53,0.266974
0,801,900,63,0.310051
0,901,1000,57,0.279833
10,1,100,54,0.272436
10,101,200,64,0.315436
10,201,300,52,0.26009
10,301,400,55,0.268077
10,401,500,63,0.326744
10,501,600,54,0.268654
10,601,700,56,0.278731
10,701,800,54,0.260872
10,801,900,52,0.261397
10,901,1000,55,0.277359
5,1,100,58,0.293269
5,101,200,51,0.256103
5,201,300,62,0.313244
5,301,400,64,0.321705
5,401,500,53,0.262923
5,501,600,61,0.309487
5,601,700,59,0.300167
5,701,800,60,0.303308
5,801,900,55,0.278013
5,901,1000,56,0.279051
4,1,100,50,0.253167
4,101,200,64,0.305808
4,201,300,57,0.273987
4,301,400,52,0.264872
4,401,500,44,0.222026
4,501,600,59,0.301936
4,601,700,57,0.289551
4,701,800,55,0.279744
4,801,900,61,0.306846
4,901,1000,60,0.292705
6,1,100,53,0.272026
6,101,200,57,0.282679
6,201,300,62,0.306936
6,301,400,56,0.257795
6,401,500,67,0.324346
6,501,600,66,0.330936
6,601,700,69,0.339808
6,701,800,66,0.323679
6,801,900,64,0.319872
6,901,1000,65,0.324205
12,1,100,54,0.276692
12,101,200,61,0.304885
12,201,300,60,0.293256
12,301,400,63,0.325282
12,401,500,55,0.28159
12,501,600,60,0.303859
12,601,700,56,0.287179
12,701,800,55,0.277756
12,801,900,49,0.251269
12,901,1000,57,0.292308
6,1,100,52,0.267
6,101,200,57,0.278667
6,201,300,55,0.272885
6,301,400,58,0.284474
6,401,500,59,0.297167
6,501,600,54,0.276923
6,601,700,45,0.217141
6,701,800,55,0.277308
6,801,900,72,0.373564
6,901,1000,57,0.286859
6,1,100,62,0.311872
6,101,200,70,0.338269
6,201,300,54,0.272846
6,301,400,66,0.330346
6,401,500,64,0.322295
6,501,600,60,0.288256
6,601,700,55,0.278462
6,701,800,52,0.259769
6,801,900,57,0.290564
6,901,1000,65,0.324641
4,1,100,62,0.308705
4,101,200,54,0.262115
4,201,300,59,0.289641
4,301,400,69,0.331833
4,401,500,58,0.291462
4,501,600,58,0.289192
4,601,700,60,0.298641
4,701,800,58,0.283218
4,801,900,58,0.288282
4,901,1000,56,0.277705
19,1,100,52,0.263885
19,101,200,53,0.249295
19,201,300,58,0.300179
19,301,400,59,0.300513
19,401,500,63,0.310923
19,501,600,49,0.227179
19,601,700,62,0.316346
19,701,800,62,0.301192
19,801,900,52,0.264744
19,901,1000,52,0.254628
0,1,100,55,0.278846
0,101,200,59,0.295449
0,201,300,60,0.292372
0,301,400,61,0.289321
0,401,500,63,0.308077
0,501,600,61,0.310782
0,601,700,60,0.299577
0,701,800,56,0.281795
0,801,900,58,0.290692
0,901,1000,56,0.268962
12,1,100,58,0.294179
12,101,200,63,0.300667
12,201,300,60,0.293103
12,301,400,64,0.315282
12,401,500,64,0.324769
12,501,600,59,0.289026
12,601,700,61,0.299808
12,701,800,59,0.292538
12,801,900,66,0.329449
12,901,1000,64,0.322423
1,1,100,54,0.270218
1,101,200,59,0.298179
1,201,300,55,0.270936
1,301,400,53,0.261859
1,401,500,59,0.294628
1,501,600,56,0.284962
1,601,700,56,0.281218
1,701,800,60,0.308859
1,801,900,58,0.290077
1,901,1000,51,0.259218
0,1,100,59,0.294487
0,101,200,66,0.326218
0,201,300,54,0.262782
0,301,400,66,0.329051
0,401,500,52,0.256128
0,501,600,59,0.29691
0,601,700,55,0.282295
0,701,800,60,0.308295
0,801,900,57,0.270244
0,901,1000,52,0.258487
7,1,100,57,0.286667
7,101,200,62,0.311256
7,201,300,55,0.273013
7,301,400,57,0.283628
7,401,500,63,0.306038
7,501,600,54,0.270821
7,601,700,58,0.286949
7,701,800,64,0.303821
7,801,900,63,0.32091
7,901,1000,61,0.296641
0,1,100,59,0.302744
0,101,200,58,0.291423
0,201,300,58,0.283962
0,301,400,63,0.323808
0,401,500,60,0.295167
0,501,600,66,0.324936
0,601,700,60,0.301244
0,701,800,59,0.285205
0,801,900,60,0.298295
0,901,1000,57,0.286756
2,1,100,58,0.288308
2,101,200,62,0.29209
2,201,300,63,0.305282
2,301,400,72,0.361615
2,401,500,59,0.280769
2,501,600,62,0.3045
2,601,700,52,0.264205
2,701,800,56,0.273205
2,801,900,67,0.330218
2,901,1000,48,0.247897
8,1,100,63,0.310013
8,101,200,58,0.281795
8,201,300,61,0.305269
8,301,400,53,0.254692
8,401,500,57,0.281987
8,501,600,57,0.284705
8,601,700,53,0.256731
8,701,800,52,0.251987
8,801,900,57,0.287423
8,901,1000,56,0.271872
18,1,100,54,0.273885
18,101,200,54,0.277282
18,201,300,56,0.267385
18,301,400,58,0.291218
18,401,500,59,0.289744
18,501,600,63,0.315859
18,601,700,59,0.297385
18,701,800,52,0.247526
18,801,900,63,0.309308
18,901,1000,56,0.262154
9,1,100,73,0.366949
9,101,200,61,0.295859
9,201,300,54,0.274295
9,301,400,58,0.296936
9,401,500,55,0.28059
9,501,600,59,0.294679
9,601,700,54,0.276256
9,701,800,54,0.275205
9,801,900,61,0.308436
9,901,1000,54,0.273731
10,1,100,55,0.282474
10,101,200,52,0.251179
10,201,300,65,0.325551
10,301,400,63,0.305103
10,401,500,56,0.275244
10,501,600,59,0.295038
10,601,700,57,0.289769
10,701,800,62,0.308987
10,801,900,66,0.314487
10,901,1000,61,0.306244
13,1,100,55,0.274141
13,101,200,58,0.28991
13,201,300,56,0.271795
13,301,400,61,0.307321
13,401,500,65,0.329641
13,501,600,58,0.292795
13,601,700,59,0.298256
13,701,800,52,0.263
13,801,900,56,0.278654
13,901,1000,60,0.305038
0,1,100,42,0.210218
9,1,100,59,0.303192
9,101,200,57,0.276551
9,201,300,64,0.31959
9,301,400,56,0.287808
9,401,500,61,0.305333
9,501,600,59,0.288859
9,601,700,58,0.29141
9,701,800,62,0.311397
9,801,900,58,0.289397
9,901,1000,55,0.273205
17,1,100,62,0.307205
17,101,200,59,0.296154
17,201,300,55,0.263577
17,301,400,58,0.289949
17,401,500,54,0.275974
17,501,600,55,0.283013
17,601,700,60,0.298974
17,701,800,57,0.284795
17,801,900,44,0.210128
17,901,1000,57,0.287782
5,1,100,58,0.294013
5,101,200,55,0.284013
5,201,300,55,0.268526
5,301,400,51,0.249385
5,401,500,65,0.320718
5,501,600,55,0.274513
5,601,700,63,0.316897
5,701,800,59,0.29841
5,801,900,58,0.270128
5,901,1000,65,0.322987
15,1,100,60,0.296628
15,101,200,57,0.293526
15,201,300,59,0.303026
15,301,400,54,0.262654
15,401,500,56,0.284821
15,501,600,59,0.299885
15,601,700,62,0.313782
15,701,800,51,0.253449
15,801,900,64,0.323808
15,901,1000,56,0.286462
8,1,100,62,0.31141
8,101,200,61,0.29941
8,201,300,64,0.312526
8,301,400,55,0.271256
8,401,500,61,0.293474
8,501,600,63,0.315808
8,601,700,57,0.274449
8,701,800,61,0.287064
8,801,900,63,0.310487
8,901,1000,70,0.3535
19,1,100,61,0.30309
19,101,200,61,0.301615
19,201,300,58,0.290436
19,301,400,64,0.32509
19,401,500,60,0.290128
19,501,600,54,0.265333
19,601,700,51,0.241795
19,701,800,57,0.263744
19,801,900,71,0.360346
19,901,1000,50,0.245026
8,1,100,57,0.288897
8,101,200,63,0.324846
8,201,300,64,0.319949
8,301,400,62,0.310641
8,401,500,48,0.239064
8,501,600,54,0.266923
8,601,700,56,0.281154
8,701,800,53,0.266218
8,801,900,47,0.230436
8,901,1000,63,0.318154
14,1,100,59,0.291564
14,101,200,57,0.277756
14,201,300,65,0.315462
14,301,400,62,0.309372
14,401,500,61,0.299269
14,501,600,54,0.275103
14,601,700,56,0.282064
14,701,800,68,0.338295
14,801,900,63,0.314385
14,901,1000,67,0.319833
13,1,100,59,0.302256
13,101,200,57,0.281795
13,201,300,62,0.3135
13,301,400,53,0.270167
13,401,500,54,0.275218
13,501,600,54,0.267769
13,601,700,55,0.277538
13,701,800,60,0.305026
13,801,900,53,0.262128
13,901,1000,57,0.284397
8,1,100,57,0.278474
8,101,200,58,0.292897
8,201,300,61,0.305038
8,301,400,52,0.262603
8,401,500,49,0.254487
8,501,600,58,0.290103
8,601,700,58,0.281231
8,701,800,61,0.302372
8,801,900,58,0.292218
8,901,1000,49,0.246103
12,1,100,47,0.23241
12,101,200,60,0.303295
12,201,300,56,0.28059
12,301,400,56,0.287705
12,401,500,49,0.24709
12,501,600,55,0.282154
12,601,700,60,0.308026
12,701,800,47,0.22459
12,801,900,59,0.294269
12,901,1000,55,0.271269
14,1,100,55,0.273526
14,101,200,66,0.331231
14,201,300,62,0.317936
14,301,400,55,0.276538
14,401,500,62,0.307667
14,501,600,52,0.257026
14,601,700,51,0.256385
14,701,800,58,0.289026
14,801,900,62,0.306218
14,901,1000,57,0.293385
7,1,100,57,0.288385
7,101,200,51,0.259346
7,201,300,60,0.299487
7,301,400,58,0.289449
7,401,500,48,0.240282
7,501,600,66,0.335577
7,601,700,59,0.299064
7,701,800,68,0.350333
7,801,900,61,0.306064
7,901,1000,54,0.277564
16,1,100,69,0.344782
16,101,200,49,0.241679
16,201,300,56,0.286551
16,301,400,68,0.347923
16,401,500,61,0.309513
16,501,600,66,0.324641
16,601,700,58,0.296167
16,701,800,55,0.270038
16,801,900,54,0.270179
16,901,1000,65,0.319833
15,1,100,54,0.26891
15,101,200,67,0.342705
15,201,300,56,0.285256
15,301,400,50,0.242859
15,401,500,55,0.270782
15,501,600,55,0.276308
15,601,700,58,0.29641
15,701,800,53,0.2655
15,801,900,56,0.280128
15,901,1000,62,0.320679
6,1,100,61,0.299654
6,101,200,62,0.304628
6,201,300,62,0.313577
6,301,400,59,0.291141
6,401,500,58,0.293372
6,501,600,57,0.281692
6,601,700,57,0.281526
6,701,800,61,0.302654
6,801,900,51,0.262744
6,901,1000,61,0.300192
8,1,100,60,0.2975
8,101,200,53,0.272679
8,201,300,62,0.298077
8,301,400,55,0.271821
8,401,500,62,0.311333
8,501,600,53,0.261064
8,601,700,70,0.3515
8,701,800,54,0.271756
8,801,900,52,0.267692
8,901,1000,49,0.241372
17,1,100,48,0.242256
17,101,200,50,0.255564
17,201,300,62,0.314603
17,301,400,60,0.301744
17,401,500,62,0.315551
17,501,600,58,0.298974
17,601,700,64,0.324821
17,701,800,60,0.292949
17,801,900,58,0.288513
17,901,1000,52,0.262244
14,1,100,55,0.282192
14,101,200,63,0.316128
14,201,300,58,0.290282
14,301,400,57,0.287321
14,401,500,56,0.285795
14,501,600,59,0.296346
14,601,700,61,0.308385
14,701,800,61,0.303154
14,801,900,60,0.301667
14,901,1000,57,0.277038
16,1,100,63,0.325167
16,101,200,60,0.296218
16,201,300,52,0.254897
16,301,400,59,0.286538
16,401,500,61,0.303744
16,501,600,67,0.338192
16,601,700,60,0.308231
16,701,800,62,0.315295
16,801,900,63,0.316038
16,901,1000,52,0.262256
19,1,100,64,0.311
19,101,200,58,0.287718
19,201,300,55,0.269769
19,301,400,60,0.297846
19,401,500,53,0.267564
19,501,600,47,0.229295
19,601,700,58,0.290705
19,701,800,64,0.329449
19,801,900,52,0.251731
19,901,1000,67,0.328064
12,1,100,60,0.307192
12,101,200,60,0.294897
12,201,300,56,0.286359
12,301,400,53,0.253705
12,401,500,61,0.293615
12,501,600,57,0.282103
12,601,700,51,0.26041
12,701,800,63,0.311385
12,801,900,63,0.314897
12,901,1000,59,0.296718
1,1,100,54,0.274462
1,101,200,57,0.284103
1,201,300,58,0.288205
1,301,400,56,0.288449
1,401,500,55,0.262962
1,501,600,64,0.315962
1,601,700,53,0.273744
1,701,800,60,0.288346
1,801,900,52,0.256436
1,901,1000,58,0.283654
14,1,100,60,0.300026
14,101,200,62,0.313372
14,201,300,64,0.311885
14,301,400,56,0.287667
14,401,500,58,0.283795
14,501,600,59,0.297167
14,601,700,56,0.282641
14,701,800,58,0.294474
14,801,900,56,0.281513
14,901,1000,59,0.292103
14,1,100,59,0.285282
14,101,200,63,0.309256
14,201,300,50,0.245641
14,301,400,51,0.259026
14,401,500,60,0.302949
14,501,600,66,0.3225
14,601,700,56,0.280115
14,701,800,58,0.276282
14,801,900,60,0.30891
14,901,1000,49,0.228667
4,1,100,64,0.329885
4,101,200,57,0.292538
4,201,300,60,0.303513
4,301,400,55,0.277859
4,401,500,54,0.272769
4,501,600,50,0.242974
4,601,700,62,0.305154
4,701,800,61,0.303962
4,801,900,65,0.331654
4,901,1000,64,0.322077
11,1,100,53,0.267205
11,101,200,50,0.259526
11,201,300,59,0.302731
11,301,400,62,0.303654
11,401,500,53,0.263782
11,501,600,59,0.295564
11,601,700,65,0.322474
11,701,800,62,0.300513
11,801,900,54,0.265167
11,901,1000,61,0.309308
15,1,100,59,0.302218
15,101,200,55,0.279385
15,201,300,54,0.269385
15,301,400,60,0.304321
15,401,500,60,0.302654
15,501,600,60,0.297846
15,601,700,50,0.254256
15,701,800,56,0.278795
15,801,900,57,0.272603
15,901,1000,59,0.286192
0,1,100,43,0.220128
3,1,100,66,0.333936
3,101,200,60,0.293603
3,201,300,62,0.313744
3,301,400,50,0.260628
3,401,500,59,0.276179
3,501,600,67,0.341321
3,601,700,60,0.281218
3,701,800,47,0.220513
3,801,900,59,0.278397
3,901,1000,59,0.287179
0,1,100,52,0.247744
4,1,100,58,0.283859
4,101,200,57,0.277295
4,201,300,67,0.341141
4,301,400,63,0.316936
4,401,500,61,0.308513
4,501,600,54,0.269385
4,601,700,58,0.299679
4,701,800,52,0.262103
4,801,900,49,0.239462
4,901,1000,65,0.311923
1,1,100,64,0.326808
1,101,200,54,0.269321
1,201,300,59,0.288423
1,301,400,59,0.298205
1,401,500,64,0.322808
1,501,600,60,0.308615
1,601,700,53,0.263705
1,701,800,58,0.291923
1,801,900,60,0.296769
1,901,1000,57,0.281372
16,1,100,55,0.283513
16,101,200,55,0.280577
16,201,300,47,0.237628
16,301,400,65,0.331282
16,401,500,55,0.283526
16,501,600,61,0.314167
16,601,700,58,0.287372
16,701,800,56,0.287718
16,801,900,57,0.281295
16,901,1000,52,0.26391
3,1,100,53,0.265731
3,101,200,51,0.249526
3,201,300,65,0.321205
3,301,400,52,0.251295
3,401,500,53,0.271295
3,501,600,50,0.232038
3,601,700,56,0.281167
3,701,800,58,0.284269
3,801,900,54,0.271154
3,901,1000,65,0.327885
0,1,100,58,0.285551
0,101,200,61,0.281949
0,201,300,61,0.304487
0,301,400,58,0.290577
0,401,500,61,0.309218
0,501,600,57,0.281795
0,601,700,63,0.311256
0,701,800,66,0.324
0,801,900,53,0.260192
0,901,1000,50,0.256179
0,1,100,45,0.213808
13,1,100,59,0.302013
13,101,200,62,0.313564
13,201,300,56,0.280654
13,301,400,62,0.295141
13,401,500,54,0.266962
13,501,600,58,0.287295
13,601,700,57,0.27141
13,701,800,48,0.231615
13,801,900,66,0.329013
13,901,1000,63,0.310936
4,1,100,61,0.306077
4,101,200,59,0.284615
4,201,300,58,0.29541
4,301,400,55,0.280269
4,401,500,43,0.212692
4,501,600,47,0.238154
4,601,700,54,0.272295
4,701,800,67,0.336115
4,801,900,60,0.296744
4,901,1000,58,0.28209
9,1,100,52,0.26609
9,101,200,51,0.250577
9,201,300,61,0.301731
9,301,400,53,0.258782
9,401,500,59,0.282013
9,501,600,49,0.249551
9,601,700,59,0.283628
9,701,800,57,0.287949
9,801,900,59,0.295795
9,901,1000,56,0.282462
3,1,100,56,0.269679
3,101,200,59,0.295513
3,201,300,58,0.292731
3,301,400,51,0.261051
3,401,500,53,0.270679
3,501,600,60,0.294538
3,601,700,65,0.32559
3,701,800,57,0.285821
3,801,900,60,0.294333
3,901,1000,53,0.250987
14,1,100,59,0.30259
14,101,200,55,0.272462
14,201,300,52,0.271487
14,301,400,57,0.274936
14,401,500,66,0.325615
14,501,600,65,0.322064
14,601,700,63,0.324667
14,701,800,56,0.273038
14,801,900,59,0.299462
14,901,1000,56,0.277769
0,1,100,38,0.190218
1,1,100,54,0.265154
1,101,200,63,0.30591
1,201,300,56,0.286833
1,301,400,57,0.272705
1,401,500,61,0.308423
1,501,600,61,0.306731
1,601,700,60,0.303641
1,701,800,54,0.272987
1,801,900,59,0.286615
1,901,1000,53,0.264295
0,1,100,50,0.246269
19,1,100,55,0.265372
19,101,200,55,0.266423
19,201,300,64,0.314385
19,301,400,58,0.299808
19,401,500,61,0.305103
19,501,600,64,0.314321
19,601,700,59,0.291859
19,701,800,65,0.328987
19,801,900,56,0.276641
19,901,1000,57,0.282692
5,1,100,56,0.267218
5,101,200,58,0.297808
5,201,300,63,0.320423
5,301,400,62,0.312115
5,401,500,59,0.290449
5,501,600,53,0.267936
5,601,700,57,0.293013
5,701,800,52,0.259385
5,801,900,56,0.274269
5,901,1000,56,0.279218
5,1,100,61,0.295949
5,101,200,57,0.28009
5,201,300,63,0.317372
5,301,400,64,0.313885
5,401,500,59,0.2965
5,501,600,51,0.264231
5,601,700,56,0.27909
5,701,800,60,0.29891
5,801,900,57,0.286962
5,901,1000,61,0.307667
7,1,100,68,0.336859
7,101,200,58,0.286244
7,201,300,50,0.245154
7,301,400,56,0.27441
7,401,500,57,0.280269
7,501,600,47,0.242577
7,601,700,55,0.267167
7,701,800,54,0.277679
7,801,900,62,0.307936
7,901,1000,50,0.253141
0,1,100,56,0.283115
0,101,200,60,0.293372
0,201,300,58,0.28859
0,301,400,59,0.296385
0,401,500,57,0.289013
0,501,600,56,0.278564
0,601,700,56,0.271808
0,701,800,65,0.331064
0,801,900,53,0.261218
0,901,1000,56,0.288333
18,1,100,55,0.271769
18,101,200,63,0.306513
18,201,300,55,0.269833
18,301,400,60,0.304359
18,401,500,63,0.319244
18,501,600,56,0.280282
18,601,700,55,0.274256
18,701,800,54,0.252
18,801,900,59,0.289692
18,901,1000,55,0.270718
2,1,100,64,0.322897
2,101,200,57,0.2795
2,201,300,49,0.239385
2,301,400,64,0.324821
2,401,500,57,0.28891
2,501,600,64,0.315615
2,601,700,58,0.284654
2,701,800,55,0.267051
2,801,900,61,0.304231
2,901,1000,51,0.253167
15,1,100,56,0.278846
15,101,200,54,0.262333
15,201,300,61,0.297449
15,301,400,53,0.263167
15,401,500,53,0.26491
15,501,600,52,0.259282
15,601,700,59,0.292269
15,701,800,58,0.281936
15,801,900,55,0.26941
15,901,1000,62,0.304756
13,1,100,57,0.277308
13,101,200,61,0.301705
13,201,300,53,0.264321
13,301,400,62,0.317372
13,401,500,57,0.278
13,501,600,55,0.273692
13,601,700,59,0.278269
13,701,800,65,0.321321
13,801,900,50,0.251462
13,901,1000,62,0.306256
10,1,100,63,0.307949
10,101,200,59,0.287846
10,201,300,56,0.281218
10,301,400,61,0.310551
10,401,500,58,0.283615
10,501,600,54,0.26859
10,601,700,68,0.335333
10,701,800,60,0.302833
10,801,900,57,0.290103
10,901,1000,52,0.268744
16,1,100,60,0.304769
16,101,200,53,0.267218
16,201,300,49,0.244872
16,301,400,67,0.339462
16,401,500,59,0.285154
16,501,600,63,0.308167
16,601,700,52,0.25891
16,701,800,61,0.298564
16,801,900,59,0.281808
16,901,1000,52,0.267577
3,1,100,51,0.253679
3,101,200,59,0.294885
3,201,300,67,0.343526
3,301,400,61,0.31359
3,401,500,58,0.29541
3,501,600,53,0.268897
3,601,700,65,0.328115
3,701,800,55,0.271962
3,801,900,51,0.254744
3,901,1000,58,0.276474
7,1,100,57,0.282564
7,101,200,52,0.252731
7,201,300,53,0.264513
7,301,400,57,0.292192
7,401,500,55,0.276231
7,501,600,56,0.279231
7,601,700,58,0.289782
7,701,800,67,0.335756
7,801,900,61,0.3075
7,901,1000,66,0.339103
1,1,100,61,0.3005
1,101,200,60,0.310167
1,201,300,57,0.28209
1,301,400,62,0.310936
1,401,500,65,0.312308
1,501,600,63,0.316436
1,601,700,54,0.260705
1,701,800,58,0.284551
1,801,900,65,0.327641
1,901,1000,65,0.322167
19,1,100,60,0.299321
19,101,200,59,0.294872
19,201,300,49,0.253115
19,301,400,58,0.286423
19,401,500,56,0.281769
19,501,600,59,0.297128
19,601,700,64,0.324962
19,701,800,52,0.265615
19,801,900,54,0.269372
19,901,1000,60,0.298538
11,1,100,59,0.291179
11,101,200,70,0.350192
11,201,300,60,0.295359
11,301,400,51,0.257128
11,401,500,62,0.304744
11,501,600,61,0.311192
11,601,700,74,0.373513
11,701,800,62,0.303167
11,801,900,56,0.284936
11,901,1000,54,0.266833
17,1,100,62,0.313744
17,101,200,59,0.302256
17,201,300,56,0.277987
17,301,400,57,0.295615
17,401,500,58,0.288026
17,501,600,56,0.280128
17,601,700,59,0.298628
17,701,800,68,0.328359
17,801,900,61,0.302487
17,901,1000,53,0.259077
1,1,100,53,0.269218
1,101,200,63,0.307551
1,201,300,59,0.289397
1,301,400,61,0.302487
1,401,500,51,0.259654
1,501,600,57,0.276718
1,601,700,63,0.324474
1,701,800,57,0.287667
1,801,900,59,0.283936
1,901,1000,60,0.305833
1,1,100,62,0.303372
1,101,200,54,0.260231
1,201,300,68,0.337526
1,301,400,61,0.302128
1,401,500,60,0.276205
1,501,600,49,0.242397
1,601,700,57,0.272064
1,701,800,66,0.311372
1,801,900,64,0.31491
1,901,1000,61,0.278115
7,1,100,62,0.318513
7,101,200,59,0.290923
7,201,300,55,0.282487
7,301,400,55,0.272974
7,401,500,62,0.310359
7,501,600,52,0.260218
7,601,700,62,0.310179
7,701,800,59,0.294679
7,801,900,62,0.311256
7,901,1000,65,0.318654
2,1,100,62,0.306051
2,101,200,65,0.313462
2,201,300,62,0.304372
2,301,400,64,0.310551
2,401,500,56,0.275808
2,501,600,58,0.287372
2,601,700,57,0.291449
2,701,800,61,0.302487
2,801,900,64,0.317731
2,901,1000,56,0.2715
3,1,100,57,0.289244
3,101,200,50,0.253782
3,201,300,68,0.345641
3,301,400,50,0.252385
3,401,500,55,0.269103
3,501,600,56,0.276615
3,601,700,57,0.281064
3,701,800,53,0.258167
3,801,900,50,0.252154
3,901,1000,51,0.261705
16,1,100,62,0.317038
16,101,200,64,0.30759
16,201,300,46,0.229462
16,301,400,54,0.272
16,401,500,60,0.303192
16,501,600,56,0.282
16,601,700,60,0.296692
16,701,800,54,0.270115
16,801,900,62,0.307128
16,901,1000,61,0.303397
16,1,100,54,0.269128
16,101,200,69,0.337654
16,201,300,57,0.288064
16,301,400,57,0.28441
16,401,500,70,0.355654
16,501,600,51,0.254872
16,601,700,53,0.268974
16,701,800,61,0.306167
16,801,900,60,0.301615
16,901,1000,64,0.314962
0,1,100,53,0.268808
0,101,200,59,0.291269
0,201,300,47,0.236346
0,301,400,54,0.274641
0,401,500,49,0.252603
0,501,600,57,0.285167
0,601,700,65,0.329859
0,701,800,60,0.298372
0,801,900,66,0.334756
0,901,1000,53,0.259974
15,1,100,64,0.318679
15,101,200,57,0.280077
15,201,300,55,0.282885
15,301,400,63,0.317359
15,401,500,56,0.287962
15,501,600,57,0.285821
15,601,700,51,0.244269
15,701,800,59,0.294064
15,801,900,55,0.268564
15,901,1000,49,0.252474
12,1,100,67,0.328564
12,101,200,68,0.342872
12,201,300,54,0.257449
12,301,400,64,0.315333
12,401,500,59,0.28509
12,501,600,57,0.297295
12,601,700,55,0.275897
12,701,800,63,0.317859
12,801,900,47,0.228782
12,901,1000,59,0.289513
12,1,100,58,0.2875
12,101,200,74,0.367795
12,201,300,59,0.287436
12,301,400,57,0.2785
12,401,500,58,0.286526
12,501,600,60,0.306
12,601,700,47,0.231026
12,701,800,65,0.329654
12,801,900,53,0.253949
12,901,1000,61,0.294846
6,1,100,59,0.298641
6,101,200,58,0.284141
6,201,300,65,0.331705
6,301,400,65,0.312167
6,401,500,65,0.323167
6,501,600,57,0.286923
6,601,700,64,0.317872
6,701,800,61,0.31209
6,801,900,56,0.275397
6,901,1000,55,0.269179
10,1,100,61,0.301487
10,101,200,70,0.349872
10,201,300,49,0.253462
10,301,400,58,0.291372
10,401,500,56,0.278808
10,501,600,58,0.288615
10,601,700,62,0.309821
10,701,800,55,0.272872
10,801,900,53,0.26759
10,901,1000,59,0.307692
0,1,100,47,0.235564
17,1,100,59,0.298013
17,101,200,64,0.316987
17,201,300,59,0.285462
17,301,400,67,0.330513
17,401,500,61,0.3085
17,501,600,57,0.287923
17,601,700,51,0.252205
17,701,800,68,0.331667
17,801,900,51,0.254179
17,901,1000,62,0.312692
8,1,100,64,0.309449
8,101,200,62,0.296077
8,201,300,47,0.236628
8,301,400,59,0.2985
8,401,500,62,0.309667
8,501,600,63,0.315462
8,601,700,56,0.274641
8,701,800,56,0.279513
8,801,900,56,0.285821
8,901,1000,54,0.260321
17,1,100,56,0.285462
17,101,200,60,0.288628
17,201,300,68,0.347679
17,301,400,61,0.312462
17,401,500,57,0.280577
17,501,600,58,0.284282
17,601,700,51,0.253026
17,701,800,54,0.27741
17,801,900,57,0.283782
17,901,1000,68,0.334564
18,1,100,58,0.287359
18,101,200,63,0.316718
18,201,300,55,0.279744
18,301,400,61,0.311974
18,401,500,65,0.329679
18,501,600,58,0.286859
18,601,700,55,0.271256
18,701,800,48,0.231397
18,801,900,58,0.293346
18,901,1000,51,0.241321
4,1,100,64,0.329769
4,101,200,59,0.288038
4,201,300,64,0.320077
4,301,400,60,0.300218
4,401,500,55,0.273449
4,501,600,54,0.27009
4,601,700,58,0.288641
4,701,800,58,0.294154
4,801,900,62,0.304654
4,901,1000,53,0.252808
14,1,100,58,0.286064
14,101,200,49,0.253192
14,201,300,58,0.287321
14,301,400,64,0.303846
14,401,500,61,0.310231
14,501,600,59,0.298833
14,601,700,61,0.30691
14,701,800,56,0.281205
14,801,900,55,0.281679
14,901,1000,56,0.273628
15,1,100,60,0.307244
15,101,200,56,0.284641
15,201,300,55,0.276231
15,301,400,60,0.291718
15,401,500,57,0.287628
15,501,600,61,0.310679
15,601,700,68,0.345782
15,701,800,59,0.299141
15,801,900,66,0.328603
15,901,1000,58,0.278013
10,1,100,56,0.271551
10,101,200,54,0.274397
10,201,300,61,0.302282
10,301,400,52,0.266756
10,401,500,58,0.293372
10,501,600,55,0.277808
10,601,700,49,0.246282
10,701,800,57,0.287256
10,801,900,63,0.319372
10,901,1000,59,0.289769
3,1,100,56,0.288218
3,101,200,61,0.294667
3,201,300,61,0.30259
3,301,400,64,0.324744
3,401,500,61,0.297705
3,501,600,48,0.241551
3,601,700,50,0.252974
3,701,800,61,0.303949
3,801,900,58,0.290551
3,901,1000,54,0.274449
6,1,100,62,0.298167
6,101,200,61,0.279269
6,201,300,63,0.308897
6,301,400,61,0.287821
6,401,500,63,0.302551
6,501,600,64,0.309115
6,601,700,56,0.275538
6,701,800,57,0.281218
6,801,900,52,0.247987
6,901,1000,65,0.30891
19,1,100,62,0.3075
19,101,200,59,0.29991
19,201,300,60,0.306256
19,301,400,67,0.33541
19,401,500,70,0.345449
19,501,600,58,0.291462
19,601,700,59,0.291115
19,701,800,54,0.276462
19,801,900,52,0.262808
19,901,1000,57,0.286974
12,1,100,68,0.345013
12,101,200,63,0.307564
12,201,300,60,0.2955
12,301,400,52,0.263179
12,401,500,67,0.340859
12,501,600,62,0.305872
12,601,700,62,0.314372
12,701,800,56,0.284282
12,801,900,56,0.269397
12,901,1000,56,0.273282
2,1,100,60,0.303487
2,101,200,57,0.281474
2,201,300,56,0.287026
2,301,400,54,0.269321
2,401,500,60,0.299154
2,501,600,62,0.315846
2,601,700,68,0.342462
2,701,800,59,0.303987
2,801,900,57,0.292308
2,901,1000,69,0.347859
13,1,100,54,0.275859
13,101,200,59,0.297718
13,201,300,66,0.333654
13,301,400,56,0.284141
13,401,500,65,0.315962
13,501,600,63,0.309936
13,601,700,65,0.31909
13,701,800,51,0.260192
13,801,900,55,0.275423
13,901,1000,62,0.300205
15,1,100,59,0.2855
15,101,200,57,0.293538
15,201,300,58,0.283269
15,301,400,57,0.279782
15,401,500,56,0.286846
15,501,600,51,0.258654
15,601,700,64,0.325859
15,701,800,51,0.258833
15,801,900,58,0.286321
15,901,1000,42,0.20941
14,1,100,66,0.32441
14,101,200,59,0.294077
14,201,300,54,0.271667
14,301,400,56,0.289359
14,401,500,56,0.286808
14,501,600,68,0.305744
14,601,700,66,0.34341
14,701,800,58,0.281346
14,801,900,58,0.294026
14,901,1000,58,0.292321
18,1,100,55,0.275769
18,101,200,64,0.310833
18,201,300,67,0.338038
18,301,400,65,0.328423
18,401,500,59,0.28959
18,501,600,50,0.256756
18,601,700,57,0.282974
18,701,800,59,0.289282
18,801,900,58,0.297205
18,901,1000,63,0.321756
4,1,100,62,0.307795
4,101,200,49,0.247397
4,201,300,63,0.274551
4,301,400,60,0.296256
4,401,500,62,0.307372
4,501,600,67,0.338244
4,601,700,54,0.274295
4,701,800,47,0.238962
4,801,900,60,0.286782
4,901,1000,55,0.257474
4,1,100,58,0.296244
4,101,200,55,0.271974
4,201,300,60,0.291987
4,301,400,56,0.288103
4,401,500,62,0.297385
4,501,600,61,0.31041
4,601,700,67,0.331513
4,701,800,61,0.297051
4,801,900,52,0.247167
4,901,1000,55,0.277859
18,1,100,65,0.322795
18,101,200,65,0.322256
18,201,300,57,0.293205
18,301,400,48,0.232744
18,401,500,60,0.301487
18,501,600,56,0.270974
18,601,700,52,0.254833
18,701,800,57,0.293321
18,801,900,55,0.271103
18,901,1000,63,0.318692
0,1,100,40,0.19941
5,1,100,54,0.271192
5,101,200,53,0.266487
5,201,300,58,0.297679
5,301,400,62,0.30409
5,401,500,57,0.289744
5,501,600,60,0.302077
5,601,700,51,0.254897
5,701,800,63,0.316449
5,801,900,59,0.284051
5,901,1000,56,0.282487
10,1,100,66,0.340103
10,101,200,47,0.231795
10,201,300,57,0.287551
10,301,400,55,0.276897
10,401,500,64,0.322359
10,501,600,57,0.289077
10,601,700,66,0.3355
10,701,800,71,0.340808
10,801,900,56,0.280615
10,901,1000,57,0.289769
9,1,100,63,0.299795
9,101,200,61,0.306782
9,201,300,56,0.28609
9,301,400,64,0.302372
9,401,500,58,0.277333
9,501,600,58,0.286372
9,601,700,56,0.286487
9,701,800,59,0.273346
9,801,900,66,0.320974
9,901,1000,59,0.287321
11,1,100,66,0.320192
11,101,200,54,0.274346
11,201,300,54,0.268449
11,301,400,57,0.288846
11,401,500,60,0.299026
11,501,600,58,0.270385
11,601,700,63,0.314231
11,701,800,62,0.314256
11,801,900,55,0.272372
11,901,1000,49,0.238192
13,1,100,54,0.271846
13,101,200,53,0.264064
13,201,300,56,0.288538
13,301,400,63,0.314526
13,401,500,49,0.247192
13,501,600,63,0.312782
13,601,700,57,0.283718
13,701,800,49,0.245795
13,801,900,60,0.306282
13,901,1000,56,0.278667
8,1,100,57,0.288167
8,101,200,59,0.299115
8,201,300,63,0.313115
8,301,400,56,0.269679
8,401,500,65,0.319923
8,501,600,73,0.372949
8,601,700,56,0.289064
8,701,800,45,0.230179
8,801,900,69,0.336962
8,901,1000,56,0.284603
11,1,100,57,0.284667
11,101,200,58,0.298103
11,201,300,56,0.269013
11,301,400,64,0.328423
11,401,500,57,0.285782
11,501,600,55,0.273179
11,601,700,55,0.270744
11,701,800,65,0.318679
11,801,900,60,0.294372
11,901,1000,57,0.272218
17,1,100,53,0.259462
17,101,200,51,0.257962
17,201,300,63,0.310962
17,301,400,64,0.319641
17,401,500,56,0.281628
17,501,600,53,0.265385
17,601,700,59,0.296359
17,701,800,57,0.289231
17,801,900,58,0.286692
17,901,1000,61,0.310538
15,1,100,59,0.295526
15,101,200,61,0.303564
15,201,300,55,0.261769
15,301,400,63,0.315821
15,401,500,62,0.317628
15,501,600,54,0.275295
15,601,700,63,0.314603
15,701,800,61,0.311808
15,801,900,62,0.300269
15,901,1000,63,0.317641
15,1,100,57,0.285051
15,101,200,57,0.289346
15,201,300,60,0.295128
15,301,400,59,0.297256
15,401,500,63,0.310769
15,501,600,65,0.320962
15,601,700,49,0.239423
15,701,800,54,0.270936
15,801,900,61,0.295949
15,901,1000,52,0.253654
16,1,100,59,0.296538
16,101,200,56,0.283026
16,201,300,59,0.290769
16,301,400,54,0.261654
16,401,500,60,0.307846
16,501,600,60,0.293372
16,601,700,60,0.304051
16,701,800,68,0.338615
16,801,900,50,0.246051
16,901,1000,60,0.305962
0,1,100,53,0.263833
0,101,200,57,0.280372
0,201,300,51,0.261872
0,301,400,56,0.280615
0,401,500,60,0.298795
0,501,600,62,0.311538
0,601,700,55,0.268692
0,701,800,59,0.290769
0,801,900,60,0.295038
0,901,1000,61,0.300128
9,1,100,60,0.312897
9,101,200,63,0.306769
9,201,300,54,0.264564
9,301,400,56,0.272936
9,401,500,51,0.257103
9,501,600,63,0.324346
9,601,700,65,0.318744
9,701,800,56,0.279051
9,801,900,52,0.252923
9,901,1000,49,0.246615
7,1,100,63,0.319692
7,101,200,59,0.299679
7,201,300,57,0.281205
7,301,400,58,0.297218
7,401,500,64,0.333756
7,501,600,56,0.263231
7,601,700,49,0.242077
7,701,800,57,0.286128
7,801,900,54,0.27
7,901,1000,52,0.260372
4,1,100,59,0.276231
4,101,200,59,0.303731
4,201,300,57,0.288808
4,301,400,57,0.287769
4,401,500,55,0.278769
4,501,600,57,0.282744
4,601,700,50,0.250064
4,701,800,56,0.281744
4,801,900,59,0.292
4,901,1000,58,0.27341
16,1,100,65,0.331385
16,101,200,55,0.262308
16,201,300,56,0.282821
16,301,400,69,0.322333
16,401,500,60,0.296859
16,501,600,53,0.272859
16,601,700,55,0.262449
16,701,800,63,0.321577
16,801,900,48,0.234026
16,901,1000,59,0.295615
10,1,100,61,0.315179
10,101,200,63,0.309756
10,201,300,57,0.280115
10,301,400,66,0.328782
10,401,500,61,0.308872
10,501,600,57,0.294974
10,601,700,52,0.252128
10,701,800,50,0.252115
10,801,900,51,0.247538
10,901,1000,57,0.277077
11,1,100,52,0.26809
11,101,200,58,0.286115
11,201,300,56,0.263346
11,301,400,60,0.283269
11,401,500,65,0.319077
11,501,600,55,0.278269
11,601,700,53,0.261987
11,701,800,48,0.224897
11,801,900,54,0.268397
11,901,1000,64,0.309474
10,1,100,56,0.274603
10,101,200,63,0.324
10,201,300,53,0.266359
10,301,400,58,0.292346
10,401,500,52,0.249167
10,501,600,59,0.295333
10,601,700,59,0.299397
10,701,800,61,0.306038
10,801,900,46,0.236218
10,901,1000,54,0.25841
17,1,100,55,0.27241
17,101,200,54,0.270859
17,201,300,54,0.258628
17,301,400,61,0.303038
17,401,500,70,0.353205
17,501,600,61,0.305679
17,601,700,61,0.309359
17,701,800,49,0.247372
17,801,900,56,0.270333
17,901,1000,54,0.262551
11,1,100,56,0.271397
11,101,200,61,0.310641
11,201,300,53,0.263692
11,301,400,61,0.313769
11,401,500,47,0.236872
11,501,600,55,0.259513
11,601,700,57,0.287423
11,701,800,59,0.290962
11,801,900,58,0.280038
11,901,1000,47,0.241744
11,1,100,63,0.318192
11,101,200,61,0.303731
11,201,300,60,0.303551
11,301,400,57,0.285615
11,401,500,64,0.312372
11,501,600,73,0.364833
11,601,700,57,0.278526
11,701,800,55,0.277897
11,801,900,61,0.315103
11,901,1000,54,0.27541
3,1,100,59,0.291064
3,101,200,57,0.274397
3,201,300,54,0.266397
3,301,400,63,0.311846
3,401,500,67,0.342962
3,501,600,55,0.274359
3,601,700,59,0.292577
3,701,800,57,0.29009
3,801,900,65,0.323513
3,901,1000,71,0.357718
16,1,100,61,0.303192
16,101,200,52,0.264205
16,201,300,65,0.332987
16,301,400,61,0.305167
16,401,500,53,0.26509
16,501,600,56,0.282205
16,601,700,65,0.325115
16,701,800,63,0.320603
16,801,900,60,0.310872
16,901,1000,58,0.282821
2,1,100,56,0.277474
2,101,200,55,0.285026
2,201,300,57,0.287513
2,301,400,63,0.318756
2,401,500,58,0.287731
2,501,600,57,0.281269
2,601,700,57,0.290295
2,701,800,48,0.239487
2,801,900,64,0.316744
2,901,1000,58,0.291064
1,1,100,61,0.301641
1,101,200,63,0.314667
1,201,300,57,0.285167
1,301,400,52,0.269256
1,401,500,60,0.308269
1,501,600,59,0.288949
1,601,700,50,0.243705
1,701,800,60,0.299936
1,801,900,59,0.290859
1,901,1000,52,0.256205
9,1,100,61,0.305179
9,101,200,62,0.317667
9,201,300,57,0.276654
9,301,400,54,0.268154
9,401,500,60,0.310192
9,501,600,45,0.219833
9,601,700,57,0.286128
9,701,800,59,0.291936
9,801,900,53,0.268333
9,901,1000,59,0.299897
18,1,100,49,0.243397
18,101,200,64,0.320115
18,201,300,62,0.287744
18,301,400,55,0.271
18,401,500,64,0.301346
18,501,600,52,0.237192
18,601,700,50,0.23759
18,701,800,59,0.289692
18,801,900,61,0.305846
18,901,1000,58,0.293179
6,1,100,60,0.304679
6,101,200,59,0.295987
6,201,300,59,0.298872
6,301,400,56,0.276897
6,401,500,56,0.2795
6,501,600,57,0.277859
6,601,700,57,0.283782
6,701,800,47,0.237038
6,801,900,61,0.306769
6,901,1000,56,0.282551
5,1,100,55,0.266167
5,101,200,51,0.246949
5,201,300,50,0.250333
5,301,400,64,0.315782
5,401,500,52,0.248244
5,501,600,63,0.314256
5,601,700,63,0.300321
5,701,800,57,0.290769
5,801,900,56,0.287718
5,901,1000,53,0.26709
12,1,100,53,0.272526
12,101,200,59,0.305359
12,201,300,56,0.288244
12,301,400,63,0.317423
12,401,500,59,0.298872
12,501,600,55,0.270487
12,601,700,59,0.287859
12,701,800,57,0.280577
12,801,900,52,0.265833
12,901,1000,54,0.264577
7,1,100,63,0.320615
7,101,200,48,0.240423
7,201,300,57,0.283141
7,301,400,61,0.310744
7,401,500,58,0.288897
7,501,600,51,0.249756
7,601,700,61,0.308038
7,701,800,55,0.264718
7,801,900,53,0.267487
7,901,1000,53,0.263538
3,1,100,56,0.277474
3,101,200,55,0.285026
3,201,300,57,0.287513
3,301,400,63,0.318756
3,401,500,58,0.287731
3,501,600,57,0.281269
3,601,700,57,0.290295
3,701,800,48,0.239487
3,801,900,64,0.316744
3,901,1000,58,0.291064
17,1,100,60,0.302
17,101,200,50,0.256897
17,201,300,54,0.273
17,301,400,60,0.302487
17,401,500,61,0.310359
17,501,600,59,0.302179
17,601,700,65,0.321282
17,701,800,49,0.244756
17,801,900,58,0.297628
17,901,1000,49,0.250026
0,1,100,47,0.212115
19,1,100,61,0.292679
19,101,200,62,0.307282
19,201,300,53,0.264705
19,301,400,68,0.339321
19,401,500,55,0.274372
19,501,600,56,0.282
19,601,700,54,0.261962
19,701,800,59,0.292526
19,801,900,58,0.291487
19,901,1000,60,0.300744
18,1,100,62,0.316821
18,101,200,54,0.265192
18,201,300,62,0.312679
18,301,400,62,0.309167
18,401,500,55,0.27641
18,501,600,61,0.30141
18,601,700,56,0.285192
18,701,800,62,0.309423
18,801,900,57,0.2855
18,901,1000,59,0.296538
10,1,100,61,0.312256
10,101,200,60,0.297769
10,201,300,59,0.298744
10,301,400,60,0.302949
10,401,500,59,0.298167
10,501,600,61,0.300808
10,601,700,64,0.303154
10,701,800,58,0.298167
10,801,900,67,0.341205
10,901,1000,62,0.312026
13,1,100,60,0.301962
13,101,200,60,0.298218
13,201,300,53,0.266333
13,301,400,60,0.307731
13,401,500,61,0.298615
13,501,600,61,0.309064
13,601,700,62,0.31359
13,701,800,68,0.340564
13,801,900,49,0.246231
13,901,1000,58,0.288923
18,1,100,63,0.309526
18,101,200,57,0.284397
18,201,300,61,0.309872
18,301,400,56,0.27991
18,401,500,52,0.263013
18,501,600,56,0.283064
18,601,700,52,0.250936
18,701,800,56,0.280423
18,801,900,59,0.295269
18,901,1000,46,0.23491
12,1,100,54,0.273449
12,101,200,52,0.254526
12,201,300,53,0.269397
12,301,400,69,0.34541
12,401,500,63,0.31859
12,501,600,51,0.255115
12,601,700,51,0.262615
12,701,800,62,0.318179
12,801,900,59,0.299103
12,901,1000,54,0.271192
13,1,100,61,0.304795
13,101,200,49,0.242346
13,201,300,56,0.283718
13,301,400,62,0.313795
13,401,500,66,0.333462
13,501,600,58,0.292449
13,601,700,60,0.295615
13,701,800,60,0.302167
13,801,900,48,0.243974
13,901,1000,61,0.3065
13,1,100,56,0.281513
13,101,200,60,0.290115
13,201,300,56,0.282949
13,301,400,60,0.300808
13,401,500,59,0.297269
13,501,600,59,0.302423
13,601,700,65,0.327051
13,701,800,57,0.276244
13,801,900,54,0.265474
13,901,1000,57,0.282654
6,1,100,55,0.269577
6,101,200,50,0.243462
6,201,300,63,0.299872
6,301,400,61,0.294449
6,401,500,56,0.283782
6,501,600,62,0.298897
6,601,700,56,0.286141
6,701,800,55,0.273449
6,801,900,55,0.265051
6,901,1000,65,0.321397
2,1,100,52,0.249026
2,101,200,56,0.282308
2,201,300,64,0.312526
2,301,400,59,0.292833
2,401,500,62,0.311936
2,501,600,56,0.286974
2,601,700,57,0.278987
2,701,800,62,0.316654
2,801,900,58,0.291269
2,901,1000,64,0.323244
19,1,100,60,0.2965
19,101,200,55,0.274538
19,201,300,68,0.349538
19,301,400,62,0.314538
19,401,500,62,0.318769
19,501,600,48,0.247372
19,601,700,65,0.335
19,701,800,61,0.309115
19,801,900,62,0.317372
19,901,1000,50,0.243859
17,1,100,63,0.318103
17,101,200,61,0.309128
17,201,300,54,0.265231
17,301,400,57,0.289462
17,401,500,60,0.306077
17,501,600,56,0.269321
17,601,700,64,0.324846
17,701,800,59,0.281782
17,801,900,50,0.251987
17,901,1000,61,0.308308
0,1,100,42,0.210718
11,1,100,61,0.294026
11,101,200,64,0.325013
11,201,300,63,0.324756
11,301,400,63,0.311872
11,401,500,61,0.305256
11,501,600,63,0.311346
11,601,700,71,0.354372
11,701,800,57,0.293641
11,801,900,62,0.307449
11,901,1000,56,0.285487
6,1,100,50,0.247038
6,101,200,67,0.3365
6,201,300,63,0.314974
6,301,400,59,0.298487
6,401,500,57,0.280936
6,501,600,54,0.266808
6,601,700,57,0.284538
6,701,800,50,0.247641
6,801,900,69,0.343179
6,901,1000,54,0.262282
0,1,100,65,0.336731
0,101,200,55,0.27341
0,201,300,64,0.311077
0,301,400,61,0.306
0,401,500,62,0.300397
0,501,600,59,0.29141
0,601,700,50,0.251692
0,701,800,70,0.354141
0,801,900,49,0.249269
0,901,1000,61,0.304487
1,1,100,56,0.282051
1,101,200,56,0.281795
1,201,300,60,0.287244
1,301,400,57,0.281
1,401,500,58,0.288628
1,501,600,61,0.305449
1,601,700,50,0.257641
1,701,800,48,0.247141
1,801,900,56,0.283936
1,901,1000,64,0.320795
3,1,100,53,0.26841
3,101,200,54,0.280436
3,201,300,57,0.277744
3,301,400,61,0.310372
3,401,500,59,0.28841
3,501,600,59,0.287718
3,601,700,58,0.281128
3,701,800,55,0.271128
3,801,900,54,0.25759
3,901,1000,56,0.276615
19,1,100,54,0.275333
19,101,200,61,0.310179
19,201,300,62,0.316782
19,301,400,51,0.254359
19,401,500,64,0.326705
19,501,600,60,0.296692
19,601,700,62,0.318205
19,701,800,58,0.297577
19,801,900,47,0.237564
19,901,1000,54,0.270923
16,1,100,62,0.300064
16,101,200,61,0.307718
16,201,300,57,0.280821
16,301,400,65,0.323244
16,401,500,64,0.299385
16,501,600,59,0.295628
16,601,700,66,0.326385
16,701,800,65,0.323167
16,801,900,62,0.310628
16,901,1000,57,0.292321
8,1,100,65,0.323077
8,101,200,57,0.278897
8,201,300,56,0.277731
8,301,400,51,0.260603
8,401,500,63,0.308474
8,501,600,61,0.304436
8,601,700,50,0.248564
8,701,800,60,0.292551
8,801,900,66,0.318308
8,901,1000,52,0.266667
10,1,100,61,0.315551
10,101,200,56,0.275308
10,201,300,57,0.282962
10,301,400,55,0.279026
10,401,500,63,0.324667
10,501,600,67,0.332051
10,601,700,53,0.25791
10,701,800,55,0.272205
10,801,900,64,0.322821
10,901,1000,49,0.238897
8,1,100,60,0.292256
8,101,200,50,0.240641
8,201,300,56,0.275026
8,301,400,62,0.319897
8,401,500,54,0.270167
8,501,600,61,0.309423
8,601,700,64,0.325821
8,701,800,59,0.283538
8,801,900,58,0.284923
8,901,1000,66,0.319782
7,1,100,61,0.298051
7,101,200,50,0.24991
7,201,300,61,0.305872
7,301,400,52,0.261
7,401,500,67,0.339679
7,501,600,53,0.258846
7,601,700,58,0.291923
7,701,800,55,0.277577
7,801,900,58,0.293269
7,901,1000,60,0.308897
18,1,100,53,0.260231
18,101,200,62,0.299628
18,201,300,56,0.275397
18,301,400,63,0.31091
18,401,500,60,0.304231
18,501,600,62,0.314
18,601,700,56,0.266308
18,701,800,61,0.301154
18,801,900,48,0.238474
18,901,1000,57,0.283423
2,1,100,57,0.274474
2,101,200,61,0.310372
2,201,300,56,0.271756
2,301,400,58,0.283538
2,401,500,54,0.277205
2,501,600,58,0.300128
2,601,700,62,0.313462
2,701,800,60,0.312295
2,801,900,60,0.292513
2,901,1000,55,0.276282
9,1,100,58,0.287679
9,101,200,53,0.263385
9,201,300,54,0.268718
9,301,400,49,0.250244
9,401,500,59,0.29209
9,501,600,61,0.294603
9,601,700,60,0.297077
9,701,800,60,0.299782
9,801,900,56,0.278821
9,901,1000,55,0.278372
8,1,100,71,0.363859
8,101,200,65,0.331077
8,201,300,57,0.288244
8,301,400,55,0.278795
8,401,500,54,0.273641
8,501,600,57,0.284064
8,601,700,70,0.350615
8,701,800,54,0.264962
8,801,900,50,0.254397
8,901,1000,49,0.242718
2,1,100,65,0.331718
2,101,200,58,0.28941
2,201,300,58,0.296308
2,301,400,58,0.302397
2,401,500,53,0.271782
2,501,600,56,0.286513
2,601,700,54,0.275731
2,701,800,55,0.273782
2,801,900,56,0.271128
2,901,1000,58,0.299051
11,1,100,58,0.290436
11,101,200,57,0.279231
11,201,300,52,0.263833
11,301,400,60,0.279282
11,401,500,44,0.22191
11,501,600,60,0.295923
11,601,700,60,0.305641
11,701,800,62,0.308205
11,801,900,67,0.340269
11,901,1000,60,0.305885
5,1,100,59,0.302205
5,101,200,62,0.315115
5,201,300,52,0.26041
5,301,400,64,0.320808
5,401,500,58,0.280821
5,501,600,57,0.289551
5,601,700,65,0.322731
5,701,800,62,0.311949
5,801,900,58,0.301923
5,901,1000,57,0.292103
