Model,Pop,CHROM,BIN_START,BIN_END,N_VARIANTS,WEIGHTED_FST,MEAN_FST
Model3,3pop,8,1,100,14,0.084507,0.0468706
Model3,3pop,8,101,200,13,0.111458,0.0623753
Model3,3pop,8,201,300,8,0.0276126,0.0289765
Model3,3pop,8,301,400,8,0.18691,0.113434
Model3,3pop,8,401,500,13,0.0298217,0.0299655
Model3,3pop,8,501,600,9,0.207398,0.0665955
Model3,3pop,8,601,700,10,0.183286,0.0899098
Model3,3pop,8,701,800,10,0.105099,0.0670544
Model3,3pop,8,801,900,12,0.205637,0.109975
Model3,3pop,8,901,1000,5,0.319249,0.138967
Model3,3pop,18,1,100,14,0.283001,0.153974
Model3,3pop,18,101,200,18,0.184697,0.101046
Model3,3pop,18,201,300,14,0.197085,0.140393
Model3,3pop,18,301,400,12,0.220355,0.138419
Model3,3pop,18,401,500,12,0.214823,0.155647
Model3,3pop,18,501,600,7,0.188034,0.0902256
Model3,3pop,18,601,700,14,0.239629,0.121874
Model3,3pop,18,701,800,15,0.233019,0.148687
Model3,3pop,18,801,900,18,0.197759,0.103
Model3,3pop,18,901,1000,12,0.254755,0.186988
Model3,3pop,6,1,100,15,0.0662085,0.0405871
Model3,3pop,6,101,200,9,-0.00634499,-0.012175
Model3,3pop,6,201,300,16,0.00367918,-0.00517697
Model3,3pop,6,301,400,7,0.0242165,0.0174967
Model3,3pop,6,401,500,14,0.0250184,6.71736e-05
Model3,3pop,6,501,600,10,0.117752,0.0614242
Model3,3pop,6,601,700,18,0.00978069,0.0119295
Model3,3pop,6,701,800,7,0.109716,0.0689703
Model3,3pop,6,801,900,11,-0.00227077,0.00579167
Model3,3pop,6,901,1000,8,0.0770003,0.0197974
Model3,3pop,10,1,100,16,0.152482,0.0780681
Model3,3pop,10,101,200,12,0.225421,0.122829
Model3,3pop,10,201,300,10,0.232323,0.14067
Model3,3pop,10,301,400,13,0.204766,0.147698
Model3,3pop,10,401,500,11,0.185824,0.130197
Model3,3pop,10,501,600,5,0.17322,0.0882271
Model3,3pop,10,601,700,12,0.203689,0.144518
Model3,3pop,10,701,800,12,0.210721,0.0784969
Model3,3pop,10,801,900,10,0.103711,0.0488218
Model3,3pop,10,901,1000,11,0.213843,0.106595
Model3,3pop,13,1,100,10,0.468758,0.293206
Model3,3pop,13,101,200,12,0.511013,0.392032
Model3,3pop,13,201,300,11,0.533462,0.286848
Model3,3pop,13,301,400,12,0.412771,0.253557
Model3,3pop,13,401,500,14,0.529439,0.317499
Model3,3pop,13,501,600,21,0.601649,0.468217
Model3,3pop,13,601,700,16,0.487484,0.32772
Model3,3pop,13,701,800,15,0.578837,0.409989
Model3,3pop,13,801,900,17,0.502117,0.351177
Model3,3pop,13,901,1000,12,0.620258,0.44929
Model3,3pop,14,1,100,8,0.193457,0.125588
Model3,3pop,14,101,200,15,0.201055,0.133778
Model3,3pop,14,201,300,10,0.232118,0.173662
Model3,3pop,14,301,400,5,0.00161031,0.000766284
Model3,3pop,14,401,500,19,0.213977,0.1468
Model3,3pop,14,501,600,15,0.200318,0.114838
Model3,3pop,14,601,700,13,0.217922,0.139112
Model3,3pop,14,701,800,11,0.109089,0.0754462
Model3,3pop,14,801,900,11,0.157178,0.0866897
Model3,3pop,14,901,1000,11,0.244249,0.193843
Model3,3pop,4,1,100,25,0.129096,0.091193
Model3,3pop,4,101,200,24,0.133873,0.108803
Model3,3pop,4,201,300,18,0.124085,0.104233
Model3,3pop,4,301,400,29,0.134937,0.110777
Model3,3pop,4,401,500,28,0.123817,0.0868507
Model3,3pop,4,501,600,28,0.136264,0.117104
Model3,3pop,4,601,700,23,0.15151,0.124766
Model3,3pop,4,701,800,25,0.128482,0.094939
Model3,3pop,4,801,900,29,0.120126,0.0998416
Model3,3pop,4,901,1000,31,0.119574,0.0916885
Model3,3pop,14,1,100,7,0.0981735,0.0604872
Model3,3pop,14,101,200,11,0.0609903,0.0450049
Model3,3pop,14,201,300,9,0.106121,0.0595621
Model3,3pop,14,301,400,8,0.0295359,0.0269175
Model3,3pop,14,401,500,12,0.0105194,0.0120829
Model3,3pop,14,501,600,9,0.15978,0.0860233
Model3,3pop,14,601,700,4,0.0293742,0.0215721
Model3,3pop,14,701,800,11,0.218213,0.0746573
Model3,3pop,14,801,900,8,0.0488889,0.0490397
Model3,3pop,14,901,1000,9,0.270257,0.123507
Model3,3pop,2,1,100,11,0.309176,0.194801
Model3,3pop,2,101,200,13,0.280206,0.175025
Model3,3pop,2,201,300,8,0.338387,0.248019
Model3,3pop,2,301,400,13,0.214762,0.115236
Model3,3pop,2,401,500,18,0.268344,0.160922
Model3,3pop,2,501,600,13,0.226313,0.153968
Model3,3pop,2,601,700,19,0.275762,0.209174
Model3,3pop,2,701,800,20,0.261702,0.159167
Model3,3pop,2,801,900,16,0.218391,0.139579
Model3,3pop,2,901,1000,8,0.30182,0.145356
Model3,3pop,3,1,100,4,0.0247301,0.00963055
Model3,3pop,3,101,200,1,0.018759,0.018759
Model3,3pop,3,201,300,6,0.0462701,0.0384964
Model3,3pop,3,301,400,7,0.0582721,0.0322937
Model3,3pop,3,401,500,3,0.109431,0.091504
Model3,3pop,3,501,600,8,0.032567,0.0222086
Model3,3pop,3,601,700,5,0.0284006,0.00433998
Model3,3pop,3,701,800,7,0.062201,0.0476193
Model3,3pop,3,801,900,11,0.0667478,0.0411512
Model3,3pop,3,901,1000,8,0.0547138,0.0511992
Model3,3pop,12,1,100,2,0.0648148,0.0283625
Model3,3pop,12,101,200,6,0.284564,0.149451
Model3,3pop,12,201,300,5,0.208103,0.106475
Model3,3pop,12,301,400,9,0.174541,0.0842184
Model3,3pop,12,401,500,13,0.148803,0.0654874
Model3,3pop,12,501,600,9,0.302418,0.104511
Model3,3pop,12,601,700,2,0.0416667,0.0416667
Model3,3pop,12,701,800,8,0.28248,0.118206
Model3,3pop,12,801,900,6,0.300262,0.235309
Model3,3pop,12,901,1000,11,0.176601,0.0842651
Model3,3pop,11,1,100,10,0.0530303,0.0672926
Model3,3pop,11,101,200,9,0.159323,0.0883193
Model3,3pop,11,201,300,7,0.0832733,0.0726507
Model3,3pop,11,301,400,4,0.214397,0.149912
Model3,3pop,11,401,500,9,0.123205,0.0604448
Model3,3pop,11,501,600,8,0.121035,0.0655942
Model3,3pop,11,601,700,10,0.150188,0.0788165
Model3,3pop,11,701,800,6,0.153182,0.134204
Model3,3pop,11,801,900,3,0.0123457,0.00997151
Model3,3pop,11,901,1000,11,0.147527,0.09569
Model3,3pop,2,1,100,13,0.0239651,0.0385007
Model3,3pop,2,101,200,12,0.0367049,0.0138903
Model3,3pop,2,201,300,9,0.0539789,0.0422542
Model3,3pop,2,301,400,8,0.0560847,0.0574187
Model3,3pop,2,401,500,11,0.0636819,0.0533158
Model3,3pop,2,501,600,10,0.0214067,0.0383746
Model3,3pop,2,601,700,10,0.0705355,0.0430191
Model3,3pop,2,701,800,5,0.066358,0.0440476
Model3,3pop,2,801,900,9,0.0744139,0.0682463
Model3,3pop,2,901,1000,12,0.103833,0.0857615
Model3,3pop,9,1,100,9,0.0830409,0.0336068
Model3,3pop,9,101,200,11,0.235474,0.0851714
Model3,3pop,9,201,300,13,0.252824,0.121063
Model3,3pop,9,301,400,12,0.0767386,0.0308154
Model3,3pop,9,401,500,7,0.0415335,0.0314477
Model3,3pop,9,501,600,8,0.0364223,0.0267453
Model3,3pop,9,601,700,10,0.098905,0.0345506
Model3,3pop,9,701,800,10,0.0849673,0.0407204
Model3,3pop,9,801,900,7,0.0688259,0.022975
Model3,3pop,9,901,1000,8,0.159664,0.0643832
Model3,3pop,2,1,100,7,0.242033,0.114669
Model3,3pop,2,101,200,11,0.363272,0.164908
Model3,3pop,2,201,300,11,0.358102,0.162832
Model3,3pop,2,301,400,14,0.296595,0.13988
Model3,3pop,2,401,500,11,0.293974,0.167985
Model3,3pop,2,501,600,12,0.318576,0.166561
Model3,3pop,2,601,700,7,0.339644,0.180163
Model3,3pop,2,701,800,6,0.125964,0.059364
Model3,3pop,2,801,900,13,0.292365,0.136089
Model3,3pop,2,901,1000,16,0.347285,0.155425
Model3,3pop,10,1,100,4,0.254824,0.151637
Model3,3pop,10,101,200,4,0.534443,0.397975
Model3,3pop,10,201,300,14,0.177541,0.0946966
Model3,3pop,10,301,400,8,0.225258,0.124759
Model3,3pop,10,401,500,7,0.380307,0.2495
Model3,3pop,10,501,600,12,0.300753,0.222614
Model3,3pop,10,601,700,8,0.508989,0.302492
Model3,3pop,10,701,800,10,0.470703,0.192051
Model3,3pop,10,801,900,9,0.0903857,0.0642589
Model3,3pop,10,901,1000,7,0.138919,0.086211
Model3,3pop,8,1,100,8,0.0358721,0.0587564
Model3,3pop,8,101,200,9,-0.0354267,-0.00819454
Model3,3pop,8,201,300,11,0.0225564,0.00925446
Model3,3pop,8,301,400,10,-0.0431405,-0.0209355
Model3,3pop,8,401,500,11,-0.00675261,0.0201466
Model3,3pop,8,501,600,11,-0.0042885,0.0139189
Model3,3pop,8,601,700,11,0.0833333,0.0720556
Model3,3pop,8,701,800,6,0.125,0.082716
Model3,3pop,8,801,900,13,0.0723844,0.0576878
Model3,3pop,8,901,1000,6,0.129544,0.0913886
Model3,3pop,17,1,100,14,0.293685,0.189234
Model3,3pop,17,101,200,10,0.294028,0.234733
Model3,3pop,17,201,300,8,0.339581,0.187528
Model3,3pop,17,301,400,11,0.298853,0.243904
Model3,3pop,17,401,500,12,0.262279,0.185661
Model3,3pop,17,501,600,15,0.346086,0.264203
Model3,3pop,17,601,700,13,0.236817,0.175602
Model3,3pop,17,701,800,13,0.337087,0.252073
Model3,3pop,17,801,900,17,0.281486,0.241424
Model3,3pop,17,901,1000,14,0.297609,0.261636
Model3,3pop,12,1,100,16,0.451645,0.325495
Model3,3pop,12,101,200,17,0.448353,0.371618
Model3,3pop,12,201,300,14,0.453268,0.302293
Model3,3pop,12,301,400,18,0.449798,0.339934
Model3,3pop,12,401,500,22,0.443003,0.322207
Model3,3pop,12,501,600,16,0.429789,0.284457
Model3,3pop,12,601,700,16,0.440697,0.305244
Model3,3pop,12,701,800,18,0.452846,0.334983
Model3,3pop,12,801,900,10,0.426965,0.374038
Model3,3pop,12,901,1000,24,0.437785,0.364591
Model3,3pop,13,1,100,11,0.137483,0.113637
Model3,3pop,13,101,200,11,0.122292,0.0471791
Model3,3pop,13,201,300,10,0.144841,0.111789
Model3,3pop,13,301,400,7,0.140545,0.0860434
Model3,3pop,13,401,500,11,0.134531,0.0985591
Model3,3pop,13,501,600,9,0.127483,0.0879218
Model3,3pop,13,601,700,15,0.242884,0.163739
Model3,3pop,13,701,800,12,0.0686071,0.0453223
Model3,3pop,13,801,900,6,0.0833333,0.0574404
Model3,3pop,13,901,1000,9,0.015873,0.0157948
Model3,3pop,1,1,100,18,0.155918,0.113023
Model3,3pop,1,101,200,27,0.14939,0.124191
Model3,3pop,1,201,300,18,0.245903,0.210808
Model3,3pop,1,301,400,15,0.174568,0.16911
Model3,3pop,1,401,500,25,0.175975,0.153398
Model3,3pop,1,501,600,23,0.208007,0.167034
Model3,3pop,1,601,700,20,0.199729,0.139468
Model3,3pop,1,701,800,15,0.147956,0.134089
Model3,3pop,1,801,900,16,0.147316,0.131216
Model3,3pop,1,901,1000,18,0.138473,0.0743579
Model3,3pop,16,1,100,6,0.00937082,0.00380841
Model3,3pop,16,101,200,7,0.0491453,0.0250596
Model3,3pop,16,201,300,5,0.0201225,0.0245211
Model3,3pop,16,301,400,8,0.0869087,0.0510766
Model3,3pop,16,401,500,8,0.143165,0.067078
Model3,3pop,16,501,600,9,0.106529,0.0587116
Model3,3pop,16,601,700,8,0.0087146,0.00981801
Model3,3pop,16,701,800,8,0.0338164,0.0325766
Model3,3pop,16,801,900,10,0.00813008,0.00747126
Model3,3pop,16,901,1000,9,0.0839002,0.0291179
Model3,3pop,14,1,100,9,0.311328,0.242815
Model3,3pop,14,101,200,1,0.277778,0.277778
Model3,3pop,14,201,300,9,0.357639,0.10019
Model3,3pop,14,301,400,6,0.175386,0.109449
Model3,3pop,14,401,500,11,0.244929,0.138098
Model3,3pop,14,501,600,3,0.215686,0.135802
Model3,3pop,14,601,700,8,0.181514,0.0955621
Model3,3pop,14,701,800,12,0.296935,0.15076
Model3,3pop,14,801,900,8,0.123442,0.0791361
Model3,3pop,14,901,1000,15,0.196729,0.13331
Model3,3pop,6,1,100,12,0.0753623,0.0584816
Model3,3pop,6,101,200,9,0.0258303,0.0275078
Model3,3pop,6,201,300,8,0.0719235,0.0750715
Model3,3pop,6,301,400,5,0.000446229,0.00616254
Model3,3pop,6,401,500,9,0.00889869,0.00233451
Model3,3pop,6,501,600,13,0.0116865,0.00415626
Model3,3pop,6,601,700,8,0.08435,0.0472498
Model3,3pop,6,701,800,14,0.0366338,0.0320438
Model3,3pop,6,801,900,6,0.0146199,0.0227254
Model3,3pop,6,901,1000,8,0.0787426,0.0593322
Model3,3pop,3,1,100,9,0.242185,0.208618
Model3,3pop,3,101,200,12,0.203731,0.110725
Model3,3pop,3,201,300,8,0.105449,0.0566737
Model3,3pop,3,301,400,8,0.186593,0.163015
Model3,3pop,3,401,500,12,0.140415,0.074464
Model3,3pop,3,501,600,10,0.153234,0.100832
Model3,3pop,3,601,700,11,0.203907,0.0881225
Model3,3pop,3,701,800,10,0.259792,0.178342
Model3,3pop,3,801,900,9,0.26171,0.191689
Model3,3pop,3,901,1000,7,0.134199,0.112371
Model3,3pop,1,1,100,13,0.198611,0.122055
Model3,3pop,1,101,200,3,0.234417,0.148473
Model3,3pop,1,201,300,11,0.210848,0.158065
Model3,3pop,1,301,400,11,0.187352,0.141417
Model3,3pop,1,401,500,12,0.239251,0.171442
Model3,3pop,1,501,600,12,0.222752,0.159616
Model3,3pop,1,601,700,8,0.189009,0.10689
Model3,3pop,1,701,800,6,0.215843,0.184309
Model3,3pop,1,801,900,12,0.183368,0.158789
Model3,3pop,1,901,1000,18,0.20671,0.122473
Model3,3pop,17,1,100,16,0.0678962,0.0688768
Model3,3pop,17,101,200,17,0.135889,0.0867693
Model3,3pop,17,201,300,18,0.0781846,0.0724144
Model3,3pop,17,301,400,14,0.081988,0.0637606
Model3,3pop,17,401,500,10,0.0152599,0.0249946
Model3,3pop,17,501,600,13,0.0528506,0.0280926
Model3,3pop,17,601,700,14,0.0686593,0.0484593
Model3,3pop,17,701,800,19,0.0540348,0.0350092
Model3,3pop,17,801,900,8,0.101878,0.0815803
Model3,3pop,17,901,1000,9,0.11286,0.0813681
Model3,3pop,4,1,100,16,0.151727,0.101775
Model3,3pop,4,101,200,14,0.137194,0.0874098
Model3,3pop,4,201,300,8,0.0940383,0.0750703
Model3,3pop,4,301,400,10,0.104084,0.0841828
Model3,3pop,4,401,500,15,0.0866499,0.0752784
Model3,3pop,4,501,600,4,0.0228526,0.0233984
Model3,3pop,4,601,700,12,0.110985,0.0700439
Model3,3pop,4,701,800,14,0.135347,0.110841
Model3,3pop,4,801,900,12,0.0853618,0.0807629
Model3,3pop,4,901,1000,15,0.106504,0.0763862
Model3,3pop,17,1,100,13,0.786021,0.604044
Model3,3pop,17,101,200,8,0.774498,0.718702
Model3,3pop,17,201,300,9,0.81995,0.659788
Model3,3pop,17,301,400,10,0.684678,0.432079
Model3,3pop,17,401,500,10,0.701089,0.472683
Model3,3pop,17,501,600,11,0.567165,0.321509
Model3,3pop,17,601,700,10,0.851397,0.698889
Model3,3pop,17,701,800,7,0.717246,0.376259
Model3,3pop,17,801,900,12,0.84843,0.65463
Model3,3pop,17,901,1000,12,0.597315,0.327856
Model3,3pop,0,1,100,9,0.0492725,0.0379969
Model3,3pop,0,101,200,12,0.0760719,0.0458768
Model3,3pop,0,201,300,10,0.0498084,0.0291363
Model3,3pop,0,301,400,13,0.136569,0.0847431
Model3,3pop,0,401,500,8,0.0722457,0.0312478
Model3,3pop,0,501,600,13,0.0851963,0.0527195
Model3,3pop,0,601,700,4,0.0541099,0.052166
Model3,3pop,0,701,800,6,0.106354,0.0701258
Model3,3pop,0,801,900,11,0.0259785,0.0122524
Model3,3pop,0,901,1000,3,-0.048218,-0.0354938
Model3,3pop,0,1,100,7,0.13921,0.0958716
Model3,3pop,0,101,200,11,0.11614,0.0720647
Model3,3pop,0,201,300,7,0.198543,0.108054
Model3,3pop,0,301,400,6,0.12402,0.0635085
Model3,3pop,0,401,500,5,0.0237099,0.0419872
Model3,3pop,0,501,600,4,0.147974,0.123863
Model3,3pop,0,601,700,13,0.165988,0.102459
Model3,3pop,0,701,800,7,0.0664037,0.0485565
Model3,3pop,0,801,900,4,0.117811,0.0630342
Model3,3pop,0,901,1000,9,0.105145,0.0466385
Model3,3pop,5,1,100,6,0.307832,0.150061
Model3,3pop,5,101,200,14,0.369102,0.169504
Model3,3pop,5,201,300,15,0.28322,0.145912
Model3,3pop,5,301,400,12,0.371473,0.207605
Model3,3pop,5,401,500,11,0.357187,0.133225
Model3,3pop,5,501,600,12,0.459127,0.174385
Model3,3pop,5,601,700,10,0.372146,0.140779
Model3,3pop,5,701,800,11,0.416532,0.224883
Model3,3pop,5,801,900,11,0.298784,0.0848671
Model3,3pop,5,901,1000,9,0.289932,0.169688
Model3,3pop,11,1,100,14,0.150508,0.0901781
Model3,3pop,11,101,200,19,0.150433,0.0885115
Model3,3pop,11,201,300,11,0.224516,0.191002
Model3,3pop,11,301,400,16,0.211434,0.0905941
Model3,3pop,11,401,500,15,0.242804,0.178238
Model3,3pop,11,501,600,17,0.248651,0.159455
Model3,3pop,11,601,700,14,0.213723,0.136197
Model3,3pop,11,701,800,15,0.240251,0.189224
Model3,3pop,11,801,900,7,0.246001,0.182066
Model3,3pop,11,901,1000,15,0.215956,0.125902
Model3,3pop,11,1,100,12,0.477496,0.383225
Model3,3pop,11,101,200,12,0.498246,0.237511
Model3,3pop,11,201,300,11,0.469941,0.229504
Model3,3pop,11,301,400,11,0.491632,0.364129
Model3,3pop,11,401,500,16,0.49013,0.385342
Model3,3pop,11,501,600,11,0.461764,0.309508
Model3,3pop,11,601,700,15,0.514388,0.350904
Model3,3pop,11,701,800,13,0.464156,0.315008
Model3,3pop,11,801,900,20,0.513931,0.488206
Model3,3pop,11,901,1000,16,0.468552,0.294511
Model3,3pop,16,1,100,17,0.0739559,0.0583816
Model3,3pop,16,101,200,16,0.0726628,0.0920546
Model3,3pop,16,201,300,17,0.147685,0.132147
Model3,3pop,16,301,400,14,0.142283,0.10713
Model3,3pop,16,401,500,11,0.139556,0.118764
Model3,3pop,16,501,600,15,0.0708138,0.0746615
Model3,3pop,16,601,700,11,0.113311,0.100373
Model3,3pop,16,701,800,22,0.125192,0.128218
Model3,3pop,16,801,900,10,0.10368,0.10168
Model3,3pop,16,901,1000,9,0.0892094,0.0864444
Model3,3pop,19,1,100,14,0.113384,0.0950416
Model3,3pop,19,101,200,17,0.15199,0.130064
Model3,3pop,19,201,300,7,0.109347,0.100011
Model3,3pop,19,301,400,14,0.14952,0.104565
Model3,3pop,19,401,500,16,0.189884,0.172499
Model3,3pop,19,501,600,19,0.145647,0.0967947
Model3,3pop,19,601,700,11,0.145689,0.109654
Model3,3pop,19,701,800,9,0.169001,0.116314
Model3,3pop,19,801,900,13,0.167483,0.114496
Model3,3pop,19,901,1000,12,0.151071,0.116809
Model3,3pop,18,1,100,5,0.219312,0.102148
Model3,3pop,18,101,200,9,0.187469,0.0628788
Model3,3pop,18,201,300,9,0.0340909,0.022359
Model3,3pop,18,301,400,14,0.297279,0.157262
Model3,3pop,18,401,500,10,0.19926,0.117801
Model3,3pop,18,501,600,10,0.197273,0.0576874
Model3,3pop,18,601,700,7,0.221956,0.0922288
Model3,3pop,18,701,800,5,0.308816,0.176142
Model3,3pop,18,801,900,16,0.169421,0.0647334
Model3,3pop,18,901,1000,13,0.159926,0.0462866
Model3,3pop,8,1,100,7,0.158155,0.0814832
Model3,3pop,8,101,200,13,0.187157,0.0592875
Model3,3pop,8,201,300,8,0.166164,0.101022
Model3,3pop,8,301,400,6,0.0416667,0.0185185
Model3,3pop,8,401,500,7,0.274088,0.165127
Model3,3pop,8,501,600,12,0.127285,0.0801871
Model3,3pop,8,601,700,7,0.288004,0.154909
Model3,3pop,8,701,800,9,0.190569,0.11324
Model3,3pop,8,801,900,8,0.156627,0.0920671
Model3,3pop,8,901,1000,11,0.189641,0.115334
Model3,3pop,13,1,100,16,0.101782,0.0849505
Model3,3pop,13,101,200,13,0.117513,0.0722297
Model3,3pop,13,201,300,3,0.0760234,0.0498575
Model3,3pop,13,301,400,13,0.0692969,0.0361429
Model3,3pop,13,401,500,12,0.0339648,0.0458394
Model3,3pop,13,501,600,6,0.0952381,0.0648148
Model3,3pop,13,601,700,9,0.079922,0.05786
Model3,3pop,13,701,800,10,0.157212,0.126605
Model3,3pop,13,801,900,8,0.14751,0.071558
Model3,3pop,13,901,1000,5,0.226337,0.0697632
Model3,3pop,13,1,100,5,0.162594,0.111183
Model3,3pop,13,101,200,4,0.0392648,0.0400204
Model3,3pop,13,201,300,15,0.147701,0.0814007
Model3,3pop,13,301,400,10,0.0499793,0.0459193
Model3,3pop,13,401,500,7,0.00307422,-0.00144975
Model3,3pop,13,501,600,8,0.236364,0.136947
Model3,3pop,13,601,700,11,0.16127,0.103324
Model3,3pop,13,701,800,4,0.286787,0.189236
Model3,3pop,13,801,900,14,0.201369,0.108036
Model3,3pop,13,901,1000,4,0.0325019,0.00516382
Model3,3pop,19,1,100,6,0.128599,0.0889721
Model3,3pop,19,101,200,5,0.16737,0.0747277
Model3,3pop,19,201,300,7,0.213948,0.134177
Model3,3pop,19,301,400,9,0.292795,0.169947
Model3,3pop,19,401,500,6,0.322115,0.168164
Model3,3pop,19,501,600,10,0.201974,0.114574
Model3,3pop,19,601,700,11,0.180247,0.0729282
Model3,3pop,19,701,800,6,0.0701999,0.0420228
Model3,3pop,19,801,900,8,0.178856,0.0983699
Model3,3pop,19,901,1000,7,0.200106,0.143796
Model3,3pop,7,1,100,6,0.174997,0.117465
Model3,3pop,7,101,200,6,0.0865712,0.0456836
Model3,3pop,7,201,300,11,0.173328,0.107691
Model3,3pop,7,301,400,11,0.154176,0.103528
Model3,3pop,7,401,500,11,0.1247,0.0938671
Model3,3pop,7,501,600,4,0.200455,0.183088
Model3,3pop,7,601,700,16,0.163857,0.116446
Model3,3pop,7,701,800,12,0.126499,0.0676454
Model3,3pop,7,801,900,11,0.161633,0.083472
Model3,3pop,7,901,1000,12,0.154376,0.101461
Model3,3pop,8,1,100,12,0.22082,0.163084
Model3,3pop,8,101,200,11,0.230939,0.179545
Model3,3pop,8,201,300,11,0.218025,0.1323
Model3,3pop,8,301,400,18,0.20992,0.17489
Model3,3pop,8,401,500,15,0.257787,0.213471
Model3,3pop,8,501,600,17,0.248098,0.179271
Model3,3pop,8,601,700,17,0.250996,0.189235
Model3,3pop,8,701,800,20,0.259955,0.192211
Model3,3pop,8,801,900,16,0.267989,0.23368
Model3,3pop,8,901,1000,11,0.284232,0.188309
Model3,3pop,17,1,100,10,0.175577,0.146127
Model3,3pop,17,101,200,12,0.0771035,0.0538235
Model3,3pop,17,201,300,11,0.160582,0.105132
Model3,3pop,17,301,400,12,0.0921816,0.0851081
Model3,3pop,17,401,500,7,0.204324,0.142771
Model3,3pop,17,501,600,13,0.0939518,0.0738331
Model3,3pop,17,601,700,6,0.102941,0.103975
Model3,3pop,17,701,800,6,0.118437,0.0718664
Model3,3pop,17,801,900,10,0.052415,0.0425755
Model3,3pop,17,901,1000,11,0.0771777,0.0444161
Model3,3pop,4,1,100,8,0.425177,0.267812
Model3,3pop,4,101,200,13,0.290709,0.211061
Model3,3pop,4,201,300,9,0.305253,0.20873
Model3,3pop,4,301,400,9,0.484905,0.24003
Model3,3pop,4,401,500,12,0.409685,0.214788
Model3,3pop,4,501,600,9,0.298341,0.177326
Model3,3pop,4,601,700,11,0.364563,0.20493
Model3,3pop,4,701,800,9,0.331611,0.188643
Model3,3pop,4,801,900,9,0.402428,0.241643
Model3,3pop,4,901,1000,11,0.25124,0.156175
Model3,3pop,15,1,100,12,0.0440101,0.0271425
Model3,3pop,15,101,200,8,0.0786385,0.0526753
Model3,3pop,15,201,300,10,0.0529053,0.0456935
Model3,3pop,15,301,400,13,0.0240811,0.0136038
Model3,3pop,15,401,500,8,0.0272407,0.00664083
Model3,3pop,15,501,600,12,0.0604027,0.0332802
Model3,3pop,15,601,700,7,0.0612302,0.0589488
Model3,3pop,15,701,800,8,0.051439,0.0425265
Model3,3pop,15,801,900,6,-0.0217114,-0.0106565
Model3,3pop,15,901,1000,12,0.043585,0.0200455
Model3,3pop,5,1,100,7,0.112877,0.0772392
Model3,3pop,5,101,200,8,0.188239,0.091205
Model3,3pop,5,201,300,6,0.0575916,0.0514403
Model3,3pop,5,301,400,9,0.101604,0.0647916
Model3,3pop,5,401,500,10,0.122257,0.0668389
Model3,3pop,5,501,600,7,0.0997997,0.0905886
Model3,3pop,5,601,700,8,0.0247802,0.00932118
Model3,3pop,5,701,800,11,0.0362916,0.0167454
Model3,3pop,5,801,900,11,0.081914,0.0412666
Model3,3pop,5,901,1000,10,0.0691516,0.0369338
Model3,3pop,19,1,100,12,0.111111,0.0680654
Model3,3pop,19,101,200,12,0.128799,0.0547454
Model3,3pop,19,201,300,6,0.0719332,0.0429097
Model3,3pop,19,301,400,7,0.0420102,0.0330922
Model3,3pop,19,401,500,6,0.00305515,0.0328186
Model3,3pop,19,501,600,5,0.0498262,0.0445652
Model3,3pop,19,601,700,8,0.0255349,0.027791
Model3,3pop,19,701,800,4,0.249692,0.133024
Model3,3pop,19,801,900,3,0.0503324,0.0359026
Model3,3pop,19,901,1000,12,0.0305222,0.0281657
Model3,3pop,19,1,100,5,0.170682,0.128327
Model3,3pop,19,101,200,7,0.314557,0.205052
Model3,3pop,19,201,300,1,0.21513,0.21513
Model3,3pop,19,301,400,7,0.130843,0.0477323
Model3,3pop,19,401,500,9,0.314485,0.186473
Model3,3pop,19,501,600,13,0.231568,0.156923
Model3,3pop,19,601,700,8,0.0805913,0.060804
Model3,3pop,19,701,800,12,0.178176,0.11377
Model3,3pop,19,801,900,5,0.0167715,0.00989729
Model3,3pop,19,901,1000,10,0.0981179,0.0697936
Model3,3pop,11,1,100,10,0.072104,0.0218858
Model3,3pop,11,101,200,8,0.20178,0.0830949
Model3,3pop,11,201,300,9,0.11294,0.0571825
Model3,3pop,11,301,400,10,0.10315,0.0598728
Model3,3pop,11,401,500,13,0.14488,0.0738025
Model3,3pop,11,501,600,8,0.198914,0.0961675
Model3,3pop,11,601,700,9,0.111335,0.0466458
Model3,3pop,11,701,800,14,0.186712,0.0899123
Model3,3pop,11,801,900,6,-0.0225443,-0.00155687
Model3,3pop,11,901,1000,12,0.131804,0.0607542
Model3,3pop,7,1,100,9,0.111111,0.0879157
Model3,3pop,7,101,200,6,0.00573614,0.0175374
Model3,3pop,7,201,300,12,0.0650407,0.0482289
Model3,3pop,7,301,400,7,0.0650845,0.0394782
Model3,3pop,7,401,500,13,0.0674184,0.0494711
Model3,3pop,7,501,600,12,0.0133216,0.014811
Model3,3pop,7,601,700,11,0.0325019,0.018959
Model3,3pop,7,701,800,6,0.0526581,0.0371814
Model3,3pop,7,801,900,11,0.0606194,0.0328925
Model3,3pop,7,901,1000,13,0.0351206,0.0246402
Model3,3pop,2,1,100,9,0.504288,0.203789
Model3,3pop,2,101,200,18,0.37699,0.132925
Model3,3pop,2,201,300,4,0.45566,0.238734
Model3,3pop,2,301,400,10,0.330026,0.0971668
Model3,3pop,2,401,500,11,0.530297,0.201163
Model3,3pop,2,501,600,16,0.500784,0.208578
Model3,3pop,2,601,700,11,0.516961,0.220267
Model3,3pop,2,701,800,16,0.444741,0.162054
Model3,3pop,2,801,900,9,0.380471,0.120891
Model3,3pop,2,901,1000,13,0.445546,0.181359
Model3,3pop,11,1,100,9,0.35334,0.227944
Model3,3pop,11,101,200,9,0.363465,0.155869
Model3,3pop,11,201,300,14,0.166667,0.088743
Model3,3pop,11,301,400,10,0.275447,0.149863
Model3,3pop,11,401,500,3,0.515564,0.515018
Model3,3pop,11,501,600,9,0.391453,0.177239
Model3,3pop,11,601,700,6,0.196581,0.0987654
Model3,3pop,11,701,800,12,0.314872,0.146181
Model3,3pop,11,801,900,15,0.159509,0.0922008
Model3,3pop,11,901,1000,5,0.360394,0.200821
Model3,3pop,18,1,100,10,0.143138,0.0502048
Model3,3pop,18,101,200,12,0.0032113,0.01351
Model3,3pop,18,201,300,9,0.00249943,0.0309271
Model3,3pop,18,301,400,5,-0.0111111,-0.00273694
Model3,3pop,18,401,500,8,0.223602,0.0939946
Model3,3pop,18,501,600,12,0.0793011,0.041553
Model3,3pop,18,601,700,12,0.118681,0.0631579
Model3,3pop,18,701,800,9,0.229904,0.120531
Model3,3pop,18,801,900,4,0.042735,0.0146871
Model3,3pop,18,901,1000,6,0.0234742,0.0165126
Model3,3pop,16,1,100,11,0.0991207,0.0750927
Model3,3pop,16,101,200,10,0.103103,0.0642316
Model3,3pop,16,201,300,12,0.0570311,0.0228026
Model3,3pop,16,301,400,8,0.00525526,0.00183237
Model3,3pop,16,401,500,6,0.0340909,0.0329457
Model3,3pop,16,501,600,9,0.0847458,0.0447579
Model3,3pop,16,601,700,11,0.127338,0.0770054
Model3,3pop,16,701,800,6,0.038817,0.043624
Model3,3pop,16,801,900,10,0.0940898,0.0768807
Model3,3pop,16,901,1000,10,0.0842014,0.0664795
Model3,3pop,12,1,100,8,0.124453,0.0692585
Model3,3pop,12,101,200,12,0.0643275,0.0509298
Model3,3pop,12,201,300,9,0.055733,0.0407909
Model3,3pop,12,301,400,11,0.117984,0.0718294
Model3,3pop,12,401,500,11,0.16047,0.119917
Model3,3pop,12,501,600,9,0.101705,0.0680442
Model3,3pop,12,601,700,12,0.160798,0.116402
Model3,3pop,12,701,800,11,0.247046,0.145468
Model3,3pop,12,801,900,7,0.101562,0.0607537
Model3,3pop,12,901,1000,11,0.119377,0.0627218
Model3,3pop,5,1,100,10,0.18968,0.069252
Model3,3pop,5,101,200,11,0.32443,0.124005
Model3,3pop,5,201,300,7,0.130377,0.111462
Model3,3pop,5,301,400,7,0.0857947,0.0535714
Model3,3pop,5,401,500,6,0.06893,0.0509259
Model3,3pop,5,501,600,9,0.310134,0.143519
Model3,3pop,5,601,700,9,0.317181,0.128215
Model3,3pop,5,701,800,9,0.0910024,0.0733793
Model3,3pop,5,801,900,5,0.29942,0.101186
Model3,3pop,5,901,1000,16,0.421769,0.211575
Model3,3pop,7,1,100,15,0.426523,0.143393
Model3,3pop,7,101,200,10,0.261229,0.0574779
Model3,3pop,7,201,300,12,0.561305,0.232235
Model3,3pop,7,301,400,9,0.31711,0.056829
Model3,3pop,7,401,500,11,0.457781,0.163579
Model3,3pop,7,501,600,12,0.520531,0.202806
Model3,3pop,7,601,700,7,0.422863,0.164994
Model3,3pop,7,701,800,13,0.486433,0.178215
Model3,3pop,7,801,900,7,0.548822,0.341751
Model3,3pop,7,901,1000,8,0.413074,0.153755
Model3,3pop,11,1,100,11,0.222292,0.130887
Model3,3pop,11,101,200,13,0.215579,0.163615
Model3,3pop,11,201,300,10,0.284349,0.233197
Model3,3pop,11,301,400,13,0.223791,0.112247
Model3,3pop,11,401,500,6,0.216909,0.157942
Model3,3pop,11,501,600,14,0.166184,0.0926866
Model3,3pop,11,601,700,11,0.179195,0.160333
Model3,3pop,11,701,800,13,0.208524,0.133124
Model3,3pop,11,801,900,14,0.164465,0.0987632
Model3,3pop,11,901,1000,13,0.115631,0.061971
Model3,3pop,14,1,100,16,0.399666,0.225256
Model3,3pop,14,101,200,10,0.355023,0.177686
Model3,3pop,14,201,300,9,0.388619,0.177516
Model3,3pop,14,301,400,15,0.496107,0.356133
Model3,3pop,14,401,500,15,0.40373,0.215069
Model3,3pop,14,501,600,21,0.451516,0.297429
Model3,3pop,14,601,700,13,0.446686,0.278149
Model3,3pop,14,701,800,13,0.474525,0.24467
Model3,3pop,14,801,900,14,0.448152,0.194893
Model3,3pop,14,901,1000,18,0.481848,0.320632
Model3,3pop,7,1,100,8,0.218254,0.0763889
Model3,3pop,7,101,200,7,0.184248,0.10575
Model3,3pop,7,201,300,11,0.307396,0.152029
Model3,3pop,7,301,400,9,0.176773,0.0938594
Model3,3pop,7,401,500,7,0.211284,0.112715
Model3,3pop,7,501,600,14,0.23502,0.105587
Model3,3pop,7,601,700,8,0.512241,0.269193
Model3,3pop,7,701,800,7,0.136388,0.116413
Model3,3pop,7,801,900,7,0.169765,0.140759
Model3,3pop,7,901,1000,9,0.144859,0.100141
Model3,3pop,1,1,100,5,0.108564,0.0813116
Model3,3pop,1,101,200,5,0.14467,0.068231
Model3,3pop,1,201,300,8,0.152953,0.132278
Model3,3pop,1,301,400,4,0.146825,0.117023
Model3,3pop,1,401,500,10,0.142801,0.098478
Model3,3pop,1,501,600,2,0.305556,0.196581
Model3,3pop,1,601,700,8,0.0993266,0.0679189
Model3,3pop,1,701,800,10,0.245247,0.139878
Model3,3pop,1,801,900,11,0.187415,0.0768047
Model3,3pop,1,901,1000,3,0.0277778,0.0185185
Model3,3pop,5,1,100,5,0.153102,0.0959856
Model3,3pop,5,101,200,11,0.185338,0.125334
Model3,3pop,5,201,300,12,0.143262,0.0548214
Model3,3pop,5,301,400,10,0.17473,0.125255
Model3,3pop,5,401,500,14,0.158775,0.0913341
Model3,3pop,5,501,600,8,0.124088,0.0734427
Model3,3pop,5,601,700,10,0.130701,0.0609764
Model3,3pop,5,701,800,17,0.165862,0.118617
Model3,3pop,5,801,900,13,0.150039,0.104334
Model3,3pop,5,901,1000,10,0.133373,0.074546
Model3,3pop,16,1,100,17,0.0337235,0.0345763
Model3,3pop,16,101,200,21,0.0339498,0.0307256
Model3,3pop,16,201,300,13,0.123631,0.0687931
Model3,3pop,16,301,400,7,0.0387748,0.0415982
Model3,3pop,16,401,500,17,0.0298263,0.0217184
Model3,3pop,16,501,600,8,0.0339016,0.0411589
Model3,3pop,16,601,700,17,0.0231205,0.0159422
Model3,3pop,16,701,800,13,0.0505051,0.044677
Model3,3pop,16,801,900,14,0.0390911,0.0429666
Model3,3pop,16,901,1000,10,0.0239447,0.021852
Model3,3pop,11,1,100,7,0.138984,0.0820106
Model3,3pop,11,101,200,7,0.0616005,0.0596727
Model3,3pop,11,201,300,7,0.471005,0.170698
Model3,3pop,11,301,400,8,0.313862,0.105895
Model3,3pop,11,401,500,10,0.472403,0.257077
Model3,3pop,11,501,600,7,0.311586,0.101943
Model3,3pop,11,601,700,10,0.0215683,0.0216821
Model3,3pop,11,701,800,15,0.21194,0.113589
Model3,3pop,11,801,900,5,0.330623,0.153216
Model3,3pop,11,901,1000,11,0.264957,0.0857792
Model3,3pop,7,1,100,8,-0.00852799,0.00710997
Model3,3pop,7,101,200,15,0.0570486,0.0359748
Model3,3pop,7,201,300,7,-0.0251799,-0.021978
Model3,3pop,7,301,400,13,0.0568158,0.0333419
Model3,3pop,7,401,500,13,0.0122799,0.0107662
Model3,3pop,7,501,600,6,-0.0254351,-0.0146098
Model3,3pop,7,601,700,14,-0.00893997,0.00143026
Model3,3pop,7,701,800,12,0.0228526,0.0312828
Model3,3pop,7,801,900,13,0.0568412,0.0390799
Model3,3pop,7,901,1000,13,-0.00278552,-5.56242e-05
Model3,3pop,12,1,100,7,0.216826,0.114177
Model3,3pop,12,101,200,10,0.23946,0.0960734
Model3,3pop,12,201,300,7,0.204678,0.047059
Model3,3pop,12,301,400,11,0.179487,0.0717769
Model3,3pop,12,401,500,11,0.242069,0.129489
Model3,3pop,12,501,600,5,0.207838,0.105983
Model3,3pop,12,601,700,13,0.252347,0.153682
Model3,3pop,12,701,800,6,0.0949495,0.0462963
Model3,3pop,12,801,900,3,0.170293,0.0563729
Model3,3pop,12,901,1000,7,0.255183,0.118065
Model3,3pop,14,1,100,6,0.0291005,0.0213441
Model3,3pop,14,101,200,7,0.0568818,0.0816866
Model3,3pop,14,201,300,8,0.090269,0.0908631
Model3,3pop,14,301,400,9,0.0960961,0.101287
Model3,3pop,14,401,500,6,0.0695035,0.0801527
Model3,3pop,14,501,600,10,0.114533,0.0965105
Model3,3pop,14,601,700,9,0.0543735,0.0643211
Model3,3pop,14,701,800,6,0.0598291,0.0399279
Model3,3pop,14,801,900,6,0.0740741,0.0785786
Model3,3pop,14,901,1000,10,0.103691,0.0724255
Model3,3pop,17,1,100,6,0.128599,0.0889721
Model3,3pop,17,101,200,5,0.16737,0.0747277
Model3,3pop,17,201,300,7,0.213948,0.134177
Model3,3pop,17,301,400,9,0.292795,0.169947
Model3,3pop,17,401,500,6,0.322115,0.168164
Model3,3pop,17,501,600,10,0.201974,0.114574
Model3,3pop,17,601,700,11,0.180247,0.0729282
Model3,3pop,17,701,800,6,0.0701999,0.0420228
Model3,3pop,17,801,900,8,0.178856,0.0983699
Model3,3pop,17,901,1000,7,0.200106,0.143796
Model3,3pop,0,1,100,16,0.320402,0.245766
Model3,3pop,0,101,200,18,0.337836,0.225516
Model3,3pop,0,201,300,25,0.329773,0.188414
Model3,3pop,0,301,400,18,0.396516,0.298465
Model3,3pop,0,401,500,17,0.355391,0.219185
Model3,3pop,0,501,600,15,0.421673,0.29511
Model3,3pop,0,601,700,17,0.360279,0.258356
Model3,3pop,0,701,800,13,0.373279,0.26042
Model3,3pop,0,801,900,15,0.357935,0.22852
Model3,3pop,0,901,1000,19,0.33605,0.249301
Model3,3pop,9,1,100,12,0.45583,0.321815
Model3,3pop,9,101,200,18,0.270191,0.162798
Model3,3pop,9,201,300,7,0.34236,0.169253
Model3,3pop,9,301,400,16,0.303312,0.186362
Model3,3pop,9,401,500,19,0.394836,0.292453
Model3,3pop,9,501,600,13,0.312995,0.185867
Model3,3pop,9,601,700,20,0.40777,0.256297
Model3,3pop,9,701,800,14,0.313262,0.220486
Model3,3pop,9,801,900,14,0.309553,0.1237
Model3,3pop,9,901,1000,14,0.405675,0.259183
Model3,3pop,1,1,100,10,0.278882,0.140604
Model3,3pop,1,101,200,7,0.0218424,0.0123269
Model3,3pop,1,201,300,13,0.208309,0.0936415
Model3,3pop,1,301,400,12,0.270938,0.12314
Model3,3pop,1,401,500,7,0.310422,0.135984
Model3,3pop,1,501,600,7,0.264984,0.0798337
Model3,3pop,1,601,700,12,0.187935,0.0569094
Model3,3pop,1,701,800,10,0.300676,0.158067
Model3,3pop,1,801,900,9,0.315939,0.153339
Model3,3pop,1,901,1000,14,0.243499,0.0954811
Model3,3pop,10,1,100,7,0.112242,0.0586031
Model3,3pop,10,101,200,10,0.0364079,0.0258752
Model3,3pop,10,201,300,7,0.0156062,0.0173847
Model3,3pop,10,301,400,7,0.0101892,0.00529101
Model3,3pop,10,401,500,12,0.0798099,0.0536717
Model3,3pop,10,501,600,13,0.0834111,0.0394201
Model3,3pop,10,601,700,12,0.0622098,0.041151
Model3,3pop,10,701,800,10,0.104478,0.0592492
Model3,3pop,10,801,900,10,0.0913411,0.0499107
Model3,3pop,10,901,1000,12,0.00927909,0.00609703
Model3,3pop,12,1,100,11,0.0936493,0.0706962
Model3,3pop,12,101,200,9,0.0982287,0.0450141
Model3,3pop,12,201,300,11,0.0667028,0.0531113
Model3,3pop,12,301,400,11,0.0683096,0.0622319
Model3,3pop,12,401,500,13,0.0389846,0.0305327
Model3,3pop,12,501,600,9,0.0207715,0.0216901
Model3,3pop,12,601,700,9,0.0530089,0.0584714
Model3,3pop,12,701,800,11,0.086994,0.0521205
Model3,3pop,12,801,900,11,0.0788716,0.0695067
Model3,3pop,12,901,1000,18,0.0132275,0.0297633
Model3,3pop,18,1,100,15,0.211852,0.0916444
Model3,3pop,18,101,200,13,0.161376,0.0971921
Model3,3pop,18,201,300,24,0.188339,0.0758405
Model3,3pop,18,301,400,19,0.184964,0.0851617
Model3,3pop,18,401,500,22,0.068631,0.0440601
Model3,3pop,18,501,600,21,0.0734127,0.062966
Model3,3pop,18,601,700,17,0.176749,0.0860138
Model3,3pop,18,701,800,14,0.0538194,0.0416667
Model3,3pop,18,801,900,24,0.133792,0.0730399
Model3,3pop,18,901,1000,25,0.193695,0.077722
Model3,3pop,9,1,100,8,0.113891,0.0875452
Model3,3pop,9,101,200,14,0.0707322,0.0626812
Model3,3pop,9,201,300,16,0.126179,0.0859734
Model3,3pop,9,301,400,14,0.0631495,0.0360135
Model3,3pop,9,401,500,7,0.15947,0.145969
Model3,3pop,9,501,600,11,0.0831391,0.0567959
Model3,3pop,9,601,700,11,0.0778181,0.0551709
Model3,3pop,9,701,800,9,0.089741,0.079166
Model3,3pop,9,801,900,13,0.0742145,0.0553093
Model3,3pop,9,901,1000,12,0.0695397,0.0377695
Model3,3pop,6,1,100,12,0.387423,0.0713108
Model3,3pop,6,101,200,13,0.0087146,0.003586
Model3,3pop,6,201,300,15,0.423329,0.137697
Model3,3pop,6,301,400,10,0.390034,0.111527
Model3,3pop,6,401,500,11,0.00845728,0.00788022
Model3,3pop,6,501,600,4,-0.00553042,0.00778172
Model3,3pop,6,601,700,12,0.329952,0.0507566
Model3,3pop,6,701,800,7,0.426619,0.150456
Model3,3pop,6,801,900,13,0.205455,0.0406877
Model3,3pop,6,901,1000,11,0.443418,0.123983
Model3,3pop,16,1,100,12,0.141282,0.084935
Model3,3pop,16,101,200,12,0.289983,0.196115
Model3,3pop,16,201,300,6,0.155603,0.129727
Model3,3pop,16,301,400,10,0.123142,0.110497
Model3,3pop,16,401,500,9,0.219917,0.133084
Model3,3pop,16,501,600,11,0.188914,0.126112
Model3,3pop,16,601,700,14,0.205788,0.176216
Model3,3pop,16,701,800,11,0.192145,0.110407
Model3,3pop,16,801,900,14,0.15282,0.124828
Model3,3pop,16,901,1000,9,0.164557,0.136431
Model3,3pop,9,1,100,16,0.116886,0.0784756
Model3,3pop,9,101,200,13,0.179789,0.130021
Model3,3pop,9,201,300,13,0.154248,0.0740047
Model3,3pop,9,301,400,8,0.102481,0.0704008
Model3,3pop,9,401,500,11,0.0166229,0.0174365
Model3,3pop,9,501,600,22,0.0873786,0.0453707
Model3,3pop,9,601,700,10,0.0992449,0.0631785
Model3,3pop,9,701,800,10,0.0785522,0.0596382
Model3,3pop,9,801,900,11,0.187874,0.0986748
Model3,3pop,9,901,1000,5,0.0123457,0.0107428
Model3,3pop,14,1,100,8,0.0968377,0.0521769
Model3,3pop,14,101,200,14,0.0620259,0.0453751
Model3,3pop,14,201,300,14,0.116348,0.0917267
Model3,3pop,14,301,400,11,0.137585,0.0955798
Model3,3pop,14,401,500,10,0.123031,0.0905209
Model3,3pop,14,501,600,11,0.0468626,0.0144776
Model3,3pop,14,601,700,7,0.0827045,0.0326997
Model3,3pop,14,701,800,10,0.0375088,0.00972661
Model3,3pop,14,801,900,14,0.135354,0.089691
Model3,3pop,14,901,1000,13,0.0894015,0.0529487
Model3,3pop,12,1,100,10,0.241469,0.116642
Model3,3pop,12,101,200,16,0.223399,0.124731
Model3,3pop,12,201,300,10,0.164151,0.125072
Model3,3pop,12,301,400,13,0.200578,0.138856
Model3,3pop,12,401,500,10,0.137116,0.0797692
Model3,3pop,12,501,600,17,0.218029,0.12469
Model3,3pop,12,601,700,10,0.199458,0.102178
Model3,3pop,12,701,800,13,0.175052,0.0953865
Model3,3pop,12,801,900,14,0.154428,0.077031
Model3,3pop,12,901,1000,14,0.252095,0.105652
Model3,3pop,16,1,100,13,0.0592466,0.0518696
Model3,3pop,16,101,200,14,0.0294715,0.0323348
Model3,3pop,16,201,300,25,0.0317541,0.0342979
Model3,3pop,16,301,400,13,0.0568962,0.0727922
Model3,3pop,16,401,500,13,0.0487048,0.0562521
Model3,3pop,16,501,600,19,0.053151,0.0554115
Model3,3pop,16,601,700,10,0.066739,0.0863343
Model3,3pop,16,701,800,16,0.0450101,0.0515267
Model3,3pop,16,801,900,11,0.0715301,0.0783932
Model3,3pop,16,901,1000,16,0.0741591,0.0615059
Model3,3pop,19,1,100,13,0.0635496,0.0382847
Model3,3pop,19,101,200,13,0.213016,0.11324
Model3,3pop,19,201,300,17,0.219457,0.137001
Model3,3pop,19,301,400,21,0.16775,0.118919
Model3,3pop,19,401,500,14,0.215733,0.158524
Model3,3pop,19,501,600,16,0.103502,0.0630743
Model3,3pop,19,601,700,14,0.186689,0.120114
Model3,3pop,19,701,800,13,0.0932881,0.0577628
Model3,3pop,19,801,900,15,0.159568,0.102348
Model3,3pop,19,901,1000,13,0.176358,0.10754
Model3,3pop,0,1,100,8,0.312028,0.228294
Model3,3pop,0,101,200,8,0.159304,0.0847213
Model3,3pop,0,201,300,5,0.178131,0.107946
Model3,3pop,0,301,400,12,0.354281,0.194996
Model3,3pop,0,401,500,15,0.379752,0.201651
Model3,3pop,0,501,600,14,0.354033,0.17014
Model3,3pop,0,601,700,9,0.275406,0.135949
Model3,3pop,0,701,800,11,0.339231,0.241941
Model3,3pop,0,801,900,14,0.265157,0.155896
Model3,3pop,0,901,1000,13,0.29323,0.14024
Model3,3pop,0,1,100,16,0.171827,0.129832
Model3,3pop,0,101,200,13,0.0665918,0.0478012
Model3,3pop,0,201,300,13,0.1403,0.0892336
Model3,3pop,0,301,400,6,0.0188983,0.0195872
Model3,3pop,0,401,500,15,0.100611,0.065466
Model3,3pop,0,501,600,15,0.0671985,0.0639152
Model3,3pop,0,601,700,10,0.176778,0.0973026
Model3,3pop,0,701,800,10,0.111111,0.0801877
Model3,3pop,0,801,900,7,0.0289717,0.0354769
Model3,3pop,0,901,1000,17,0.0724638,0.050334
Model3,3pop,8,1,100,16,0.122515,0.0908029
Model3,3pop,8,101,200,18,0.116262,0.093031
Model3,3pop,8,201,300,16,0.158525,0.113759
Model3,3pop,8,301,400,10,0.127391,0.0758535
Model3,3pop,8,401,500,15,0.13941,0.110023
Model3,3pop,8,501,600,11,0.115935,0.0746733
Model3,3pop,8,601,700,9,0.16546,0.13518
Model3,3pop,8,701,800,10,0.206745,0.145461
Model3,3pop,8,801,900,12,0.137559,0.10591
Model3,3pop,8,901,1000,11,0.202938,0.153423
Model3,3pop,18,1,100,5,0.402961,0.351318
Model3,3pop,18,101,200,10,0.185377,0.088955
Model3,3pop,18,201,300,6,0.332676,0.156705
Model3,3pop,18,301,400,5,0.323743,0.17197
Model3,3pop,18,401,500,6,0.393509,0.180676
Model3,3pop,18,501,600,8,0.311076,0.090866
Model3,3pop,18,601,700,5,0.35654,0.216414
Model3,3pop,18,701,800,9,0.353771,0.195464
Model3,3pop,18,801,900,8,0.193224,0.0594336
Model3,3pop,18,901,1000,9,0.190353,0.0987988
Model3,3pop,19,1,100,12,0.0512309,0.0356537
Model3,3pop,19,101,200,8,0.0654713,0.0544756
Model3,3pop,19,201,300,9,0.0829987,0.0835427
Model3,3pop,19,301,400,7,0.0449173,0.0286038
Model3,3pop,19,401,500,12,0.107312,0.0653746
Model3,3pop,19,501,600,21,0.0783493,0.0477216
Model3,3pop,19,601,700,12,0.184153,0.137088
Model3,3pop,19,701,800,13,0.12685,0.084738
Model3,3pop,19,801,900,8,0.155715,0.0731711
Model3,3pop,19,901,1000,7,0.0738999,0.0542284
Model3,3pop,17,1,100,14,0.426208,0.231898
Model3,3pop,17,101,200,10,0.449514,0.422795
Model3,3pop,17,201,300,10,0.468813,0.341321
Model3,3pop,17,301,400,12,0.544574,0.336451
Model3,3pop,17,401,500,8,0.315409,0.143228
Model3,3pop,17,501,600,9,0.396643,0.28238
Model3,3pop,17,601,700,9,0.413957,0.277336
Model3,3pop,17,701,800,5,0.429735,0.12366
Model3,3pop,17,801,900,9,0.535048,0.40826
Model3,3pop,17,901,1000,6,0.423868,0.101341
Model3,3pop,7,1,100,15,0.145223,0.120618
Model3,3pop,7,101,200,8,0.0727418,0.0243527
Model3,3pop,7,201,300,11,0.100284,0.0924245
Model3,3pop,7,301,400,7,0.0793651,0.0307336
Model3,3pop,7,401,500,13,0.0810359,0.063936
Model3,3pop,7,501,600,9,0.112035,0.0854203
Model3,3pop,7,601,700,9,0.128569,0.0969077
Model3,3pop,7,701,800,12,0.142519,0.108651
Model3,3pop,7,801,900,11,0.12164,0.0872334
Model3,3pop,7,901,1000,9,0.170322,0.122483
Model3,3pop,1,1,100,16,0.106842,0.0930651
Model3,3pop,1,101,200,11,0.123907,0.104448
Model3,3pop,1,201,300,13,0.1274,0.0799157
Model3,3pop,1,301,400,14,0.0991908,0.0970845
Model3,3pop,1,401,500,11,0.0717991,0.0696515
Model3,3pop,1,501,600,16,0.0665627,0.0562825
Model3,3pop,1,601,700,16,0.148746,0.0999711
Model3,3pop,1,701,800,12,0.0730647,0.0467123
Model3,3pop,1,801,900,10,0.141296,0.086494
Model3,3pop,1,901,1000,16,0.102078,0.0958472
Model3,3pop,15,1,100,10,0.203949,0.121051
Model3,3pop,15,101,200,9,0.08435,0.060206
Model3,3pop,15,201,300,6,0.157589,0.0731886
Model3,3pop,15,301,400,15,0.111651,0.0729729
Model3,3pop,15,401,500,12,0.189974,0.103038
Model3,3pop,15,501,600,10,0.164124,0.0984637
Model3,3pop,15,601,700,15,0.163528,0.0756777
Model3,3pop,15,701,800,7,0.187675,0.137393
Model3,3pop,15,801,900,9,0.199151,0.110097
Model3,3pop,15,901,1000,13,0.191189,0.117805
Model3,3pop,15,1,100,9,-0.0438909,-0.0296313
Model3,3pop,15,101,200,10,0.0230286,0.0343229
Model3,3pop,15,201,300,13,0.0157019,0.0541948
Model3,3pop,15,301,400,15,-0.00664075,0.027693
Model3,3pop,15,401,500,13,-0.0230352,-0.000181238
Model3,3pop,15,501,600,14,-0.00689983,0.0236189
Model3,3pop,15,601,700,10,0.0266876,0.0536738
Model3,3pop,15,701,800,9,0.0122633,0.0495372
Model3,3pop,15,801,900,16,0.0289735,0.0509422
Model3,3pop,15,901,1000,12,-0.0320012,-0.00512943
Model3,3pop,18,1,100,17,0.0685354,0.0439489
Model3,3pop,18,101,200,11,0.102045,0.0798284
Model3,3pop,18,201,300,13,0.0828349,0.0594603
Model3,3pop,18,301,400,17,0.0390747,0.0319053
Model3,3pop,18,401,500,15,0.060382,0.0431407
Model3,3pop,18,501,600,17,0.0782584,0.0647508
Model3,3pop,18,601,700,7,0.0906769,0.0727353
Model3,3pop,18,701,800,12,0.07301,0.0561477
Model3,3pop,18,801,900,12,0.0595019,0.0439795
Model3,3pop,18,901,1000,11,0.0630692,0.05972
Model3,3pop,15,1,100,7,0.338501,0.265873
Model3,3pop,15,101,200,13,0.254035,0.257663
Model3,3pop,15,201,300,10,0.290584,0.218591
Model3,3pop,15,301,400,23,0.291031,0.206894
Model3,3pop,15,401,500,20,0.308571,0.245662
Model3,3pop,15,501,600,13,0.229065,0.215357
Model3,3pop,15,601,700,14,0.257547,0.190458
Model3,3pop,15,701,800,13,0.238253,0.223052
Model3,3pop,15,801,900,16,0.180896,0.151134
Model3,3pop,15,901,1000,13,0.329114,0.224144
Model3,3pop,2,1,100,10,-0.0489206,-0.012846
Model3,3pop,2,101,200,14,0.0362006,0.0430922
Model3,3pop,2,201,300,15,0.0818309,0.0860642
Model3,3pop,2,301,400,13,0.0275337,0.0286302
Model3,3pop,2,401,500,15,0.0239968,0.0345388
Model3,3pop,2,501,600,9,-0.0325157,0.00213843
Model3,3pop,2,601,700,11,-0.0252842,-0.0020017
Model3,3pop,2,701,800,6,-0.0336572,0.000217113
Model3,3pop,2,801,900,10,0.0262357,0.0477248
Model3,3pop,2,901,1000,10,0.0300317,0.0413337
Model3,3pop,10,1,100,7,0.591169,0.271091
Model3,3pop,10,101,200,6,0.584274,0.401659
Model3,3pop,10,201,300,9,0.558449,0.341926
Model3,3pop,10,301,400,15,0.560328,0.352748
Model3,3pop,10,401,500,11,0.522904,0.187017
Model3,3pop,10,501,600,11,0.527897,0.18437
Model3,3pop,10,601,700,7,0.600749,0.357792
Model3,3pop,10,701,800,9,0.494749,0.227558
Model3,3pop,10,801,900,10,0.586449,0.309238
Model3,3pop,10,901,1000,11,0.53027,0.317997
Model3,3pop,3,1,100,9,0.290409,0.210731
Model3,3pop,3,101,200,10,0.439429,0.343726
Model3,3pop,3,201,300,11,0.310085,0.201275
Model3,3pop,3,301,400,14,0.365079,0.261245
Model3,3pop,3,401,500,8,0.469671,0.336308
Model3,3pop,3,501,600,11,0.322514,0.211712
Model3,3pop,3,601,700,12,0.398977,0.195169
Model3,3pop,3,701,800,14,0.390796,0.207479
Model3,3pop,3,801,900,13,0.311675,0.214076
Model3,3pop,3,901,1000,11,0.234384,0.100899
Model3,3pop,18,1,100,8,0.402546,0.315229
Model3,3pop,18,101,200,8,0.338624,0.198719
Model3,3pop,18,201,300,15,0.464767,0.445919
Model3,3pop,18,301,400,8,0.363525,0.13028
Model3,3pop,18,401,500,9,0.477448,0.20613
Model3,3pop,18,501,600,15,0.389289,0.236317
Model3,3pop,18,601,700,10,0.400886,0.188782
Model3,3pop,18,701,800,7,0.350962,0.135823
Model3,3pop,18,801,900,13,0.444444,0.275358
Model3,3pop,18,901,1000,15,0.405753,0.277415
Model3,3pop,16,1,100,13,0.193965,0.113246
Model3,3pop,16,101,200,18,0.157193,0.0914738
Model3,3pop,16,201,300,14,0.163944,0.110361
Model3,3pop,16,301,400,14,0.157656,0.111911
Model3,3pop,16,401,500,10,0.145,0.0617522
Model3,3pop,16,501,600,12,0.166869,0.10295
Model3,3pop,16,601,700,10,0.135802,0.0806093
Model3,3pop,16,701,800,15,0.182528,0.103166
Model3,3pop,16,801,900,9,0.125717,0.0612241
Model3,3pop,16,901,1000,16,0.17742,0.120671
Model3,3pop,1,1,100,12,0.0407451,0.0591338
Model3,3pop,1,101,200,11,0.0764543,0.0563396
Model3,3pop,1,201,300,9,0.109382,0.0714947
Model3,3pop,1,301,400,9,0.00673401,0.010181
Model3,3pop,1,401,500,13,0.0448187,0.0533144
Model3,3pop,1,501,600,13,0.0148148,0.0235023
Model3,3pop,1,601,700,8,0.0648072,0.0469213
Model3,3pop,1,701,800,7,0.0247074,0.0222653
Model3,3pop,1,801,900,10,0.0115812,0.0438491
Model3,3pop,1,901,1000,8,0.0144516,0.0110667
Model3,3pop,19,1,100,13,0.219138,0.0894442
Model3,3pop,19,101,200,11,0.1099,0.0445645
Model3,3pop,19,201,300,12,0.112487,0.0633376
Model3,3pop,19,301,400,7,0.462251,0.178103
Model3,3pop,19,401,500,11,0.100197,0.0651499
Model3,3pop,19,501,600,13,0.102107,0.0657894
Model3,3pop,19,601,700,5,0.1659,0.0915155
Model3,3pop,19,701,800,8,0.288681,0.132224
Model3,3pop,19,801,900,7,0.169057,0.126507
Model3,3pop,19,901,1000,9,0.193727,0.132806
Model3,3pop,9,1,100,12,0.440426,0.303495
Model3,3pop,9,101,200,10,0.300385,0.164281
Model3,3pop,9,201,300,12,0.237699,0.110038
Model3,3pop,9,301,400,7,0.323756,0.153529
Model3,3pop,9,401,500,9,0.343578,0.246166
Model3,3pop,9,501,600,8,0.496296,0.263274
Model3,3pop,9,601,700,15,0.252692,0.104346
Model3,3pop,9,701,800,7,0.0537888,0.0476721
Model3,3pop,9,801,900,7,0.411951,0.263428
Model3,3pop,9,901,1000,12,0.414537,0.212603
Model3,3pop,13,1,100,7,0.242798,0.156431
Model3,3pop,13,101,200,4,-0.0111699,-0.00614167
Model3,3pop,13,201,300,14,0.0843834,0.0332589
Model3,3pop,13,301,400,14,0.142486,0.0501202
Model3,3pop,13,401,500,15,0.0952163,0.0515907
Model3,3pop,13,501,600,11,0.210285,0.0541713
Model3,3pop,13,601,700,15,0.308102,0.0952994
Model3,3pop,13,701,800,9,-0.0143653,-0.00822425
Model3,3pop,13,801,900,14,0.10182,0.0285429
Model3,3pop,13,901,1000,16,0.116663,0.0423006
Model3,3pop,4,1,100,13,0.136889,0.0911177
Model3,3pop,4,101,200,14,0.200242,0.133039
Model3,3pop,4,201,300,10,0.125715,0.0720761
Model3,3pop,4,301,400,12,0.124272,0.0779583
Model3,3pop,4,401,500,10,0.143666,0.0531794
Model3,3pop,4,501,600,17,0.154556,0.091579
Model3,3pop,4,601,700,13,0.19723,0.122799
Model3,3pop,4,701,800,9,0.260327,0.171657
Model3,3pop,4,801,900,13,0.167241,0.109615
Model3,3pop,4,901,1000,13,0.138552,0.10491
Model3,3pop,6,1,100,9,0.0765564,0.0400189
Model3,3pop,6,101,200,7,0.0801791,0.0568228
Model3,3pop,6,201,300,10,0.0910232,0.0559424
Model3,3pop,6,301,400,8,0.0661939,0.0551452
Model3,3pop,6,401,500,8,0.0524012,0.035902
Model3,3pop,6,501,600,5,0.0471668,0.030776
Model3,3pop,6,601,700,7,0.0286785,0.02158
Model3,3pop,6,701,800,11,0.0456714,0.0348877
Model3,3pop,6,801,900,10,0.040404,0.0194308
Model3,3pop,6,901,1000,8,0.0366826,0.0381949
Model3,3pop,0,1,100,8,0.180418,0.112187
Model3,3pop,0,101,200,8,0.1521,0.110205
Model3,3pop,0,201,300,9,0.136035,0.0879161
Model3,3pop,0,301,400,12,0.131161,0.0812594
Model3,3pop,0,401,500,11,0.243345,0.149333
Model3,3pop,0,501,600,13,0.185425,0.140123
Model3,3pop,0,601,700,9,0.249286,0.152511
Model3,3pop,0,701,800,11,0.23133,0.110547
Model3,3pop,0,801,900,7,0.133333,0.0649351
Model3,3pop,0,901,1000,9,0.133333,0.08641
Model3,3pop,7,1,100,7,0.102725,0.0618423
Model3,3pop,7,101,200,9,0.195402,0.100247
Model3,3pop,7,201,300,4,0.104478,0.0478375
Model3,3pop,7,301,400,7,0.123506,0.0579359
Model3,3pop,7,401,500,10,0.227338,0.160977
Model3,3pop,7,501,600,9,0.304473,0.18712
Model3,3pop,7,601,700,13,0.187045,0.110082
Model3,3pop,7,701,800,11,0.265674,0.197534
Model3,3pop,7,801,900,10,0.364576,0.21905
Model3,3pop,7,901,1000,10,0.132918,0.108543
Model3,3pop,8,1,100,16,0.0335239,0.0326248
Model3,3pop,8,101,200,7,0.0468967,0.0225256
Model3,3pop,8,201,300,11,-0.0121158,-0.0053566
Model3,3pop,8,301,400,11,0.0137722,0.00939501
Model3,3pop,8,401,500,14,-0.0104903,0.00142689
Model3,3pop,8,501,600,12,0.0237099,0.0154695
Model3,3pop,8,601,700,11,-0.0128269,-0.00133519
Model3,3pop,8,701,800,15,0.0200695,0.0152237
Model3,3pop,8,801,900,12,0.000565451,0.00149528
Model3,3pop,8,901,1000,15,0.0754258,0.0587449
Model3,3pop,10,1,100,6,0.168121,0.113731
Model3,3pop,10,101,200,8,0.1067,0.0563622
Model3,3pop,10,201,300,8,0.19995,0.17366
Model3,3pop,10,301,400,4,0.166175,0.0737944
Model3,3pop,10,401,500,3,-0.00823045,-0.00506705
Model3,3pop,10,501,600,16,0.245719,0.142761
Model3,3pop,10,601,700,10,0.106529,0.0763076
Model3,3pop,10,701,800,11,0.20396,0.11452
Model3,3pop,10,801,900,5,0.0499195,0.0408945
Model3,3pop,10,901,1000,7,0.248417,0.139678
Model3,3pop,10,1,100,7,0.062688,0.0500644
Model3,3pop,10,101,200,14,0.0913317,0.0801793
Model3,3pop,10,201,300,9,0.0601518,0.0509455
Model3,3pop,10,301,400,11,0.0458692,0.0339135
Model3,3pop,10,401,500,12,0.0669921,0.0643683
Model3,3pop,10,501,600,11,0.119308,0.114104
Model3,3pop,10,601,700,14,0.119555,0.0944234
Model3,3pop,10,701,800,18,-0.0152967,0.00209226
Model3,3pop,10,801,900,9,-0.0102633,0.00411498
Model3,3pop,10,901,1000,10,0.0274715,0.011499
Model3,3pop,13,1,100,11,0.142128,0.0878883
Model3,3pop,13,101,200,9,0.0767386,0.0505697
Model3,3pop,13,201,300,8,0.259259,0.146534
Model3,3pop,13,301,400,8,0.141947,0.0669734
Model3,3pop,13,401,500,12,0.140592,0.0745016
Model3,3pop,13,501,600,5,0.0750916,0.0452381
Model3,3pop,13,601,700,9,0.276637,0.113471
Model3,3pop,13,701,800,9,0.258457,0.0915393
Model3,3pop,13,801,900,7,0.367783,0.250274
Model3,3pop,13,901,1000,5,0.339255,0.143761
Model3,3pop,2,1,100,12,0.375521,0.17132
Model3,3pop,2,101,200,12,0.281537,0.132088
Model3,3pop,2,201,300,9,0.361468,0.239422
Model3,3pop,2,301,400,12,0.462327,0.307112
Model3,3pop,2,401,500,15,0.383637,0.282402
Model3,3pop,2,501,600,12,0.414125,0.294224
Model3,3pop,2,601,700,2,0.466146,0.4375
Model3,3pop,2,701,800,18,0.389865,0.171136
Model3,3pop,2,801,900,12,0.42706,0.24894
Model3,3pop,2,901,1000,14,0.386435,0.168829
Model3,3pop,6,1,100,16,0.222429,0.113767
Model3,3pop,6,101,200,6,0.299881,0.156352
Model3,3pop,6,201,300,19,0.224159,0.136124
Model3,3pop,6,301,400,7,0.358372,0.131038
Model3,3pop,6,401,500,12,0.0520591,0.0319022
Model3,3pop,6,501,600,5,0.366925,0.173108
Model3,3pop,6,601,700,8,0.282626,0.134609
Model3,3pop,6,701,800,7,0.176064,0.0946779
Model3,3pop,6,801,900,5,0.240341,0.111969
Model3,3pop,6,901,1000,11,0.16182,0.0639023
Model3,3pop,9,1,100,10,0.0822591,0.0419698
Model3,3pop,9,101,200,6,0.295465,0.13964
Model3,3pop,9,201,300,10,0.210817,0.0869034
Model3,3pop,9,301,400,11,0.209209,0.113553
Model3,3pop,9,401,500,9,0.241471,0.121507
Model3,3pop,9,501,600,8,0.215546,0.105228
Model3,3pop,9,601,700,6,0.0617284,0.0231481
Model3,3pop,9,701,800,9,0.263924,0.118589
Model3,3pop,9,801,900,8,0.377422,0.281114
Model3,3pop,9,901,1000,7,0.188659,0.109872
Model3,3pop,15,1,100,14,0.28626,0.202779
Model3,3pop,15,101,200,18,0.312139,0.193592
Model3,3pop,15,201,300,8,0.279396,0.177954
Model3,3pop,15,301,400,14,0.279559,0.12052
Model3,3pop,15,401,500,11,0.213373,0.127965
Model3,3pop,15,501,600,8,0.0823212,0.0323389
Model3,3pop,15,601,700,17,0.261675,0.136335
Model3,3pop,15,701,800,15,0.269318,0.121276
Model3,3pop,15,801,900,13,0.334349,0.218428
Model3,3pop,15,901,1000,10,0.305652,0.149083
Model3,3pop,4,1,100,8,0.0981985,0.0544768
Model3,3pop,4,101,200,14,0.112634,0.0808025
Model3,3pop,4,201,300,15,0.125217,0.104621
Model3,3pop,4,301,400,14,0.122486,0.0993534
Model3,3pop,4,401,500,14,0.103267,0.0779267
Model3,3pop,4,501,600,9,0.0981071,0.0551528
Model3,3pop,4,601,700,18,0.0865295,0.066712
Model3,3pop,4,701,800,9,0.0999362,0.07896
Model3,3pop,4,801,900,15,0.0865594,0.0606954
Model3,3pop,4,901,1000,18,0.135376,0.109761
Model3,3pop,11,1,100,5,0.0583099,0.0720698
Model3,3pop,11,101,200,8,0.0888889,0.0911087
Model3,3pop,11,201,300,11,0.0762734,0.0659603
Model3,3pop,11,301,400,7,0.033687,0.0538588
Model3,3pop,11,401,500,5,0.0722143,0.080698
Model3,3pop,11,501,600,15,0.142235,0.127815
Model3,3pop,11,601,700,12,0.0488889,0.0403216
Model3,3pop,11,701,800,3,0.0733907,0.112225
Model3,3pop,11,801,900,7,0.0951771,0.0708397
Model3,3pop,11,901,1000,8,0.154865,0.11226
Model3,3pop,12,1,100,9,0.167983,0.162361
Model3,3pop,12,101,200,12,0.237473,0.103902
Model3,3pop,12,201,300,13,0.236952,0.148778
Model3,3pop,12,301,400,8,0.415911,0.273499
Model3,3pop,12,401,500,3,0.390142,0.270255
Model3,3pop,12,501,600,5,0.135207,0.156642
Model3,3pop,12,601,700,6,0.213399,0.143831
Model3,3pop,12,701,800,6,0.171456,0.111312
Model3,3pop,12,801,900,11,0.172175,0.0763255
Model3,3pop,12,901,1000,12,0.175705,0.101301
Model3,3pop,3,1,100,19,0.12476,0.112013
Model3,3pop,3,101,200,9,0.0797737,0.0749693
Model3,3pop,3,201,300,15,0.0758853,0.0690663
Model3,3pop,3,301,400,23,0.0874742,0.0782634
Model3,3pop,3,401,500,15,0.080683,0.0689445
Model3,3pop,3,501,600,16,0.105339,0.0921185
Model3,3pop,3,601,700,13,0.10871,0.0850251
Model3,3pop,3,701,800,16,0.0757196,0.0699036
Model3,3pop,3,801,900,13,0.0403166,0.0457524
Model3,3pop,3,901,1000,10,0.0864743,0.077567
Model3,3pop,5,1,100,8,0.39602,0.199713
Model3,3pop,5,101,200,9,0.399586,0.222151
Model3,3pop,5,201,300,5,0.420677,0.384268
Model3,3pop,5,301,400,13,0.339116,0.173219
Model3,3pop,5,401,500,14,0.449974,0.2762
Model3,3pop,5,501,600,11,0.414968,0.337017
Model3,3pop,5,601,700,13,0.381238,0.225273
Model3,3pop,5,701,800,7,0.378921,0.24029
Model3,3pop,5,801,900,9,0.394181,0.225475
Model3,3pop,5,901,1000,12,0.400519,0.293532
Model3,3pop,5,1,100,12,0.0751037,0.0635856
Model3,3pop,5,101,200,9,0.00375299,0.00221742
Model3,3pop,5,201,300,6,0.0437891,0.041455
Model3,3pop,5,301,400,7,0.047619,0.0303747
Model3,3pop,5,401,500,5,0.0233918,0.015873
Model3,3pop,5,501,600,6,0.00226757,-0.001147
Model3,3pop,5,601,700,8,0.0813648,0.0553351
Model3,3pop,5,701,800,8,0.00580237,0.00921251
Model3,3pop,5,801,900,12,0.0285152,0.0342749
Model3,3pop,5,901,1000,9,0.0619765,0.0502161
Model3,3pop,1,1,100,13,0.493412,0.286722
Model3,3pop,1,101,200,9,0.369665,0.213722
Model3,3pop,1,201,300,14,0.219011,0.106081
Model3,3pop,1,301,400,13,0.345872,0.253444
Model3,3pop,1,401,500,12,0.354021,0.170835
Model3,3pop,1,501,600,16,0.310929,0.12491
Model3,3pop,1,601,700,14,0.214138,0.116715
Model3,3pop,1,701,800,20,0.322938,0.170208
Model3,3pop,1,801,900,17,0.222579,0.14753
Model3,3pop,1,901,1000,17,0.336852,0.181853
Model3,3pop,4,1,100,9,0.0606725,0.0484524
Model3,3pop,4,101,200,9,0.0907274,0.0623662
Model3,3pop,4,201,300,8,0.0842637,0.0775855
Model3,3pop,4,301,400,11,0.0880418,0.0456451
Model3,3pop,4,401,500,12,0.0656036,0.0655295
Model3,3pop,4,501,600,10,0.0593678,0.0391796
Model3,3pop,4,601,700,15,0.0653818,0.0657394
Model3,3pop,4,701,800,12,0.0654022,0.0618601
Model3,3pop,4,801,900,13,0.0964497,0.0859922
Model3,3pop,4,901,1000,9,0.058416,0.0474126
Model3,3pop,4,1,100,13,0.223542,0.0932302
Model3,3pop,4,101,200,13,0.239506,0.119374
Model3,3pop,4,201,300,11,0.266131,0.183881
Model3,3pop,4,301,400,14,0.218708,0.135111
Model3,3pop,4,401,500,10,0.258311,0.165866
Model3,3pop,4,501,600,9,0.259591,0.221249
Model3,3pop,4,601,700,9,0.214005,0.116332
Model3,3pop,4,701,800,11,0.205799,0.118433
Model3,3pop,4,801,900,11,0.260079,0.206142
Model3,3pop,4,901,1000,16,0.174915,0.111968
Model3,3pop,2,1,100,15,0.146571,0.103759
Model3,3pop,2,101,200,15,0.0667784,0.0525956
Model3,3pop,2,201,300,9,0.0540265,0.0375435
Model3,3pop,2,301,400,15,0.0664615,0.0400821
Model3,3pop,2,401,500,14,0.0853831,0.0482138
Model3,3pop,2,501,600,12,0.0963237,0.0429168
Model3,3pop,2,601,700,18,0.15299,0.0809157
Model3,3pop,2,701,800,14,0.0748031,0.0578924
Model3,3pop,2,801,900,20,0.0880298,0.0577914
Model3,3pop,2,901,1000,17,0.0746474,0.0421862
Model3,3pop,5,1,100,17,0.135221,0.0773429
Model3,3pop,5,101,200,11,0.130542,0.0988229
Model3,3pop,5,201,300,12,0.151584,0.105191
Model3,3pop,5,301,400,18,0.17994,0.138045
Model3,3pop,5,401,500,16,0.198072,0.130016
Model3,3pop,5,501,600,17,0.205483,0.143513
Model3,3pop,5,601,700,13,0.0996436,0.0661322
Model3,3pop,5,701,800,18,0.178675,0.12617
Model3,3pop,5,801,900,8,0.203085,0.120849
Model3,3pop,5,901,1000,13,0.117472,0.0846909
Model3,3pop,13,1,100,6,0.337607,0.147651
Model3,3pop,13,101,200,6,0.0563166,0.0281339
Model3,3pop,13,201,300,7,0.15587,0.0965085
Model3,3pop,13,301,400,9,0.303955,0.165892
Model3,3pop,13,401,500,9,0.233641,0.108109
Model3,3pop,13,501,600,10,0.237288,0.0857229
Model3,3pop,13,601,700,14,0.299046,0.172213
Model3,3pop,13,701,800,8,0.26135,0.190266
Model3,3pop,13,801,900,7,0.248763,0.132568
Model3,3pop,13,901,1000,13,0.303852,0.157674
Model3,3pop,8,1,100,5,0.0980178,0.0917239
Model3,3pop,8,101,200,14,0.169828,0.094469
Model3,3pop,8,201,300,9,0.184977,0.134534
Model3,3pop,8,301,400,13,0.173127,0.096395
Model3,3pop,8,401,500,13,0.164795,0.12682
Model3,3pop,8,501,600,13,0.19366,0.189294
Model3,3pop,8,601,700,17,0.147519,0.120604
Model3,3pop,8,701,800,12,0.147419,0.0981822
Model3,3pop,8,801,900,11,0.0992554,0.040657
Model3,3pop,8,901,1000,13,0.111838,0.0781001
Model3,3pop,5,1,100,9,0.117548,0.0919951
Model3,3pop,5,101,200,5,0.0115777,0.00366932
Model3,3pop,5,201,300,13,0.154564,0.111401
Model3,3pop,5,301,400,14,0.103911,0.0723481
Model3,3pop,5,401,500,8,0.127864,0.0749247
Model3,3pop,5,501,600,11,0.204134,0.117623
Model3,3pop,5,601,700,12,0.166001,0.117545
Model3,3pop,5,701,800,10,0.210784,0.14244
Model3,3pop,5,801,900,11,0.150923,0.106589
Model3,3pop,5,901,1000,8,0.066816,0.0620068
Model3,3pop,5,1,100,9,0.0436446,0.0267205
Model3,3pop,5,101,200,8,-0.00608071,0.00264798
Model3,3pop,5,201,300,9,0.0443589,0.0092156
Model3,3pop,5,301,400,8,0.0232433,0.0473543
Model3,3pop,5,401,500,15,0.0331715,0.0267619
Model3,3pop,5,501,600,7,0.0388955,0.0430943
Model3,3pop,5,601,700,7,0.0442055,0.0376233
Model3,3pop,5,701,800,6,0.0380087,0.0113822
Model3,3pop,5,801,900,15,-0.0213244,0.00605129
Model3,3pop,5,901,1000,15,-0.000581734,0.011399
Model3,3pop,12,1,100,14,0.491972,0.368945
Model3,3pop,12,101,200,17,0.492615,0.343347
Model3,3pop,12,201,300,10,0.495154,0.301866
Model3,3pop,12,301,400,15,0.510771,0.316221
Model3,3pop,12,401,500,7,0.536203,0.464065
Model3,3pop,12,501,600,19,0.46048,0.226905
Model3,3pop,12,601,700,18,0.439142,0.233609
Model3,3pop,12,701,800,12,0.491961,0.229014
Model3,3pop,12,801,900,11,0.517991,0.340756
Model3,3pop,12,901,1000,14,0.523102,0.411824
Model3,3pop,8,1,100,10,0.0078329,0.0229052
Model3,3pop,8,101,200,11,0.00935052,0.0176844
Model3,3pop,8,201,300,8,-0.00610501,0.0104414
Model3,3pop,8,301,400,10,0.0103218,0.016065
Model3,3pop,8,401,500,7,0.0438247,0.0530268
Model3,3pop,8,501,600,3,0.0139809,0.00633967
Model3,3pop,8,601,700,9,-0.0194731,0.00420395
Model3,3pop,8,701,800,1,-1.07336e-16,-1.07336e-16
Model3,3pop,8,801,900,6,-0.0122578,0.00625301
Model3,3pop,8,901,1000,6,-0.00131752,0.0170917
Model3,3pop,6,1,100,8,0.234801,0.130768
Model3,3pop,6,101,200,9,0.0498084,0.0123457
Model3,3pop,6,201,300,7,0.111111,0.0653941
Model3,3pop,6,301,400,8,0.0964591,0.0538181
Model3,3pop,6,401,500,9,0.0267011,0.0127714
Model3,3pop,6,501,600,13,0.153632,0.0654139
Model3,3pop,6,601,700,13,0.0837283,0.0320149
Model3,3pop,6,701,800,12,0.0670312,0.0413078
Model3,3pop,6,801,900,11,0.183484,0.0663509
Model3,3pop,6,901,1000,13,0.173695,0.059262
Model3,3pop,3,1,100,10,0.167534,0.0810766
Model3,3pop,3,101,200,7,0.133297,0.0763435
Model3,3pop,3,201,300,4,0.158249,0.109104
Model3,3pop,3,301,400,6,-0.0176532,-0.0092091
Model3,3pop,3,401,500,10,0.168889,0.061169
Model3,3pop,3,501,600,13,0.144476,0.0811655
Model3,3pop,3,601,700,8,0.0978158,0.035939
Model3,3pop,3,701,800,8,0.0202343,0.0185147
Model3,3pop,3,801,900,9,0.15973,0.0594854
Model3,3pop,3,901,1000,6,0.15118,0.0731458
Model3,3pop,4,1,100,28,0.496276,0.365966
Model3,3pop,4,101,200,16,0.519734,0.401874
Model3,3pop,4,201,300,21,0.543428,0.454379
Model3,3pop,4,301,400,21,0.478265,0.30775
Model3,3pop,4,401,500,25,0.54211,0.456071
Model3,3pop,4,501,600,16,0.530817,0.416713
Model3,3pop,4,601,700,13,0.515492,0.414851
Model3,3pop,4,701,800,17,0.427698,0.235192
Model3,3pop,4,801,900,21,0.517313,0.414297
Model3,3pop,4,901,1000,21,0.492965,0.342599
Model3,3pop,8,1,100,12,0.205492,0.146708
Model3,3pop,8,101,200,10,0.150997,0.0689123
Model3,3pop,8,201,300,9,0.229025,0.123895
Model3,3pop,8,301,400,10,0.347099,0.169229
Model3,3pop,8,401,500,9,0.242787,0.174515
Model3,3pop,8,501,600,11,0.233639,0.155362
Model3,3pop,8,601,700,12,0.259259,0.144784
Model3,3pop,8,701,800,6,0.0944444,0.0810185
Model3,3pop,8,801,900,11,0.172638,0.132998
Model3,3pop,8,901,1000,12,0.224629,0.161958
Model3,3pop,10,1,100,7,0.243499,0.140978
Model3,3pop,10,101,200,15,0.320705,0.136509
Model3,3pop,10,201,300,19,0.234131,0.184486
Model3,3pop,10,301,400,16,0.185968,0.169232
Model3,3pop,10,401,500,12,0.173728,0.140763
Model3,3pop,10,501,600,10,0.191074,0.122786
Model3,3pop,10,601,700,10,0.14099,0.0879198
Model3,3pop,10,701,800,18,0.209006,0.140745
Model3,3pop,10,801,900,11,0.118612,0.0666557
Model3,3pop,10,901,1000,15,0.326221,0.245527
Model3,3pop,17,1,100,10,0.0249569,0.0189481
Model3,3pop,17,101,200,10,0.0388007,0.0412474
Model3,3pop,17,201,300,6,0.0080833,0.00599579
Model3,3pop,17,301,400,13,0.041868,0.0416055
Model3,3pop,17,401,500,11,0.0558085,0.0343102
Model3,3pop,17,501,600,10,0.0277778,0.031787
Model3,3pop,17,601,700,16,0.0257542,0.0295168
Model3,3pop,17,701,800,10,0.0740741,0.0733119
Model3,3pop,17,801,900,10,-0.00175384,0.000166613
Model3,3pop,17,901,1000,20,0.0116657,0.013253
Model3,3pop,10,1,100,10,0.474417,0.242474
Model3,3pop,10,101,200,11,0.484638,0.240384
Model3,3pop,10,201,300,14,0.466469,0.263124
Model3,3pop,10,301,400,9,0.380841,0.183992
Model3,3pop,10,401,500,8,0.192387,0.0782146
Model3,3pop,10,501,600,4,0.295963,0.17105
Model3,3pop,10,601,700,12,0.499149,0.318873
Model3,3pop,10,701,800,15,0.359579,0.162216
Model3,3pop,10,801,900,13,0.358443,0.168686
Model3,3pop,10,901,1000,11,0.281721,0.13545
Model3,3pop,18,1,100,9,0.0649452,0.0516094
Model3,3pop,18,101,200,9,0.0378007,0.0318873
Model3,3pop,18,201,300,7,0.0516503,0.0359127
Model3,3pop,18,301,400,13,0.0621616,0.0390234
Model3,3pop,18,401,500,7,0.0774339,0.0439495
Model3,3pop,18,501,600,12,0.0932968,0.0637083
Model3,3pop,18,601,700,11,0.0913306,0.0555152
Model3,3pop,18,701,800,5,0.0687699,0.053122
Model3,3pop,18,801,900,11,0.0896552,0.0677945
Model3,3pop,18,901,1000,10,0.0826537,0.0710654
Model3,3pop,3,1,100,8,0.375147,0.316099
Model3,3pop,3,101,200,13,0.330511,0.20624
Model3,3pop,3,201,300,14,0.344382,0.260086
Model3,3pop,3,301,400,10,0.368735,0.307816
Model3,3pop,3,401,500,11,0.363531,0.255993
Model3,3pop,3,501,600,16,0.371062,0.310385
Model3,3pop,3,601,700,13,0.305388,0.216455
Model3,3pop,3,701,800,18,0.350731,0.225348
Model3,3pop,3,801,900,17,0.380933,0.253991
Model3,3pop,3,901,1000,14,0.347982,0.301838
Model3,3pop,19,1,100,12,0.0929885,0.0527812
Model3,3pop,19,101,200,9,0.0259124,0.035444
Model3,3pop,19,201,300,14,0.109333,0.0606092
Model3,3pop,19,301,400,13,0.140119,0.083116
Model3,3pop,19,401,500,11,0.112583,0.0649295
Model3,3pop,19,501,600,10,0.106572,0.0582537
Model3,3pop,19,601,700,9,0.0911863,0.0591569
Model3,3pop,19,701,800,20,0.0699059,0.0446382
Model3,3pop,19,801,900,8,0.0632415,0.0401303
Model3,3pop,19,901,1000,13,0.043771,0.0474698
Model3,3pop,16,1,100,9,0.178864,0.0915227
Model3,3pop,16,101,200,9,0.250335,0.15254
Model3,3pop,16,201,300,10,0.152142,0.0899128
Model3,3pop,16,301,400,3,0.303056,0.143294
Model3,3pop,16,401,500,7,0.144416,0.0873855
Model3,3pop,16,501,600,11,0.171498,0.083164
Model3,3pop,16,601,700,5,0.185703,0.0790088
Model3,3pop,16,701,800,7,0.162291,0.0992942
Model3,3pop,16,801,900,13,0.156726,0.081945
Model3,3pop,16,901,1000,14,0.203882,0.140288
Model3,3pop,9,1,100,14,0.370882,0.263536
Model3,3pop,9,101,200,11,0.545085,0.454938
Model3,3pop,9,201,300,18,0.341128,0.249939
Model3,3pop,9,301,400,12,0.418298,0.307482
Model3,3pop,9,401,500,19,0.433822,0.283875
Model3,3pop,9,501,600,22,0.448514,0.352938
Model3,3pop,9,601,700,8,0.485963,0.372528
Model3,3pop,9,701,800,11,0.439177,0.329535
Model3,3pop,9,801,900,15,0.49673,0.334714
Model3,3pop,9,901,1000,12,0.386973,0.26686
Model3,3pop,0,1,100,8,0.11531,0.0778209
Model3,3pop,0,101,200,10,0.0575318,0.0549562
Model3,3pop,0,201,300,12,0.0472356,0.0453427
Model3,3pop,0,301,400,7,0.0868455,0.0758212
Model3,3pop,0,401,500,5,0.0320382,0.0430108
Model3,3pop,0,501,600,9,0.0121034,0.015854
Model3,3pop,0,601,700,6,0.0341723,0.0423483
Model3,3pop,0,701,800,7,0.0543301,0.0371583
Model3,3pop,0,801,900,6,0.0536544,0.0311906
Model3,3pop,0,901,1000,11,0.132225,0.099909
Model3,3pop,4,1,100,16,0.455457,0.286118
Model3,3pop,4,101,200,5,0.489933,0.226102
Model3,3pop,4,201,300,18,0.348286,0.145497
Model3,3pop,4,301,400,12,0.44818,0.26185
Model3,3pop,4,401,500,9,0.460698,0.355827
Model3,3pop,4,501,600,16,0.448544,0.21945
Model3,3pop,4,601,700,9,0.380541,0.256015
Model3,3pop,4,701,800,15,0.276069,0.140881
Model3,3pop,4,801,900,10,0.369591,0.24667
Model3,3pop,4,901,1000,11,0.515483,0.289067
Model3,3pop,9,1,100,18,0.234699,0.145549
Model3,3pop,9,101,200,14,0.362618,0.171796
Model3,3pop,9,201,300,10,0.313358,0.214187
Model3,3pop,9,301,400,11,0.21232,0.148333
Model3,3pop,9,401,500,10,0.211706,0.12128
Model3,3pop,9,501,600,11,0.27125,0.163647
Model3,3pop,9,601,700,10,0.362097,0.126852
Model3,3pop,9,701,800,9,0.388867,0.177571
Model3,3pop,9,801,900,18,0.337882,0.236051
Model3,3pop,9,901,1000,11,0.356761,0.191284
Model3,3pop,3,1,100,14,0.0185906,0.0169519
Model3,3pop,3,101,200,13,0.0271377,0.0332538
Model3,3pop,3,201,300,8,0.0131125,0.0146332
Model3,3pop,3,301,400,13,0.0373221,0.0251574
Model3,3pop,3,401,500,15,-0.0184076,-0.00679173
Model3,3pop,3,501,600,14,0.0133618,0.0247159
Model3,3pop,3,601,700,11,0.0809693,0.0523056
Model3,3pop,3,701,800,12,-0.00111758,0.0120147
Model3,3pop,3,801,900,12,0.0164955,0.0287235
Model3,3pop,3,901,1000,11,0.00929447,0.0267583
Model3,3pop,2,1,100,15,0.103726,0.0697836
Model3,3pop,2,101,200,12,0.0831541,0.0598599
Model3,3pop,2,201,300,10,0.0586718,0.0304194
Model3,3pop,2,301,400,12,0.0444241,0.0427371
Model3,3pop,2,401,500,8,0.0428212,0.0488697
Model3,3pop,2,501,600,16,0.0536105,0.0342189
Model3,3pop,2,601,700,7,0.149102,0.0783283
Model3,3pop,2,701,800,12,0.027214,0.0304682
Model3,3pop,2,801,900,9,0.0439061,0.0542505
Model3,3pop,2,901,1000,14,0.0188983,0.0378805
Model3,3pop,15,1,100,11,0.0995747,0.0762171
Model3,3pop,15,101,200,11,0.286538,0.177604
Model3,3pop,15,201,300,15,0.235142,0.151438
Model3,3pop,15,301,400,13,0.269127,0.185401
Model3,3pop,15,401,500,8,0.286932,0.213614
Model3,3pop,15,501,600,5,0.350462,0.220354
Model3,3pop,15,601,700,12,0.273356,0.144957
Model3,3pop,15,701,800,14,0.278569,0.181066
Model3,3pop,15,801,900,6,0.342771,0.239669
Model3,3pop,15,901,1000,6,0.262926,0.166653
Model3,3pop,14,1,100,12,0.448373,0.338173
Model3,3pop,14,101,200,15,0.386498,0.246746
Model3,3pop,14,201,300,18,0.389731,0.218307
Model3,3pop,14,301,400,17,0.350829,0.183149
Model3,3pop,14,401,500,13,0.301551,0.142203
Model3,3pop,14,501,600,23,0.445183,0.293864
Model3,3pop,14,601,700,18,0.35493,0.170905
Model3,3pop,14,701,800,21,0.349973,0.146647
Model3,3pop,14,801,900,15,0.451525,0.310159
Model3,3pop,14,901,1000,17,0.360537,0.186289
Model3,3pop,7,1,100,7,0.281167,0.0730101
Model3,3pop,7,101,200,8,0.309623,0.133115
Model3,3pop,7,201,300,10,0.0750751,0.0586898
Model3,3pop,7,301,400,5,0.238916,0.11505
Model3,3pop,7,401,500,7,0.0504161,0.0455143
Model3,3pop,7,501,600,6,0.0668824,0.0423455
Model3,3pop,7,601,700,5,0.0638991,0.0511905
Model3,3pop,7,701,800,13,0.0499793,0.0280725
Model3,3pop,7,801,900,4,0.360731,0.232864
Model3,3pop,7,901,1000,6,0.231951,0.109347
Model3,3pop,6,1,100,11,0.131944,0.0698855
Model3,3pop,6,101,200,16,0.13515,0.0820991
Model3,3pop,6,201,300,8,0.151168,0.0829855
Model3,3pop,6,301,400,9,0.123563,0.0570539
Model3,3pop,6,401,500,10,0.208626,0.0948718
Model3,3pop,6,501,600,11,0.214075,0.128122
Model3,3pop,6,601,700,10,0.133615,0.0766351
Model3,3pop,6,701,800,8,0.1794,0.136478
Model3,3pop,6,801,900,5,0.183886,0.130684
Model3,3pop,6,901,1000,7,0.185185,0.0788447
Model3,3pop,17,1,100,8,0.0839243,0.0239198
Model3,3pop,17,101,200,12,0.199357,0.0947003
Model3,3pop,17,201,300,11,0.227092,0.0928933
Model3,3pop,17,301,400,8,0.245843,0.107766
Model3,3pop,17,401,500,8,0.0679934,0.0326036
Model3,3pop,17,501,600,14,0.204037,0.0547838
Model3,3pop,17,601,700,9,0.216613,0.0908606
Model3,3pop,17,701,800,6,0.243986,0.103165
Model3,3pop,17,801,900,8,0.267523,0.0993631
Model3,3pop,17,901,1000,3,0.0630631,0.0268199
Model3,3pop,14,1,100,11,0.063409,0.0634837
Model3,3pop,14,101,200,21,0.0926187,0.0472397
Model3,3pop,14,201,300,18,0.0469292,0.0539925
Model3,3pop,14,301,400,7,0.0516219,0.0593877
Model3,3pop,14,401,500,13,0.0797846,0.0634546
Model3,3pop,14,501,600,8,0.110419,0.0707367
Model3,3pop,14,601,700,15,0.0495315,0.0544834
Model3,3pop,14,701,800,14,0.0831965,0.0630121
Model3,3pop,14,801,900,13,0.0925803,0.0785773
Model3,3pop,14,901,1000,14,0.0436321,0.0585161
Model3,3pop,13,1,100,17,0.0132228,0.0212825
Model3,3pop,13,101,200,18,0.020089,0.0171033
Model3,3pop,13,201,300,21,0.0215188,0.0248068
Model3,3pop,13,301,400,12,0.0105751,0.0160449
Model3,3pop,13,401,500,18,0.023353,0.0331477
Model3,3pop,13,501,600,12,0.0424571,0.0459254
Model3,3pop,13,601,700,26,0.0112791,0.0109321
Model3,3pop,13,701,800,16,0.0145211,0.0120512
Model3,3pop,13,801,900,14,0.0188974,0.0199914
Model3,3pop,13,901,1000,15,0.0285613,0.0368133
Model3,3pop,18,1,100,7,0.140409,0.0791541
Model3,3pop,18,101,200,9,0.0254842,0.00406972
Model3,3pop,18,201,300,9,0.216524,0.110178
Model3,3pop,18,301,400,7,0.136876,0.0969156
Model3,3pop,18,401,500,5,-0.00230795,0.00857947
Model3,3pop,18,501,600,7,0.00693273,0.01329
Model3,3pop,18,601,700,8,0.135464,0.09869
Model3,3pop,18,701,800,4,0.0448902,0.0495325
Model3,3pop,18,801,900,6,0.0829137,0.0468326
Model3,3pop,18,901,1000,7,0.122722,0.103154
Model3,3pop,2,1,100,8,0.277778,0.184783
Model3,3pop,2,101,200,14,0.373488,0.179552
Model3,3pop,2,201,300,8,0.283376,0.209505
Model3,3pop,2,301,400,8,0.42285,0.20562
Model3,3pop,2,401,500,5,0.290043,0.210628
Model3,3pop,2,501,600,9,0.393812,0.249745
Model3,3pop,2,601,700,9,0.263381,0.180781
Model3,3pop,2,701,800,11,0.248166,0.146248
Model3,3pop,2,801,900,10,0.340755,0.206748
Model3,3pop,2,901,1000,4,0.288889,0.157005
Model3,3pop,10,1,100,9,0.100828,0.0973054
Model3,3pop,10,101,200,13,0.219531,0.076311
Model3,3pop,10,201,300,4,0.17231,0.16021
Model3,3pop,10,301,400,11,0.319969,0.195436
Model3,3pop,10,401,500,6,0.148049,0.11991
Model3,3pop,10,501,600,12,0.130222,0.0877042
Model3,3pop,10,601,700,9,0.12037,0.0519245
Model3,3pop,10,701,800,12,0.147641,0.0969075
Model3,3pop,10,801,900,8,0.17734,0.101437
Model3,3pop,10,901,1000,9,0.0997942,0.0546737
Model3,3pop,11,1,100,6,0.157623,0.0918846
Model3,3pop,11,101,200,11,0.145872,0.0503401
Model3,3pop,11,201,300,6,0.2949,0.133146
Model3,3pop,11,301,400,13,0.216297,0.0798034
Model3,3pop,11,401,500,11,0.119215,0.0440967
Model3,3pop,11,501,600,10,0.244673,0.0841133
Model3,3pop,11,601,700,11,0.35409,0.164787
Model3,3pop,11,701,800,9,-0.0180797,-0.0117095
Model3,3pop,11,801,900,11,0.043726,0.0261359
Model3,3pop,11,901,1000,12,0.0948445,0.0260838
Model3,3pop,3,1,100,13,0.0992593,0.0672814
Model3,3pop,3,101,200,9,0.0523511,0.0323544
Model3,3pop,3,201,300,14,0.0887439,0.0702873
Model3,3pop,3,301,400,17,0.0538194,0.0393866
Model3,3pop,3,401,500,5,0.0135772,0.01866
Model3,3pop,3,501,600,6,0.113946,0.0590127
Model3,3pop,3,601,700,12,0.138473,0.0963024
Model3,3pop,3,701,800,14,0.0574588,0.042186
Model3,3pop,3,801,900,16,0.162762,0.0870971
Model3,3pop,3,901,1000,15,0.123562,0.0753215
Model3,3pop,15,1,100,10,0.217172,0.15309
Model3,3pop,15,101,200,16,0.100454,0.0520144
Model3,3pop,15,201,300,11,0.108839,0.0643071
Model3,3pop,15,301,400,13,0.224544,0.132146
Model3,3pop,15,401,500,12,0.208353,0.147071
Model3,3pop,15,501,600,8,0.111111,0.0666811
Model3,3pop,15,601,700,19,0.203295,0.128691
Model3,3pop,15,701,800,13,0.185016,0.113817
Model3,3pop,15,801,900,12,0.145635,0.0726211
Model3,3pop,15,901,1000,8,0.146555,0.0799381
Model3,3pop,12,1,100,9,0.272727,0.174122
Model3,3pop,12,101,200,17,0.22109,0.105796
Model3,3pop,12,201,300,7,0.229075,0.117073
Model3,3pop,12,301,400,17,0.213859,0.139798
Model3,3pop,12,401,500,12,0.189355,0.065044
Model3,3pop,12,501,600,8,0.251462,0.128411
Model3,3pop,12,601,700,15,0.272961,0.198053
Model3,3pop,12,701,800,8,0.236553,0.161974
Model3,3pop,12,801,900,8,0.138889,0.0680556
Model3,3pop,12,901,1000,10,0.178961,0.114843
Model3,3pop,3,1,100,19,0.16116,0.103476
Model3,3pop,3,101,200,9,0.117672,0.0833841
Model3,3pop,3,201,300,13,0.138443,0.0956025
Model3,3pop,3,301,400,12,0.161479,0.112759
Model3,3pop,3,401,500,9,0.161357,0.13234
Model3,3pop,3,501,600,13,0.150275,0.107509
Model3,3pop,3,601,700,9,0.14184,0.0962825
Model3,3pop,3,701,800,12,0.132837,0.0979858
Model3,3pop,3,801,900,9,0.187732,0.16596
Model3,3pop,3,901,1000,15,0.150617,0.0826637
Model3,3pop,16,1,100,14,0.187269,0.0815206
Model3,3pop,16,101,200,22,0.227167,0.13034
Model3,3pop,16,201,300,14,0.402312,0.228009
Model3,3pop,16,301,400,9,0.204015,0.0942592
Model3,3pop,16,401,500,18,0.299218,0.145028
Model3,3pop,16,501,600,21,0.248735,0.100474
Model3,3pop,16,601,700,9,0.348964,0.217496
Model3,3pop,16,701,800,9,0.126984,0.0895062
Model3,3pop,16,801,900,15,0.208644,0.0848813
Model3,3pop,16,901,1000,6,0.415997,0.272522
Model3,3pop,6,1,100,15,0.00759734,0.0077746
Model3,3pop,6,101,200,29,0.0506693,0.02256
Model3,3pop,6,201,300,19,0.0357541,0.0193251
Model3,3pop,6,301,400,21,0.0640294,0.0380782
Model3,3pop,6,401,500,13,0.141695,0.062394
Model3,3pop,6,501,600,22,0.124751,0.0440391
Model3,3pop,6,601,700,19,0.0333287,0.00876148
Model3,3pop,6,701,800,12,0.0433749,0.0223371
Model3,3pop,6,801,900,19,0.0867287,0.0467833
Model3,3pop,6,901,1000,17,0.054566,0.0119252
Model3,3pop,19,1,100,24,0.11608,0.0622711
Model3,3pop,19,101,200,13,0.0831222,0.0443888
Model3,3pop,19,201,300,8,0.145922,0.122674
Model3,3pop,19,301,400,12,0.132672,0.0655129
Model3,3pop,19,401,500,18,0.20097,0.114642
Model3,3pop,19,501,600,10,0.129817,0.0782217
Model3,3pop,19,601,700,12,0.128655,0.0747392
Model3,3pop,19,701,800,12,0.102457,0.0586458
Model3,3pop,19,801,900,14,0.0926531,0.0546406
Model3,3pop,19,901,1000,18,0.0854047,0.0418645
Model3,3pop,0,1,100,12,0.0620082,0.0294444
Model3,3pop,0,101,200,7,0.045977,0.0329158
Model3,3pop,0,201,300,10,0.023569,0.0116329
Model3,3pop,0,301,400,3,-0.0144281,-0.00970722
Model3,3pop,0,401,500,3,0.0500864,0.0508351
Model3,3pop,0,501,600,6,0.0163565,0.0118464
Model3,3pop,0,601,700,6,0.0929705,0.0476882
Model3,3pop,0,701,800,7,0.0021692,0.0197989
Model3,3pop,0,801,900,11,-0.0178117,1.44376e-05
Model3,3pop,0,901,1000,7,0.0198053,0.0157528
Model3,3pop,1,1,100,8,0.362832,0.191909
Model3,3pop,1,101,200,9,0.345489,0.115953
Model3,3pop,1,201,300,8,0.374854,0.232737
Model3,3pop,1,301,400,5,0.274461,0.177431
Model3,3pop,1,401,500,6,0.340342,0.102722
Model3,3pop,1,501,600,6,0.448566,0.301729
Model3,3pop,1,601,700,3,0.402516,0.268969
Model3,3pop,1,701,800,7,0.317048,0.181658
Model3,3pop,1,801,900,9,0.253206,0.169312
Model3,3pop,1,901,1000,10,0.290383,0.117901
Model3,3pop,9,1,100,14,0.347262,0.248666
Model3,3pop,9,101,200,7,0.442541,0.295855
Model3,3pop,9,201,300,10,0.256021,0.151691
Model3,3pop,9,301,400,18,0.384008,0.316848
Model3,3pop,9,401,500,11,0.359259,0.220492
Model3,3pop,9,501,600,11,0.384214,0.291319
Model3,3pop,9,601,700,9,0.386895,0.280136
Model3,3pop,9,701,800,12,0.398859,0.275012
Model3,3pop,9,801,900,16,0.426627,0.308998
Model3,3pop,9,901,1000,9,0.378889,0.283464
Model3,3pop,10,1,100,19,0.547109,0.354236
Model3,3pop,10,101,200,13,0.515816,0.332207
Model3,3pop,10,201,300,15,0.575561,0.452237
Model3,3pop,10,301,400,19,0.479221,0.359804
Model3,3pop,10,401,500,10,0.450737,0.221384
Model3,3pop,10,501,600,23,0.501165,0.321506
Model3,3pop,10,601,700,20,0.541345,0.332063
Model3,3pop,10,701,800,24,0.482057,0.273013
Model3,3pop,10,801,900,19,0.539993,0.420983
Model3,3pop,10,901,1000,17,0.53187,0.375697
Model3,3pop,14,1,100,9,0.395641,0.158171
Model3,3pop,14,101,200,5,0.0924956,0.0205491
Model3,3pop,14,201,300,4,0.317218,0.139026
Model3,3pop,14,301,400,9,0.231245,0.0849375
Model3,3pop,14,401,500,7,0.160647,0.0715108
Model3,3pop,14,501,600,10,0.117415,0.0619843
Model3,3pop,14,601,700,6,0.17831,0.107908
Model3,3pop,14,701,800,8,0.274031,0.192078
Model3,3pop,14,801,900,10,0.0726604,0.036306
Model3,3pop,14,901,1000,4,0.042735,0.0259972
Model3,3pop,1,1,100,15,0.0276639,0.0218765
Model3,3pop,1,101,200,19,0.0471391,0.041378
Model3,3pop,1,201,300,12,0.0239605,0.0151629
Model3,3pop,1,301,400,22,0.0238765,0.0188788
Model3,3pop,1,401,500,10,0.0174672,0.0261144
Model3,3pop,1,501,600,12,0.0165017,0.00865075
Model3,3pop,1,601,700,21,-0.00308642,-0.00214945
Model3,3pop,1,701,800,12,0.0188752,0.00679514
Model3,3pop,1,801,900,19,0.000595156,0.000129376
Model3,3pop,1,901,1000,16,0.0280105,0.024472
Model3,3pop,2,1,100,12,0.45583,0.321815
Model3,3pop,2,101,200,18,0.270191,0.162798
Model3,3pop,2,201,300,7,0.34236,0.169253
Model3,3pop,2,301,400,16,0.303312,0.186362
Model3,3pop,2,401,500,19,0.394836,0.292453
Model3,3pop,2,501,600,13,0.312995,0.185867
Model3,3pop,2,601,700,20,0.40777,0.256297
Model3,3pop,2,701,800,14,0.313262,0.220486
Model3,3pop,2,801,900,14,0.309553,0.1237
Model3,3pop,2,901,1000,14,0.405675,0.259183
Model3,3pop,12,1,100,5,0.313797,0.268186
Model3,3pop,12,101,200,5,0.170124,0.0903013
Model3,3pop,12,201,300,12,0.220757,0.102081
Model3,3pop,12,301,400,9,0.203281,0.127429
Model3,3pop,12,401,500,12,0.129399,0.0712492
Model3,3pop,12,501,600,6,0.270983,0.143574
Model3,3pop,12,601,700,5,0.256377,0.165599
Model3,3pop,12,701,800,8,0.220168,0.155508
Model3,3pop,12,801,900,12,0.24593,0.13961
Model3,3pop,12,901,1000,4,0.277778,0.10119
Model3,3pop,14,1,100,12,0.307013,0.243634
Model3,3pop,14,101,200,10,0.305082,0.208779
Model3,3pop,14,201,300,7,0.341564,0.110714
Model3,3pop,14,301,400,17,0.25115,0.122187
Model3,3pop,14,401,500,9,0.290711,0.237629
Model3,3pop,14,501,600,4,0.294804,0.276246
Model3,3pop,14,601,700,12,0.322986,0.20533
Model3,3pop,14,701,800,19,0.271906,0.198837
Model3,3pop,14,801,900,9,0.351592,0.265131
Model3,3pop,14,901,1000,10,0.249883,0.167567
Model3,3pop,0,1,100,11,0.233716,0.14903
Model3,3pop,0,101,200,7,0.240688,0.178546
Model3,3pop,0,201,300,13,0.199872,0.131095
Model3,3pop,0,301,400,10,0.205023,0.136928
Model3,3pop,0,401,500,5,0.226322,0.209871
Model3,3pop,0,501,600,10,0.186866,0.135356
Model3,3pop,0,601,700,7,0.173554,0.0978613
Model3,3pop,0,801,900,8,0.216011,0.0863198
Model3,3pop,0,901,1000,5,0.265162,0.23154
Model3,3pop,13,1,100,12,0.0522018,0.031646
Model3,3pop,13,101,200,15,0.0749235,0.0552677
Model3,3pop,13,201,300,6,0.0904139,0.0665261
Model3,3pop,13,301,400,14,0.0752019,0.0722354
Model3,3pop,13,401,500,8,0.0532997,0.0370527
Model3,3pop,13,501,600,4,0.202614,0.0916748
Model3,3pop,13,601,700,12,0.0627797,0.0447004
Model3,3pop,13,701,800,8,0.061767,0.052287
Model3,3pop,13,801,900,5,0.0742547,0.0671854
Model3,3pop,13,901,1000,9,0.0905817,0.0798514
Model3,3pop,1,1,100,14,0.223724,0.183776
Model3,3pop,1,101,200,17,0.16034,0.114486
Model3,3pop,1,201,300,16,0.209126,0.155671
Model3,3pop,1,301,400,17,0.197063,0.133914
Model3,3pop,1,401,500,13,0.24478,0.204669
Model3,3pop,1,501,600,12,0.211372,0.137532
Model3,3pop,1,601,700,14,0.228636,0.177442
Model3,3pop,1,701,800,13,0.196881,0.149996
Model3,3pop,1,801,900,14,0.203628,0.172316
Model3,3pop,1,901,1000,13,0.167011,0.128059
Model3,3pop,0,1,100,13,0.0915572,0.0499911
Model3,3pop,0,101,200,5,0.122618,0.0504796
Model3,3pop,0,201,300,7,0.0665539,0.0574032
Model3,3pop,0,301,400,8,0.138072,0.0776577
Model3,3pop,0,401,500,9,0.0871795,0.041265
Model3,3pop,0,501,600,6,0.101921,0.0519996
Model3,3pop,0,601,700,13,0.139675,0.0776867
Model3,3pop,0,701,800,6,0.132398,0.124862
Model3,3pop,0,801,900,12,0.114365,0.0667961
Model3,3pop,0,901,1000,9,0.128732,0.103734
Model3,3pop,19,1,100,3,0.122507,0.0869565
Model3,3pop,19,101,200,12,0.201646,0.0945474
Model3,3pop,19,201,300,12,0.111111,0.0755629
Model3,3pop,19,301,400,11,0.122807,0.108895
Model3,3pop,19,401,500,10,0.127107,0.0770877
Model3,3pop,19,501,600,11,0.241792,0.144142
Model3,3pop,19,601,700,7,0.125059,0.110561
Model3,3pop,19,701,800,7,0.209877,0.101407
Model3,3pop,19,801,900,13,0.0849673,0.053269
Model3,3pop,19,901,1000,11,0.175585,0.0922769
Model3,3pop,6,1,100,8,0.401558,0.259938
Model3,3pop,6,101,200,12,0.302499,0.115033
Model3,3pop,6,201,300,11,0.341029,0.220096
Model3,3pop,6,301,400,6,0.308427,0.120485
Model3,3pop,6,401,500,12,0.268461,0.101509
Model3,3pop,6,501,600,14,0.260449,0.131091
Model3,3pop,6,601,700,18,0.302569,0.131369
Model3,3pop,6,701,800,11,0.332217,0.192515
Model3,3pop,6,801,900,13,0.114453,0.0561875
Model3,3pop,6,901,1000,4,0.428212,0.344843
Model3,3pop,9,1,100,9,0.0384615,0.0212803
Model3,3pop,9,101,200,5,0.121362,0.109117
Model3,3pop,9,201,300,13,0.0945902,0.0600093
Model3,3pop,9,301,400,6,0.0686526,0.0650801
Model3,3pop,9,401,500,14,0.186727,0.129662
Model3,3pop,9,501,600,14,0.155879,0.0855715
Model3,3pop,9,601,700,10,0.0649666,0.0438157
Model3,3pop,9,701,800,9,0.0918659,0.0831353
Model3,3pop,9,801,900,9,0.101509,0.0800011
Model3,3pop,9,901,1000,7,0.141036,0.117371
Model3,3pop,6,1,100,11,0.136317,0.0913548
Model3,3pop,6,101,200,8,0.116964,0.110518
Model3,3pop,6,201,300,16,0.106451,0.0803405
Model3,3pop,6,301,400,11,0.116315,0.0990371
Model3,3pop,6,401,500,11,0.151035,0.142848
Model3,3pop,6,501,600,14,0.177069,0.107443
Model3,3pop,6,601,700,12,0.107478,0.0927244
Model3,3pop,6,701,800,10,0.0315607,0.0151262
Model3,3pop,6,801,900,11,0.0608726,0.0495287
Model3,3pop,6,901,1000,8,0.091201,0.064467
Model3,3pop,4,1,100,5,0.0765083,0.0764689
Model3,3pop,4,101,200,12,0.0462095,0.034655
Model3,3pop,4,201,300,6,0.0566496,0.0401309
Model3,3pop,4,301,400,19,0.05381,0.0371884
Model3,3pop,4,401,500,14,0.0693629,0.0487883
Model3,3pop,4,501,600,14,0.068741,0.0345313
Model3,3pop,4,601,700,6,0.116132,0.0762974
Model3,3pop,4,701,800,11,0.0747664,0.0792186
Model3,3pop,4,801,900,12,0.0691358,0.0543214
Model3,3pop,4,901,1000,10,0.0668446,0.0633457
Model3,3pop,7,1,100,9,0.00755124,0.00519208
Model3,3pop,7,101,200,14,0.0702479,0.0331955
Model3,3pop,7,201,300,16,0.0415519,0.0158018
Model3,3pop,7,301,400,10,0.0630182,0.0116959
Model3,3pop,7,401,500,10,0.154071,0.0715178
Model3,3pop,7,501,600,14,0.219389,0.0865545
Model3,3pop,7,601,700,12,0.0526654,0.015166
Model3,3pop,7,701,800,12,0.311273,0.0760973
Model3,3pop,7,801,900,10,0.0778228,0.0456642
Model3,3pop,7,901,1000,9,0.0405447,0.0123141
Model3,3pop,18,1,100,11,0.496737,0.306684
Model3,3pop,18,101,200,12,0.509233,0.383556
Model3,3pop,18,201,300,14,0.486608,0.212863
Model3,3pop,18,301,400,14,0.491817,0.282547
Model3,3pop,18,401,500,11,0.505854,0.303878
Model3,3pop,18,501,600,15,0.479957,0.243799
Model3,3pop,18,601,700,11,0.529969,0.301804
Model3,3pop,18,701,800,13,0.530585,0.353694
Model3,3pop,18,801,900,11,0.505147,0.316024
Model3,3pop,18,901,1000,10,0.387864,0.189409
Model3,3pop,17,1,100,6,0.157546,0.0917277
Model3,3pop,17,101,200,9,0.159002,0.116685
Model3,3pop,17,201,300,6,0.0576887,0.0437284
Model3,3pop,17,301,400,11,0.0904295,0.0483793
Model3,3pop,17,401,500,7,0.136012,0.0900455
Model3,3pop,17,501,600,10,0.150379,0.100232
Model3,3pop,17,601,700,7,0.136862,0.0951058
Model3,3pop,17,701,800,5,0.106644,0.0393162
Model3,3pop,17,801,900,11,0.158506,0.0693212
Model3,3pop,17,901,1000,9,0.136442,0.106176
Model3,3pop,3,1,100,7,0.0643275,0.0396349
Model3,3pop,3,101,200,12,0.0416829,0.0297696
Model3,3pop,3,201,300,9,0.0489524,0.0389073
Model3,3pop,3,301,400,13,0.0437858,0.0445778
Model3,3pop,3,401,500,15,0.103481,0.0683067
Model3,3pop,3,501,600,11,0.0352432,0.0318784
Model3,3pop,3,601,700,11,0.0555736,0.0444693
Model3,3pop,3,701,800,11,0.0656349,0.0541966
Model3,3pop,3,801,900,12,0.0720232,0.0457127
Model3,3pop,3,901,1000,11,0.0262772,0.0332701
Model3,3pop,15,1,100,8,0.106663,0.0952759
Model3,3pop,15,101,200,10,0.0926074,0.0646528
Model3,3pop,15,201,300,13,0.0704712,0.0655769
Model3,3pop,15,301,400,8,0.0236928,0.0200418
Model3,3pop,15,401,500,19,0.0520518,0.0325169
Model3,3pop,15,501,600,15,0.105354,0.07557
Model3,3pop,15,601,700,8,0.151127,0.0842687
Model3,3pop,15,701,800,10,0.154198,0.101142
Model3,3pop,15,801,900,5,0.0689216,0.0713999
Model3,3pop,15,901,1000,7,0.0334572,0.0257309
Model3,3pop,17,1,100,13,0.146836,0.103658
Model3,3pop,17,101,200,10,0.102132,0.0526977
Model3,3pop,17,201,300,5,0.20354,0.0545446
Model3,3pop,17,301,400,8,0.0860916,0.0771392
Model3,3pop,17,401,500,9,0.0722373,0.064151
Model3,3pop,17,501,600,12,0.15015,0.111737
Model3,3pop,17,601,700,10,0.190747,0.113373
Model3,3pop,17,701,800,10,0.149923,0.124104
Model3,3pop,17,801,900,9,0.138836,0.103518
Model3,3pop,17,901,1000,10,0.0909091,0.0627842
Model3,3pop,5,1,100,11,0.200829,0.0998694
Model3,3pop,5,101,200,10,0.278368,0.13158
Model3,3pop,5,201,300,9,0.133449,0.0715075
Model3,3pop,5,301,400,7,0.00682806,0.0042735
Model3,3pop,5,401,500,6,0.318961,0.164724
Model3,3pop,5,501,600,10,0.267437,0.178629
Model3,3pop,5,601,700,8,0.134845,0.0510252
Model3,3pop,5,701,800,10,0.138801,0.0968359
Model3,3pop,5,801,900,3,0.19706,0.0824754
Model3,3pop,5,901,1000,6,0.144712,0.0958923
Model3,3pop,15,1,100,4,0.0213392,0.0171395
Model3,3pop,15,101,200,6,0.115001,0.0800091
Model3,3pop,15,201,300,2,0.163803,0.149254
Model3,3pop,15,301,400,5,0.0672154,0.0245451
Model3,3pop,15,401,500,9,0.127251,0.0824205
Model3,3pop,15,501,600,6,0.015873,0.0148562
Model3,3pop,15,601,700,9,0.133615,0.0574085
Model3,3pop,15,701,800,6,0.135971,0.0700193
Model3,3pop,15,801,900,6,0.0306356,0.01481
Model3,3pop,15,901,1000,9,0.11892,0.0642357
Model3,3pop,15,1,100,14,0.220779,0.164416
Model3,3pop,15,101,200,13,0.207872,0.0991299
Model3,3pop,15,201,300,20,0.228391,0.188984
Model3,3pop,15,301,400,10,0.172458,0.0985614
Model3,3pop,15,401,500,14,0.226509,0.168526
Model3,3pop,15,501,600,14,0.254658,0.171518
Model3,3pop,15,601,700,14,0.258929,0.169993
Model3,3pop,15,701,800,15,0.212436,0.11767
Model3,3pop,15,801,900,8,0.228798,0.11707
Model3,3pop,15,901,1000,8,0.206263,0.182621
Model3,3pop,11,1,100,15,0.0584795,0.0525497
Model3,3pop,11,101,200,13,0.0550668,0.0496623
Model3,3pop,11,201,300,14,0.0567901,0.0664021
Model3,3pop,11,301,400,10,0.119497,0.0803525
Model3,3pop,11,401,500,13,0.0652286,0.0626127
Model3,3pop,11,501,600,10,0.0313733,0.0313957
Model3,3pop,11,601,700,7,0.213799,0.093802
Model3,3pop,11,701,800,8,0.200145,0.091336
Model3,3pop,11,801,900,10,0.0793651,0.0611111
Model3,3pop,11,901,1000,8,0.115412,0.071453
Model3,3pop,7,1,100,19,0.547109,0.354236
Model3,3pop,7,101,200,13,0.515816,0.332207
Model3,3pop,7,201,300,15,0.575561,0.452237
Model3,3pop,7,301,400,19,0.479221,0.359804
Model3,3pop,7,401,500,10,0.450737,0.221384
Model3,3pop,7,501,600,23,0.501165,0.321506
Model3,3pop,7,601,700,20,0.541345,0.332063
Model3,3pop,7,701,800,24,0.482057,0.273013
Model3,3pop,7,801,900,19,0.539993,0.420983
Model3,3pop,7,901,1000,17,0.53187,0.375697
Model3,3pop,13,1,100,7,0.176424,0.130321
Model3,3pop,13,101,200,10,0.121721,0.10234
Model3,3pop,13,201,300,7,0.148506,0.130354
Model3,3pop,13,301,400,5,0.174917,0.0500281
Model3,3pop,13,401,500,15,0.175065,0.131795
Model3,3pop,13,501,600,10,0.167707,0.0899467
Model3,3pop,13,601,700,8,0.0550253,0.0220356
Model3,3pop,13,701,800,14,0.151623,0.0966369
Model3,3pop,13,801,900,12,0.210217,0.135845
Model3,3pop,13,901,1000,10,0.102848,0.0361883
Model3,3pop,16,1,100,12,0.0873473,0.0739382
Model3,3pop,16,101,200,12,0.0750903,0.0684701
Model3,3pop,16,201,300,8,0.147279,0.112326
Model3,3pop,16,301,400,15,0.139757,0.0979552
Model3,3pop,16,401,500,14,0.167432,0.132001
Model3,3pop,16,501,600,19,0.142491,0.0982398
Model3,3pop,16,601,700,12,0.103958,0.091945
Model3,3pop,16,701,800,13,0.166041,0.132555
Model3,3pop,16,801,900,21,0.157328,0.13382
Model3,3pop,16,901,1000,16,0.120181,0.105957
Model3,3pop,8,1,100,9,0.156722,0.0393944
Model3,3pop,8,101,200,7,0.331723,0.101551
Model3,3pop,8,201,300,9,0.370929,0.237245
Model3,3pop,8,301,400,8,0.467612,0.437542
Model3,3pop,8,401,500,5,0.492877,0.124014
Model3,3pop,8,501,600,10,0.387677,0.126078
Model3,3pop,8,601,700,10,0.297189,0.092115
Model3,3pop,8,701,800,9,0.367232,0.0997611
Model3,3pop,8,801,900,15,0.341749,0.182461
Model3,3pop,8,901,1000,4,0.274936,0.15175
