CHROM,BIN_START,BIN_END,N_VARIANTS,WEIGHTED_FST,MEAN_FST
1,1,100,12,0.276644,0.235802
1,101,200,10,0.251572,0.153086
1,201,300,10,0.224895,0.161691
1,301,400,11,0.280556,0.214422
1,401,500,14,0.297019,0.23733
1,501,600,14,0.320367,0.243709
1,601,700,14,0.251389,0.173545
1,701,800,6,0.350877,0.247222
1,801,900,11,0.323553,0.250649
1,901,1000,14,0.352236,0.244319
5,1,100,11,0.375766,0.11951
5,101,200,5,0.519967,0.42338
5,201,300,7,0.0,0.0
5,301,400,15,0.251367,0.127153
5,401,500,4,0.468599,0.251984
5,501,600,14,0.271963,0.111595
5,601,700,10,0.321205,0.180456
5,701,800,8,0.496124,0.242846
5,801,900,8,0.557713,0.261815
5,901,1000,18,0.374769,0.164685
7,1,100,10,0.196056,0.124179
7,101,200,6,0.117305,0.112918
7,201,300,8,0.0981057,0.0886226
7,301,400,11,0.0202858,0.0259804
7,401,500,10,0.0394089,0.0476965
7,501,600,6,0.160693,0.107057
7,601,700,8,0.177065,0.0668011
7,701,800,11,0.0988836,0.0611944
7,801,900,13,0.0811486,0.0582764
7,901,1000,13,0.119658,0.0699041
9,1,100,11,0.303483,0.243747
9,101,200,16,0.287397,0.231677
9,201,300,15,0.153289,0.132747
9,301,400,21,0.219219,0.179076
9,401,500,15,0.315501,0.237654
9,501,600,13,0.218501,0.202117
9,601,700,19,0.289773,0.220266
9,701,800,14,0.192708,0.167749
9,801,900,15,0.200758,0.193771
9,901,1000,16,0.238482,0.218422
3,1,100,14,0.264922,0.194173
3,101,200,10,0.266857,0.156762
3,201,300,19,0.216175,0.17466
3,301,400,12,0.223429,0.206067
3,401,500,14,0.218574,0.142267
3,501,600,16,0.257741,0.161125
3,601,700,20,0.266229,0.228865
3,701,800,11,0.251405,0.136746
3,801,900,19,0.235714,0.169338
3,901,1000,13,0.239709,0.18376
15,1,100,11,0.201659,0.140927
15,101,200,10,0.0426759,0.0348597
15,201,300,3,0.264957,0.276955
15,301,400,10,0.271512,0.190001
15,401,500,12,0.0688941,0.0579966
15,501,600,5,0.175627,0.119809
15,601,700,12,0.0587836,0.0382028
15,701,800,8,0.143389,0.0932677
15,801,900,12,0.137504,0.0986821
15,901,1000,12,0.147898,0.11994
16,1,100,5,0.212121,0.0666667
16,101,200,7,0.166667,0.0798
16,201,300,5,0.14787,0.0669711
16,301,400,9,0.0237099,0.00949668
16,401,500,9,0.222222,0.108979
16,501,600,14,0.307979,0.199884
16,601,700,10,0.237414,0.11505
16,701,800,15,0.139854,0.0633021
16,801,900,9,0.215941,0.160814
16,901,1000,8,0.240635,0.17469
16,1,100,16,0.43654,0.237779
16,101,200,9,0.625323,0.379807
16,201,300,7,0.475891,0.297442
16,301,400,9,0.467465,0.304595
16,401,500,14,0.509494,0.397565
16,501,600,14,0.532206,0.412958
16,601,700,9,0.593074,0.397805
16,701,800,13,0.653096,0.45698
16,801,900,12,0.502013,0.278965
16,901,1000,9,0.421338,0.257737
8,1,100,11,0.0358263,0.0475184
8,101,200,7,0.00373932,0.0135802
8,201,300,9,0.0232201,0.0314786
8,301,400,4,0.0808081,0.10463
8,401,500,8,0.0582404,0.0142544
8,501,600,15,0.088729,0.0812101
8,601,700,12,0.0513152,0.0535059
8,701,800,14,0.0553574,0.045964
8,801,900,8,0.028159,0.0416688
8,901,1000,16,0.019019,0.0294486
19,1,100,18,0.0395325,0.0305684
19,101,200,13,0.0769401,0.0796025
19,201,300,8,0.0864528,0.102852
19,301,400,11,0.040404,0.0412937
19,401,500,14,0.0595753,0.0608519
19,501,600,17,0.0707071,0.0560066
19,601,700,15,0.0835361,0.0654518
19,701,800,13,0.0409645,0.0343125
19,801,900,20,0.0493959,0.0492387
19,901,1000,12,0.0562092,0.0469442
9,1,100,11,0.108932,0.0857421
9,101,200,7,0.251391,0.19475
9,201,300,5,0.100529,0.0799743
9,301,400,9,0.0766823,0.0676768
9,401,500,10,0.0901038,0.0770351
9,501,600,11,0.0486891,0.0310302
9,601,700,7,0.0536013,0.0585859
9,701,800,9,0.0740741,0.037037
9,801,900,10,0.0728354,0.0843434
9,901,1000,7,0.182099,0.157143
3,1,100,16,0.284837,0.186662
3,101,200,23,0.288596,0.151599
3,201,300,19,0.313079,0.233315
3,301,400,16,0.314465,0.243479
3,401,500,15,0.290904,0.193527
3,501,600,21,0.309267,0.197338
3,601,700,19,0.325717,0.284014
3,701,800,13,0.328439,0.294153
3,801,900,21,0.31083,0.228907
3,901,1000,20,0.317203,0.208585
19,1,100,23,0.170082,0.140237
19,101,200,13,0.1513,0.163604
19,201,300,19,0.147067,0.138854
19,301,400,16,0.221528,0.205903
19,401,500,10,0.153345,0.151176
19,501,600,24,0.145907,0.139103
19,601,700,23,0.16131,0.133367
19,701,800,10,0.225865,0.18127
19,801,900,15,0.184719,0.171659
19,901,1000,17,0.137359,0.11725
16,1,100,12,0.119446,0.102125
16,101,200,12,0.0754458,0.0539241
16,201,300,15,0.16072,0.119513
16,301,400,11,0.170555,0.11273
16,401,500,11,0.165762,0.108061
16,501,600,10,0.197208,0.117728
16,601,700,8,0.137836,0.10835
16,701,800,8,0.150702,0.122689
16,801,900,14,0.172717,0.137292
16,901,1000,5,0.18829,0.163701
15,1,100,15,0.490501,0.408535
15,101,200,17,0.436321,0.396137
15,201,300,23,0.405984,0.315054
15,301,400,16,0.394042,0.267792
15,401,500,21,0.455782,0.40759
15,501,600,11,0.440613,0.360144
15,601,700,18,0.436204,0.319316
15,701,800,20,0.451821,0.323261
15,801,900,22,0.459126,0.387548
15,901,1000,18,0.486373,0.418621
14,1,100,11,0.1,0.0579606
14,101,200,5,0.0949821,0.0520833
14,201,300,11,0.288066,0.140562
14,301,400,9,0.322638,0.13983
14,401,500,16,0.293939,0.105434
14,501,600,13,0.27234,0.116299
14,601,700,13,0.308365,0.116818
14,701,800,14,0.2207,0.0758377
14,801,900,13,0.363352,0.15784
14,901,1000,10,0.202059,0.0752294
15,1,100,13,0.249364,0.179841
15,101,200,11,0.171645,0.125022
15,201,300,10,0.219048,0.134127
15,301,400,13,0.195748,0.12374
15,401,500,9,0.412963,0.237641
15,501,600,14,0.201283,0.135
15,601,700,18,0.236715,0.138788
15,701,800,12,0.197626,0.134691
15,801,900,15,0.160588,0.0850838
15,901,1000,14,0.197336,0.143315
11,1,100,8,0.179781,0.0987604
11,101,200,14,0.217172,0.165668
11,201,300,17,0.112549,0.066641
11,301,400,13,0.165988,0.126611
11,401,500,9,0.152915,0.127474
11,501,600,15,0.195223,0.18241
11,601,700,19,0.147976,0.101305
11,701,800,18,0.156451,0.134559
11,801,900,20,0.164867,0.135255
11,901,1000,16,0.19708,0.157376
19,1,100,9,0.317357,0.146157
19,101,200,12,0.403466,0.250424
19,201,300,6,0.29513,0.18564
19,301,400,12,0.248426,0.143939
19,401,500,8,0.268707,0.167204
19,501,600,5,0.451303,0.244781
19,601,700,9,0.166667,0.112367
19,701,800,9,0.289797,0.17713
19,801,900,9,0.368723,0.262688
19,901,1000,11,0.354088,0.207321
9,1,100,7,-0.00755124,0.00107789
9,101,200,10,0.00980392,0.0168254
9,201,300,7,-0.0459259,-0.0346183
9,301,400,16,0.124206,0.0647568
9,401,500,5,0.0432099,0.034127
9,501,600,5,0.0925926,0.0531746
9,601,700,7,0.113757,0.0745929
9,701,800,10,0.0197429,0.0224691
9,801,900,2,-0.0185185,0.010101
9,901,1000,10,0.158305,0.122955
11,1,100,17,0.329682,0.237473
11,101,200,20,0.323168,0.207426
11,201,300,18,0.34742,0.271076
11,301,400,18,0.293999,0.21194
11,401,500,19,0.343466,0.264263
11,501,600,27,0.328003,0.273442
11,601,700,22,0.319313,0.249085
11,701,800,13,0.381219,0.290148
11,801,900,15,0.389917,0.288835
11,901,1000,17,0.341004,0.255443
7,1,100,10,0.310537,0.256801
7,101,200,10,0.249322,0.158095
7,201,300,11,0.272331,0.193362
7,301,400,6,0.237654,0.174339
7,401,500,10,0.28,0.212698
7,501,600,7,0.286111,0.247014
7,601,700,9,0.344444,0.288933
7,701,800,7,0.194687,0.161743
7,801,900,5,0.278593,0.239423
7,901,1000,9,0.390006,0.34154
1,1,100,8,0.159808,0.13707
1,101,200,12,0.26452,0.0762219
1,201,300,5,0.0670417,0.071384
1,301,400,3,0.171717,0.148148
1,401,500,3,0.196581,0.185185
1,501,600,8,0.113119,0.0784261
1,601,700,11,0.185999,0.128448
1,701,800,6,0.183849,0.124799
1,801,900,6,0.163399,0.0941358
1,901,1000,7,0.116049,0.0880644
9,1,100,12,0.0117521,0.022192
9,101,200,26,0.0351852,0.0320542
9,201,300,14,0.00615148,0.0213509
9,301,400,11,-0.00207684,0.0105402
9,401,500,12,0.00562041,0.0161203
9,501,600,14,-0.0243493,-0.00892857
9,601,700,13,-0.00948509,0.00160256
9,701,800,12,0.0208333,0.0243056
9,801,900,13,0.0330789,0.0290975
9,901,1000,13,0.056178,0.0398874
17,1,100,21,0.0396024,0.0433163
17,101,200,17,0.027307,0.0292735
17,201,300,13,0.0959777,0.0556005
17,301,400,9,0.0417024,0.0455548
17,401,500,11,0.0363557,0.0202801
17,501,600,15,0.047619,0.0401119
17,601,700,18,0.0584446,0.0451347
17,701,800,20,0.045784,0.05093
17,801,900,11,0.0607735,0.0656566
17,901,1000,13,0.0700351,0.055781
19,1,100,11,0.152709,0.0901804
19,101,200,12,0.150188,0.0882099
19,201,300,12,0.0355556,0.027337
19,301,400,10,0.152714,0.095209
19,401,500,15,0.140796,0.102267
19,501,600,15,0.182683,0.106566
19,601,700,12,0.145617,0.089652
19,701,800,10,0.0892173,0.0436641
19,801,900,8,0.183099,0.11349
19,901,1000,12,0.151824,0.0682247
12,1,100,22,0.276809,0.113633
12,101,200,14,0.172932,0.0903291
12,201,300,18,0.265233,0.12804
12,301,400,15,0.314109,0.128504
12,401,500,19,0.351224,0.191802
12,501,600,11,0.131615,0.0664481
12,601,700,14,0.46265,0.254743
12,701,800,19,0.384035,0.180041
12,801,900,14,0.316998,0.145933
12,901,1000,14,0.308315,0.161841
14,1,100,8,0.315518,0.188571
14,101,200,8,0.25,0.188253
14,201,300,9,0.237947,0.154463
14,301,400,12,0.199735,0.0966017
14,401,500,11,0.141258,0.133416
14,501,600,3,0.0656566,0.044743
14,601,700,11,0.28303,0.146197
14,701,800,9,0.301994,0.249805
14,801,900,14,0.146517,0.136814
14,901,1000,12,0.356653,0.240571
18,1,100,20,0.371013,0.230495
18,101,200,14,0.385212,0.295467
18,201,300,16,0.349236,0.249457
18,301,400,13,0.430439,0.375472
18,401,500,19,0.34115,0.289173
18,501,600,15,0.289855,0.259506
18,601,700,15,0.353496,0.287532
18,701,800,12,0.381944,0.310847
18,801,900,15,0.267997,0.238879
18,901,1000,16,0.305556,0.245982
5,1,100,17,0.276986,0.209683
5,101,200,15,0.316684,0.244402
5,201,300,19,0.347884,0.25836
5,301,400,10,0.190476,0.16
5,401,500,11,0.35085,0.226612
5,501,600,23,0.283905,0.211192
5,601,700,17,0.291735,0.227357
5,701,800,20,0.20995,0.19422
5,801,900,21,0.267357,0.195185
5,901,1000,14,0.19697,0.185714
13,1,100,13,0.0482839,0.0539811
13,101,200,12,0.0382182,0.032361
13,201,300,16,0.12663,0.0920932
13,301,400,14,0.158436,0.100846
13,401,500,21,0.232318,0.174323
13,501,600,8,0.111556,0.110403
13,601,700,13,0.226753,0.124716
13,701,800,14,0.192028,0.109609
13,801,900,19,0.253646,0.160532
13,901,1000,15,0.176065,0.110322
15,1,100,9,0.172547,0.1109
15,101,200,8,0.278351,0.137159
15,201,300,19,0.262205,0.150207
15,301,400,6,0.116003,0.099412
15,401,500,3,0.409722,0.234007
15,501,600,12,0.214178,0.120895
15,601,700,9,0.311594,0.152707
15,701,800,8,0.276631,0.202665
15,801,900,10,0.23788,0.145646
15,901,1000,9,0.1,0.0792995
5,1,100,5,0.270833,0.172818
5,101,200,10,0.377545,0.226103
5,201,300,8,0.247649,0.145079
5,301,400,11,0.443086,0.308152
5,401,500,10,0.312407,0.163213
5,501,600,12,0.446921,0.211367
5,601,700,10,0.255556,0.142593
5,701,800,9,0.239905,0.171668
5,801,900,10,0.258908,0.169298
5,901,1000,13,0.274232,0.0982157
6,1,100,14,0.0522199,0.0280726
6,101,200,15,0.167121,0.108833
6,201,300,9,0.131251,0.0822453
6,301,400,9,0.183156,0.134098
6,401,500,9,0.144023,0.100535
6,501,600,8,0.175678,0.134472
6,601,700,10,0.17103,0.139785
6,701,800,8,0.13001,0.0746899
6,801,900,6,0.15947,0.109326
6,901,1000,9,0.126675,0.0587366
4,1,100,11,0.323424,0.205524
4,101,200,10,0.283899,0.151407
4,201,300,12,0.130942,0.0829401
4,301,400,12,0.176659,0.119701
4,401,500,13,0.239103,0.0969508
4,501,600,12,0.314185,0.221938
4,601,700,7,0.200364,0.0771635
4,701,800,16,0.317315,0.184908
4,801,900,12,0.31588,0.198837
4,901,1000,11,0.180239,0.106966
4,1,100,8,0.18773,0.129575
4,101,200,9,0.167577,0.122259
4,201,300,15,0.10915,0.0688507
4,301,400,10,0.0509259,0.0441358
4,401,500,13,0.164546,0.113479
4,501,600,15,0.0912057,0.0536818
4,601,700,13,0.223301,0.12476
4,701,800,6,0.0432099,0.0399765
4,801,900,16,0.144097,0.0846354
4,901,1000,15,0.314098,0.195203
6,1,100,10,0.335017,0.183995
6,101,200,11,0.465066,0.322222
6,201,300,16,0.483812,0.382626
6,301,400,20,0.457393,0.33392
6,401,500,14,0.462934,0.343182
6,501,600,18,0.444098,0.33045
6,601,700,6,0.270568,0.179395
6,701,800,14,0.447197,0.369044
6,801,900,18,0.347278,0.202203
6,901,1000,12,0.497854,0.38166
12,1,100,18,0.294398,0.23124
12,101,200,13,0.262429,0.179386
12,201,300,16,0.413624,0.289228
12,301,400,14,0.244382,0.197908
12,401,500,10,0.266481,0.187221
12,501,600,16,0.250455,0.159197
12,601,700,19,0.286206,0.182406
12,701,800,19,0.292705,0.207626
12,801,900,17,0.315198,0.217296
12,901,1000,15,0.272727,0.203974
8,1,100,5,0.508197,0.308777
8,101,200,10,0.563492,0.382818
8,201,300,7,0.691221,0.429708
8,301,400,11,0.694796,0.321313
8,401,500,3,0.425658,0.260957
8,501,600,7,0.357639,0.174414
8,601,700,10,0.592275,0.399809
8,701,800,10,0.539501,0.215554
8,801,900,7,0.614357,0.360688
8,901,1000,11,0.333333,0.0999652
15,1,100,5,0.332534,0.149104
15,101,200,6,0.348422,0.199164
15,201,300,7,0.198873,0.0923234
15,301,400,9,0.343832,0.195817
15,401,500,6,0.132335,0.0842152
15,501,600,8,0.0165165,0.0179094
15,601,700,7,0.338471,0.143439
15,701,800,3,0.111111,0.0555556
15,801,900,8,0.245742,0.102151
15,901,1000,4,0.279279,0.154698
7,1,100,15,0.608324,0.421853
7,101,200,9,0.434975,0.240562
7,201,300,12,0.539269,0.336836
7,301,400,15,0.556273,0.318104
7,401,500,14,0.510888,0.286704
7,501,600,14,0.551072,0.298378
7,601,700,11,0.598517,0.319885
7,701,800,15,0.340396,0.181326
7,801,900,13,0.43728,0.235884
7,901,1000,6,0.460971,0.290227
16,1,100,11,0.139493,0.0463659
16,101,200,19,0.0109307,-0.00740684
16,201,300,16,0.0516039,0.00589727
16,301,400,11,0.0358127,0.0167388
16,401,500,17,0.0201058,0.00806929
16,501,600,14,0.178744,0.0607637
16,601,700,11,-0.0308407,-0.0278727
16,701,800,10,-0.0421456,-0.0279541
16,801,900,10,0.042838,0.00962391
16,901,1000,12,-0.0270951,-0.0212801
17,1,100,9,0.369558,0.273078
17,101,200,14,0.248007,0.1859
17,201,300,10,0.327061,0.191385
17,301,400,12,0.232686,0.11691
17,401,500,7,0.219664,0.12641
17,501,600,9,0.285604,0.222128
17,601,700,11,0.196007,0.11429
17,701,800,10,0.313847,0.211137
17,801,900,13,0.298415,0.166125
17,901,1000,5,-0.00444444,-0.00130719
2,1,100,10,0.234973,0.129765
2,101,200,7,0.365079,0.141223
2,201,300,14,0.267106,0.148065
2,301,400,12,0.491982,0.251946
2,401,500,17,0.295686,0.14402
2,501,600,17,0.298504,0.147589
2,601,700,13,0.298123,0.0925782
2,701,800,11,0.322272,0.190543
2,801,900,11,0.348468,0.158527
2,901,1000,11,0.419388,0.199591
10,1,100,15,-0.0303357,-0.0259149
10,101,200,19,0.127778,0.0580166
10,201,300,17,0.0760603,0.0262184
10,301,400,21,-0.0275789,-0.017316
10,401,500,12,0.0383531,0.0106006
10,501,600,12,-0.0141261,-0.0149865
10,601,700,17,-0.0197664,-0.0162789
10,701,800,22,0.110773,0.0390799
10,801,900,23,0.0650522,0.0297606
10,901,1000,9,-0.0298811,-0.0284469
14,1,100,16,0.0937896,0.0710363
14,101,200,7,0.0636704,0.0518207
14,201,300,8,0.040404,0.0449635
14,301,400,15,0.0483308,0.027367
14,401,500,8,0.0165165,0.0289559
14,501,600,5,0.0660225,0.0503268
14,601,700,15,0.0949495,0.0777177
14,701,800,7,0.031339,0.033411
14,801,900,10,0.0628019,0.052347
14,901,1000,17,0.0709617,0.0549405
10,1,100,13,0.28935,0.0861401
10,101,200,16,0.380187,0.12647
10,201,300,23,0.391186,0.120388
10,301,400,22,0.314733,0.0960812
10,401,500,16,0.0864198,0.0464782
10,501,600,14,0.466019,0.186017
10,601,700,23,0.382883,0.113275
10,701,800,23,0.317014,0.102273
10,801,900,24,0.405544,0.124644
10,901,1000,12,0.492754,0.199201
6,1,100,5,0.125,0.114815
6,101,200,11,0.20383,0.137067
6,201,300,10,0.106061,0.062963
6,301,400,11,0.156566,0.128834
6,401,500,6,0.183761,0.177469
6,501,600,6,0.140351,0.115741
6,601,700,5,0.21164,0.17037
6,701,800,7,0.133333,0.0992063
6,801,900,12,0.15,0.124691
6,901,1000,10,0.134921,0.095
8,1,100,18,0.20578,0.196052
8,101,200,24,0.150085,0.142308
8,201,300,24,0.199663,0.163275
8,301,400,18,0.25025,0.218992
8,401,500,23,0.173917,0.148881
8,501,600,19,0.212926,0.180779
8,601,700,18,0.174464,0.184096
8,701,800,21,0.188304,0.189605
8,801,900,15,0.141414,0.139963
8,901,1000,26,0.139119,0.12354
2,1,100,10,0.412879,0.256963
2,101,200,15,0.442072,0.302781
2,201,300,13,0.427012,0.336679
2,301,400,10,0.448375,0.335507
2,401,500,14,0.429374,0.371091
2,501,600,6,0.466302,0.403657
2,601,700,14,0.334245,0.183521
2,701,800,17,0.468716,0.392403
2,801,900,15,0.407848,0.266526
2,901,1000,7,0.428495,0.246723
6,1,100,13,0.123176,0.0848892
6,101,200,15,0.00319381,0.028819
6,201,300,9,0.00483092,0.011657
6,301,400,5,0.156746,0.103463
6,401,500,9,-0.0301318,-0.021164
6,501,600,6,-0.0281236,-0.0171958
6,601,700,9,0.000851892,0.00976801
6,701,800,14,0.0221785,0.0141413
6,801,900,10,-0.0304364,-0.022583
6,901,1000,9,-0.0232426,-0.010508
16,1,100,18,0.134575,0.0950964
16,101,200,18,0.193613,0.0897507
16,201,300,20,0.247851,0.170777
16,301,400,13,0.136126,0.0755951
16,401,500,20,0.144292,0.0968527
16,501,600,19,0.158661,0.116682
16,601,700,18,0.153582,0.123054
16,701,800,21,0.176493,0.108278
16,801,900,16,0.190439,0.110367
16,901,1000,16,0.205282,0.112402
7,1,100,18,0.0603975,0.04498
7,101,200,22,0.0663423,0.0506853
7,201,300,25,0.112448,0.0719038
7,301,400,24,0.107015,0.0863318
7,401,500,19,0.0994231,0.095375
7,501,600,21,0.169584,0.120109
7,601,700,30,0.0403142,0.0420302
7,701,800,16,0.0773558,0.06311
7,801,900,20,0.0673134,0.0730892
7,901,1000,21,0.0453333,0.0395972
15,1,100,8,0.203612,0.169916
15,101,200,9,0.163832,0.141975
15,201,300,11,0.181428,0.138258
15,301,400,10,0.112303,0.0768133
15,401,500,11,0.280655,0.154882
15,501,600,13,0.0839243,0.0643683
15,601,700,11,0.0951178,0.0855897
15,701,800,13,0.247669,0.197894
15,801,900,13,0.092433,0.0855599
15,901,1000,6,0.0669304,0.0488111
13,1,100,3,0.413105,0.245542
13,101,200,6,0.037037,0.0277778
13,201,300,7,0.312661,0.0787669
13,301,400,12,0.368421,0.144665
13,401,500,7,0.426202,0.180629
13,501,600,5,0.111111,0.0622222
13,601,700,6,0.449427,0.317688
13,701,800,12,0.239669,0.0561385
13,801,900,12,0.388237,0.193753
13,901,1000,7,0.243386,0.106173
12,1,100,17,0.150327,0.112583
12,101,200,13,0.131225,0.0995864
12,201,300,12,0.147454,0.125044
12,301,400,18,0.131976,0.0921766
12,401,500,14,0.146341,0.104459
12,501,600,16,0.134345,0.0984417
12,601,700,15,0.131151,0.0935585
12,701,800,16,0.160004,0.107924
12,801,900,20,0.171494,0.164877
12,901,1000,16,0.141839,0.117117
17,1,100,23,0.705498,0.403335
17,101,200,19,0.675533,0.394189
17,201,300,21,0.750222,0.603941
17,301,400,21,0.714286,0.326156
17,401,500,20,0.690168,0.454488
17,501,600,19,0.746491,0.477701
17,601,700,20,0.756844,0.557586
17,701,800,23,0.765476,0.57231
17,801,900,24,0.7171,0.415381
17,901,1000,12,0.714363,0.460648
2,1,100,9,0.513975,0.358533
2,101,200,6,0.491056,0.41415
2,201,300,9,0.509853,0.298681
2,301,400,11,0.441069,0.261777
2,401,500,7,0.291856,0.132721
2,501,600,7,0.403991,0.090803
2,601,700,4,0.515066,0.488293
2,701,800,8,0.23476,0.0726929
2,801,900,9,0.462366,0.194678
2,901,1000,3,0.269841,0.19224
11,1,100,19,0.109179,0.0995009
11,101,200,12,0.130435,0.123899
11,201,300,15,0.0995081,0.0935535
11,301,400,12,0.037123,0.0597234
11,401,500,15,0.178369,0.157196
11,501,600,18,0.0662091,0.0705002
11,601,700,22,0.117529,0.111841
11,701,800,7,0.0707071,0.084269
11,801,900,12,0.102489,0.0852961
11,901,1000,14,0.130384,0.113274
17,1,100,15,0.192462,0.106922
17,101,200,9,0.231797,0.163733
17,201,300,13,0.1314,0.10897
17,301,400,13,0.190255,0.154096
17,401,500,16,0.153497,0.136833
17,501,600,12,0.239578,0.157619
17,601,700,18,0.176168,0.131497
17,701,800,7,0.250462,0.175479
17,801,900,13,0.182745,0.108849
17,901,1000,10,0.186257,0.165163
10,1,100,17,0.0794548,0.0754963
10,101,200,21,0.156506,0.139338
10,201,300,18,0.199975,0.183525
10,301,400,18,0.261829,0.221141
10,401,500,18,0.181809,0.170563
10,501,600,14,0.163589,0.145579
10,601,700,13,0.189795,0.14642
10,701,800,20,0.169668,0.14224
10,801,900,19,0.301749,0.261301
10,901,1000,16,0.134199,0.119377
11,1,100,15,0.0448453,0.05186
11,101,200,11,0.0352853,0.00887665
11,201,300,10,0.106706,0.0594276
11,301,400,14,0.0996487,0.074149
11,401,500,8,0.0994493,0.0771405
11,501,600,17,0.173511,0.118912
11,601,700,14,0.0777577,0.0447416
11,701,800,8,0.072302,0.0328283
11,801,900,17,0.108886,0.0857743
11,901,1000,15,0.0621356,0.0484986
8,1,100,18,0.0674603,0.0299456
8,101,200,10,0.0462963,0.0339554
8,201,300,9,0.122085,0.060193
8,301,400,7,0.124717,0.0891331
8,401,500,10,0.188914,0.125641
8,501,600,13,0.0964014,0.0645355
8,601,700,9,0.134438,0.0947633
8,701,800,11,0.199018,0.127817
8,801,900,8,0.0724638,0.0444444
8,901,1000,9,0.102197,0.0584668
13,1,100,20,0.183109,0.182439
13,101,200,25,0.242023,0.205691
13,201,300,17,0.255865,0.244189
13,301,400,24,0.271565,0.258621
13,401,500,33,0.273542,0.245455
13,501,600,24,0.208135,0.214895
13,601,700,23,0.235661,0.237444
13,701,800,21,0.255949,0.231124
13,801,900,17,0.197019,0.210362
13,901,1000,19,0.253831,0.234312
3,1,100,15,0.111682,0.0925692
3,101,200,14,0.306431,0.197442
3,201,300,17,0.18264,0.127924
3,301,400,15,0.209438,0.136551
3,401,500,17,0.102646,0.0870798
3,501,600,21,0.191387,0.130794
3,601,700,19,0.110525,0.0700459
3,701,800,23,0.0874074,0.0730702
3,801,900,16,0.112581,0.100092
3,901,1000,15,0.177579,0.138444
13,1,100,8,-0.0277504,-0.00238771
13,101,200,11,-0.0017551,0.0261621
13,201,300,13,0.00479616,0.0386687
13,301,400,11,-0.0236626,0.00328788
13,401,500,13,-0.0280684,-0.0121027
13,501,600,12,0.00259326,0.0325196
13,601,700,11,0.0149966,0.032881
13,701,800,15,-0.035616,-0.0285754
13,801,900,13,-0.0375174,-0.0270799
13,901,1000,6,-0.042205,-0.00355406
10,1,100,6,0.41008,0.328712
10,101,200,16,0.459175,0.351441
10,201,300,12,0.433541,0.329756
10,301,400,17,0.454512,0.380688
10,401,500,17,0.428865,0.335622
10,501,600,16,0.375445,0.318205
10,601,700,12,0.415033,0.306286
10,701,800,12,0.410184,0.243403
10,801,900,16,0.415187,0.35536
10,901,1000,9,0.407407,0.341425
17,1,100,18,-0.0031746,0.019541
17,101,200,14,-0.0126263,0.0124258
17,201,300,23,-0.0192731,0.00251733
17,301,400,24,-0.0147929,0.00044337
17,401,500,17,-0.00469484,0.0110453
17,501,600,16,-0.00118203,0.0244242
17,601,700,15,0.00226757,0.0180473
17,701,800,17,-0.0122164,-0.00404538
17,801,900,18,0.00605013,0.0296102
17,901,1000,19,-0.00699247,0.00701733
10,1,100,7,0.172053,0.107082
10,101,200,4,0.138889,0.0881944
10,201,300,5,0.342222,0.215
10,301,400,4,0.30719,0.173115
10,401,500,6,0.191571,0.122222
10,501,600,11,0.181287,0.0851852
10,601,700,8,0.327778,0.214352
10,701,800,5,0.34127,0.0955556
10,801,900,3,0.309942,0.221296
10,901,1000,9,0.116255,0.0952862
16,1,100,14,0.102415,0.0713532
16,101,200,14,0.0291667,0.0470899
16,201,300,16,0.044078,0.0486695
16,301,400,15,0.11368,0.0875525
16,401,500,13,0.0926949,0.068934
16,501,600,9,0.0263459,0.0333539
16,601,700,13,0.0499604,0.0582872
16,701,800,13,0.0193237,0.0310541
16,801,900,10,0.108389,0.0741215
16,901,1000,12,0.0176152,0.0275628
3,1,100,12,0.300567,0.159483
3,101,200,11,0.124339,0.115152
3,201,300,13,0.161325,0.136908
3,301,400,14,0.188337,0.149439
3,401,500,12,0.222222,0.171732
3,501,600,11,0.176955,0.107882
3,601,700,14,0.210445,0.178002
3,701,800,14,0.174603,0.145082
3,801,900,11,0.156184,0.136995
3,901,1000,8,0.123788,0.103851
5,1,100,10,0.416058,0.352346
5,101,200,10,0.42847,0.260444
5,201,300,8,0.328054,0.213988
5,301,400,11,0.0628707,0.0331808
5,401,500,13,0.322954,0.238784
5,501,600,13,0.250986,0.155897
5,601,700,11,0.372457,0.251987
5,701,800,13,0.338314,0.243722
5,801,900,14,0.317647,0.205489
5,901,1000,12,0.364005,0.221106
6,1,100,27,-0.0170251,-0.0101051
6,101,200,26,-0.0227659,-0.00716797
6,201,300,19,-0.031653,-0.0247849
6,301,400,33,-0.0131227,-0.000107809
6,401,500,25,0.0262626,0.0311602
6,501,600,23,-0.00958963,-0.00822167
6,601,700,20,-0.0291076,-0.0174025
6,701,800,28,-0.0232426,-0.015486
6,801,900,22,-0.021542,-0.0169544
6,901,1000,21,-0.0124898,0.00465002
14,1,100,17,0.0123457,0.0136464
14,101,200,10,-0.0167428,-0.00168891
14,201,300,8,0.101474,0.0559896
14,301,400,17,0.0167866,0.0033054
14,401,500,10,0.0168129,0.0188424
14,501,600,16,0.0360874,0.0301605
14,601,700,10,0.0103359,0.0293651
14,701,800,19,0.0380247,0.0345457
14,801,900,10,-0.0337302,-0.0126984
14,901,1000,14,0.0704006,0.0534853
13,1,100,19,0.11032,0.0804094
13,101,200,17,0.051787,0.0495467
13,201,300,17,0.130791,0.0945199
13,301,400,19,0.0887231,0.0762165
13,401,500,18,0.0810185,0.0691358
13,501,600,22,0.0653701,0.0557251
13,601,700,18,0.0964591,0.0729664
13,701,800,24,0.0972222,0.0677405
13,801,900,24,0.0880503,0.0603588
13,901,1000,23,0.11828,0.0882333
1,1,100,17,0.118713,0.0729814
1,101,200,18,0.0549645,0.0503429
1,201,300,23,0.0167249,0.0155653
1,301,400,17,-0.0284006,-0.0147115
1,401,500,17,0.0514339,0.0301129
1,501,600,20,0.0192801,0.0127788
1,601,700,10,-0.0536079,-0.044152
1,701,800,11,0.0888889,0.0597643
1,801,900,21,-0.0383496,-0.0314042
1,901,1000,15,0.0386853,0.0298088
12,1,100,18,0.460205,0.297777
12,101,200,11,0.370983,0.254334
12,201,300,14,0.414464,0.244201
12,301,400,6,0.336182,0.24539
12,401,500,12,0.429465,0.272941
12,501,600,10,0.418649,0.349306
12,601,700,9,0.344281,0.194041
12,701,800,7,0.427943,0.237008
12,801,900,13,0.463225,0.287676
12,901,1000,13,0.349146,0.225514
18,1,100,11,0.233831,0.218898
18,101,200,9,0.339877,0.309209
18,201,300,10,0.191644,0.117013
18,301,400,6,0.225968,0.139466
18,401,500,6,0.150327,0.0987654
18,501,600,9,0.324619,0.189941
18,601,700,5,0.108796,0.0876543
18,701,800,11,0.275424,0.237423
18,801,900,11,0.257529,0.196705
18,901,1000,5,0.374202,0.316907
19,1,100,6,0.130887,0.0589087
19,101,200,8,0.479638,0.227059
19,201,300,4,0.147026,0.0516569
19,301,400,9,0.183445,0.105853
19,401,500,9,0.294872,0.139089
19,501,600,4,0.183502,0.0914634
19,601,700,7,0.314059,0.233361
19,701,800,7,0.192251,0.148526
19,801,900,5,0.0740741,0.0444444
19,901,1000,9,0.301705,0.211047
4,1,100,11,0.00881834,0.0155476
4,101,200,11,0.0623082,0.0388366
4,201,300,11,0.00872324,0.019163
4,301,400,12,0.012963,0.0163139
4,401,500,9,0.037037,0.0321304
4,501,600,8,0.00497512,0.012453
4,601,700,15,0.0117417,0.016703
4,701,800,10,0.0512821,0.0515152
4,801,900,13,0.0377668,0.0322507
4,901,1000,11,0.0287648,0.029697
7,1,100,12,0.157183,0.101163
7,101,200,11,0.139712,0.0968914
7,201,300,15,0.146015,0.102363
7,301,400,23,0.145357,0.104932
7,401,500,10,0.145856,0.102052
7,501,600,14,0.162786,0.138033
7,601,700,18,0.119803,0.0806732
7,701,800,9,0.166125,0.127254
7,801,900,14,0.147475,0.0981895
7,901,1000,18,0.116385,0.0776602
4,1,100,22,0.360524,0.30749
4,101,200,23,0.376083,0.33944
4,201,300,27,0.361302,0.312192
4,301,400,16,0.395323,0.350941
4,401,500,16,0.384313,0.310496
4,501,600,21,0.386226,0.355177
4,601,700,19,0.368919,0.276069
4,701,800,20,0.362898,0.312488
4,801,900,22,0.360809,0.277706
4,901,1000,25,0.370324,0.313848
9,1,100,7,0.284444,0.227241
9,101,200,7,0.210586,0.137866
9,201,300,10,0.341006,0.257492
9,301,400,8,0.180583,0.121931
9,401,500,6,0.160494,0.0638673
9,501,600,7,0.223356,0.114604
9,601,700,5,0.289733,0.256359
9,701,800,6,0.159892,0.0772913
9,801,900,6,0.0708812,0.058117
9,901,1000,9,0.363113,0.319878
11,1,100,21,0.411988,0.328865
11,101,200,25,0.441977,0.360326
11,201,300,23,0.438957,0.405209
11,301,400,19,0.403764,0.334925
11,401,500,25,0.454515,0.348876
11,501,600,16,0.431334,0.375749
11,601,700,16,0.460706,0.434175
11,701,800,22,0.408955,0.335105
11,801,900,22,0.431743,0.331933
11,901,1000,18,0.372556,0.31031
14,1,100,18,0.372791,0.281425
14,101,200,18,0.34306,0.265195
14,201,300,11,0.352967,0.156566
14,301,400,16,0.325985,0.278137
14,401,500,12,0.307329,0.268162
14,501,600,11,0.314079,0.294714
14,601,700,13,0.281609,0.17465
14,701,800,14,0.29104,0.21917
14,801,900,15,0.340509,0.248376
14,901,1000,13,0.275778,0.220192
14,1,100,14,-0.019984,-0.00807024
14,101,200,22,0.109676,0.0510856
14,201,300,15,0.153653,0.0824843
14,301,400,15,-0.0344364,-0.0199295
14,401,500,16,-0.0178971,-0.00512566
14,501,600,14,-0.032851,-0.0160238
14,601,700,13,0.0614998,0.00854979
14,701,800,17,0.042735,0.0111082
14,801,900,11,0.0581442,0.0217114
14,901,1000,17,0.0907321,0.0430337
14,1,100,11,0.0957191,0.0898844
14,101,200,12,0.0867363,0.0779005
14,201,300,10,0.0735524,0.0805881
14,301,400,12,0.058566,0.066251
14,401,500,13,0.0550147,0.0447148
14,501,600,15,0.0939485,0.0925595
14,601,700,9,0.0285996,0.0457025
14,701,800,9,0.0208537,0.0313339
14,801,900,7,0.170959,0.12994
14,901,1000,13,0.138783,0.112129
3,1,100,12,0.267793,0.197042
3,101,200,16,0.319536,0.219715
3,201,300,17,0.360033,0.265854
3,301,400,15,0.295965,0.239433
3,401,500,18,0.402049,0.260202
3,501,600,14,0.323595,0.282651
3,601,700,13,0.225197,0.168402
3,701,800,19,0.359,0.283425
3,801,900,17,0.300654,0.20381
3,901,1000,22,0.304552,0.231187
12,1,100,6,0.311201,0.247559
12,101,200,8,0.219067,0.122492
12,201,300,9,0.206102,0.165563
12,301,400,4,0.207048,0.128465
12,401,500,10,0.158757,0.114719
12,501,600,6,0.473684,0.286195
12,601,700,7,0.123979,0.0884035
12,701,800,6,0.280199,0.224386
12,801,900,5,0.27278,0.245002
12,901,1000,5,0.333333,0.162626
0,1,100,22,0.398046,0.330694
0,101,200,14,0.461749,0.402381
0,201,300,16,0.488275,0.429879
0,301,400,20,0.460317,0.397454
0,401,500,14,0.429527,0.377031
0,501,600,20,0.421207,0.317112
0,601,700,18,0.454203,0.399679
0,701,800,14,0.474627,0.38809
0,801,900,17,0.435963,0.3095
0,901,1000,15,0.42046,0.311133
8,1,100,16,0.555956,0.411753
8,101,200,21,0.616624,0.487464
8,201,300,19,0.675241,0.594046
8,301,400,24,0.661479,0.487549
8,401,500,20,0.655486,0.559776
8,501,600,20,0.51577,0.321442
8,601,700,13,0.602612,0.531634
8,701,800,22,0.550866,0.362239
8,801,900,24,0.52473,0.391334
8,901,1000,20,0.671215,0.562423
10,1,100,18,0.0602775,0.0591678
10,101,200,18,0.106792,0.0994983
10,201,300,14,0.0805491,0.0701841
10,301,400,25,0.0918836,0.084632
10,401,500,19,0.0912872,0.0905811
10,501,600,13,0.118794,0.130643
10,601,700,23,0.0984602,0.0955663
10,701,800,24,0.115106,0.118216
10,801,900,16,0.109477,0.104301
10,901,1000,16,0.0983418,0.0919985
12,1,100,9,0.070953,0.0376559
12,101,200,17,0.0116462,0.0143332
12,201,300,15,0.0384719,0.0458778
12,301,400,10,0.0305556,0.0338889
12,401,500,12,0.0315091,0.040626
12,501,600,19,0.0338017,0.0409203
12,601,700,16,0.0232674,0.03125
12,701,800,12,0.0232711,0.0184258
12,801,900,9,0.0128205,0.0209191
12,901,1000,14,0.011194,0.013532
6,1,100,14,0.234007,0.058575
6,101,200,18,0.362295,0.127376
6,201,300,22,0.333021,0.132817
6,301,400,14,0.204622,0.0605467
6,401,500,13,0.262246,0.0716917
6,501,600,18,0.352072,0.13297
6,601,700,16,0.191652,0.0397173
6,701,800,21,0.289641,0.0941914
6,801,900,14,0.181287,0.0362616
6,901,1000,14,0.228459,0.0696185
9,1,100,15,0.489917,0.318472
9,101,200,13,0.490626,0.362956
9,201,300,14,0.488904,0.39727
9,301,400,10,0.419497,0.346416
9,401,500,15,0.56175,0.420122
9,501,600,10,0.565021,0.523952
9,601,700,9,0.390825,0.268828
9,701,800,11,0.491889,0.407396
9,801,900,7,0.56621,0.481888
9,901,1000,14,0.458357,0.349823
10,1,100,18,0.172611,0.118469
10,101,200,11,0.360865,0.122246
10,201,300,10,0.196266,0.130187
10,301,400,9,0.245565,0.179708
10,401,500,7,0.0884194,0.0723104
10,501,600,9,0.0763052,0.0619628
10,601,700,8,0.43625,0.272619
10,701,800,10,0.328256,0.216137
10,801,900,11,0.326151,0.174176
10,901,1000,9,0.194392,0.142906
17,1,100,17,0.13198,0.10593
17,101,200,21,0.122032,0.0953296
17,201,300,18,0.102492,0.0889564
17,301,400,19,0.121748,0.116615
17,401,500,17,0.126235,0.123889
17,501,600,16,0.141414,0.128843
17,601,700,6,0.111552,0.1259
17,701,800,18,0.105711,0.0861316
17,801,900,19,0.103956,0.0829604
17,901,1000,14,0.123228,0.109091
3,1,100,18,0.420194,0.206494
3,101,200,12,0.380165,0.156421
3,201,300,27,0.422468,0.187778
3,301,400,15,0.49202,0.194288
3,401,500,10,0.198198,0.134643
3,501,600,19,0.554374,0.210421
3,601,700,12,0.364686,0.122471
3,701,800,17,0.0771605,0.0607843
3,801,900,19,0.347755,0.127221
3,901,1000,16,0.584158,0.277553
4,1,100,16,-0.0202396,-0.0171118
4,101,200,14,-0.0125786,-0.00238095
4,201,300,17,-0.000823045,0.0123651
4,301,400,24,-0.00537634,0.00682789
4,401,500,14,0.00595064,0.00516501
4,501,600,12,0.00486345,0.0114198
4,601,700,16,0.0227252,0.042444
4,701,800,11,0.0464165,0.0418088
4,801,900,11,-0.0031746,0.0111111
4,901,1000,10,-0.00127714,0.01
12,1,100,13,0.154589,0.10403
12,101,200,12,0.267544,0.16566
12,201,300,14,0.200492,0.116522
12,301,400,21,0.201653,0.144136
12,401,500,14,0.175276,0.101647
12,501,600,12,0.275794,0.212306
12,601,700,19,0.227816,0.150888
12,701,800,9,0.262119,0.146944
12,801,900,16,0.229279,0.143895
12,901,1000,12,0.243499,0.192585
18,1,100,17,0.414879,0.350857
18,101,200,12,0.392792,0.256044
18,201,300,12,0.382837,0.264309
18,301,400,9,0.4,0.280574
18,401,500,15,0.392936,0.250621
18,501,600,15,0.423789,0.344843
18,601,700,10,0.344529,0.219311
18,701,800,19,0.427673,0.367072
18,801,900,17,0.424242,0.358974
18,901,1000,13,0.401492,0.293818
0,1,100,11,0.48135,0.401709
0,101,200,14,0.196615,0.151091
0,201,300,15,0.29949,0.230989
0,301,400,17,0.372654,0.219881
0,401,500,8,0.334023,0.236111
0,501,600,12,0.289108,0.150502
0,601,700,5,0.545553,0.464957
0,701,800,14,0.322194,0.257817
0,801,900,15,0.23489,0.166996
0,901,1000,10,0.287081,0.187308
1,1,100,11,0.657623,0.358586
1,101,200,9,0.549036,0.346453
1,201,300,9,0.508513,0.268853
1,301,400,13,0.354056,0.259107
1,401,500,4,0.175824,0.098545
1,501,600,6,0.733638,0.587963
1,601,700,8,0.637681,0.401042
1,701,800,8,0.621716,0.372768
1,801,900,11,0.593254,0.480303
1,901,1000,10,0.245888,0.174392
1,1,100,10,0.144638,0.087182
1,101,200,9,0.0502536,0.0278076
1,201,300,7,0.142512,0.11801
1,301,400,7,0.188713,0.136978
1,401,500,12,0.219393,0.140252
1,501,600,15,0.16632,0.0901824
1,601,700,11,0.184963,0.103846
1,701,800,10,0.209159,0.144761
1,801,900,6,0.211577,0.150039
1,901,1000,8,0.312326,0.219178
9,1,100,11,0.4151,0.35921
9,101,200,8,0.424544,0.297267
9,201,300,8,0.459554,0.449888
9,301,400,6,0.444444,0.314278
9,401,500,6,0.481132,0.406259
9,501,600,12,0.445448,0.340662
9,601,700,14,0.487213,0.350564
9,701,800,7,0.450687,0.283264
9,801,900,11,0.42029,0.315508
9,901,1000,8,0.340475,0.202061
9,1,100,8,0.241192,0.140013
9,101,200,9,0.35312,0.240028
9,201,300,7,0.22309,0.17407
9,301,400,17,0.35491,0.225483
9,401,500,12,0.29275,0.15641
9,501,600,10,0.225352,0.156496
9,601,700,10,0.203862,0.18141
9,701,800,10,0.267913,0.163879
9,801,900,12,0.301075,0.20317
9,901,1000,6,0.367816,0.201852
15,1,100,13,0.0479532,0.0303521
15,101,200,13,-0.0147023,0.00718987
15,201,300,7,0.00623396,0.0307504
15,301,400,5,-0.0349206,-0.0167196
15,401,500,16,0.0241796,0.0154414
15,501,600,14,-0.00281568,0.011936
15,601,700,14,-0.0117939,0.00735011
15,701,800,9,0.0328638,0.0345091
15,801,900,12,0.0277778,0.0148369
15,901,1000,9,-0.0125142,0.00539845
7,1,100,21,0.0436705,0.0505521
7,101,200,17,0.105599,0.0760775
7,201,300,33,0.0818774,0.0647084
7,301,400,19,0.054321,0.0539311
7,401,500,26,0.0670763,0.0574117
7,501,600,21,0.139942,0.0898514
7,601,700,22,0.0681576,0.0485498
7,701,800,17,0.058296,0.0478121
7,801,900,33,0.0787077,0.0543549
7,901,1000,21,0.102819,0.0731148
17,1,100,15,0.0855763,0.0951201
17,101,200,16,0.126724,0.125823
17,201,300,19,0.0951396,0.0951919
17,301,400,11,0.105691,0.118727
17,401,500,19,0.0483988,0.0556622
17,501,600,13,0.0808081,0.0722364
17,601,700,5,0.0888889,0.0936508
17,701,800,23,0.0901388,0.0945542
17,801,900,9,0.117162,0.105447
17,901,1000,13,0.0470246,0.0539672
17,1,100,13,0.0350877,0.0322344
17,101,200,13,0.0110529,0.0197573
17,201,300,10,0.0605862,0.0766114
17,301,400,10,0.06,0.0811111
17,401,500,8,-0.00782473,0.00972222
17,501,600,13,0.126092,0.0973748
17,601,700,8,0.0155317,0.0130435
17,701,800,9,-0.00567721,0.0191919
17,801,900,9,0.0384615,0.0170194
17,901,1000,13,-0.00820283,0.00683761
8,1,100,11,0.250094,0.196874
8,101,200,11,0.154995,0.0950101
8,201,300,9,0.223986,0.101823
8,301,400,10,0.132829,0.091713
8,401,500,11,0.175833,0.105399
8,501,600,15,0.0986908,0.0665763
8,601,700,11,0.26919,0.186817
8,701,800,9,0.288308,0.198682
8,801,900,12,0.14466,0.0809981
8,901,1000,11,0.2,0.134858
10,1,100,14,0.387255,0.132316
10,101,200,12,0.481361,0.19025
10,201,300,13,0.329822,0.119144
10,301,400,15,0.406611,0.196976
10,401,500,10,0.234117,0.13203
10,501,600,18,0.260536,0.0975821
10,601,700,16,0.402516,0.179643
10,701,800,17,0.313197,0.123513
10,801,900,13,0.310814,0.113133
10,901,1000,11,0.0656566,0.0521886
1,1,100,16,0.0940581,0.0838527
1,101,200,20,0.0981964,0.0727524
1,201,300,17,0.137891,0.117256
1,301,400,16,0.106957,0.0912755
1,401,500,13,0.107217,0.111657
1,501,600,16,0.111752,0.0717987
1,601,700,13,0.1025,0.0774194
1,701,800,17,0.143743,0.116217
1,801,900,19,0.125203,0.108383
1,901,1000,11,0.122629,0.119075
8,1,100,16,0.321502,0.130086
8,101,200,5,0.0828092,0.049354
8,201,300,16,0.126325,0.0786441
8,301,400,9,0.275742,0.129601
8,401,500,11,0.200717,0.0987654
8,501,600,11,0.151557,0.0945371
8,601,700,14,0.187328,0.117307
8,701,800,9,0.212797,0.10398
8,801,900,10,0.202487,0.101711
8,901,1000,9,0.344194,0.0984023
9,1,100,7,0.01341,0.00881834
9,101,200,6,0.331276,0.10751
9,201,300,10,0.221612,0.065717
9,301,400,14,0.27098,0.0830552
9,401,500,14,0.299936,0.0661083
9,501,600,8,0.269202,0.0744302
9,601,700,15,0.200594,0.0588477
9,701,800,11,0.542358,0.264251
9,801,900,10,0.313517,0.0921385
9,901,1000,5,0.584682,0.361646
12,1,100,7,0.063867,0.0449454
12,101,200,10,0.275956,0.125982
12,201,300,2,0.0833333,0.0555556
12,301,400,6,0.281902,0.128153
12,401,500,6,0.329897,0.197718
12,501,600,8,0.238351,0.147487
12,601,700,4,0.48632,0.175996
12,701,800,8,0.304231,0.244519
12,801,900,6,0.142857,0.0709877
12,901,1000,2,0.103943,0.106383
16,1,100,27,0.00462963,0.000757622
16,101,200,21,0.0232975,0.000568527
16,201,300,24,-0.0213066,-0.0180282
16,301,400,27,0.0738726,0.0243569
16,401,500,17,0.13028,0.0754465
16,501,600,26,0.0458811,0.0139905
16,601,700,29,0.0623137,0.0159673
16,701,800,23,0.0738726,0.0261914
16,801,900,34,0.0938333,0.0335678
16,901,1000,26,0.0355965,0.0136594
17,1,100,10,0.00859889,0.0171789
17,101,200,9,0.0612245,0.0587734
17,201,300,8,0.0750436,0.0733152
17,301,400,6,0.177778,0.0806878
17,401,500,7,-0.0120586,0.00776765
17,501,600,10,0.0145719,0.0339051
17,601,700,8,-0.00480891,0.0176257
17,701,800,9,0.0357654,0.015865
17,801,900,13,0.0577444,0.0413951
17,901,1000,8,0.0484048,0.070756
13,1,100,9,0.169041,0.117725
13,101,200,19,0.169492,0.0945698
13,201,300,9,0.205754,0.141221
13,301,400,15,0.158011,0.0753451
13,401,500,15,0.207176,0.105932
13,501,600,12,0.191919,0.105632
13,601,700,14,0.180151,0.13179
13,701,800,18,0.132938,0.0688459
13,801,900,19,0.173997,0.0812125
13,901,1000,13,0.134555,0.0847758
13,1,100,12,0.292823,0.118736
13,101,200,10,0.183477,0.0393881
13,201,300,19,0.210019,0.0325275
13,301,400,12,0.186769,0.0334344
13,401,500,15,0.156627,0.0227468
13,501,600,12,0.193651,0.0443449
13,601,700,10,0.354658,0.125311
13,701,800,14,0.169802,0.0497904
13,801,900,15,0.175627,0.0247918
13,901,1000,14,0.408948,0.15519
14,1,100,7,0.288889,0.135147
14,101,200,10,0.0911306,0.0640603
14,201,300,7,0.236537,0.128858
14,301,400,10,0.224733,0.110122
14,401,500,6,0.162963,0.0780423
14,501,600,8,0.167377,0.102465
14,601,700,7,0.157435,0.117841
14,701,800,7,0.202899,0.117914
14,801,900,4,0.338624,0.222619
14,901,1000,7,0.186228,0.154533
11,1,100,11,-0.0361504,-0.0092577
11,101,200,8,0.0539508,0.0637448
11,201,300,19,-0.00518722,0.0204431
11,301,400,9,0.0278578,0.0359377
11,401,500,10,0.0516525,0.0640092
11,501,600,8,-0.0214537,0.00984005
11,601,700,13,-0.00740741,-0.00220324
11,701,800,6,-0.0432378,-0.016062
11,801,900,18,0.0141852,0.0147241
11,901,1000,16,0.0273005,0.0368953
1,1,100,10,-0.0490956,-0.0325961
1,101,200,11,0.0114226,0.0110117
1,201,300,14,-0.0010582,0.00101182
1,301,400,12,-0.0109442,-0.00494446
1,401,500,13,-0.0233918,-0.0102558
1,501,600,7,-0.0400812,-0.0384446
1,601,700,12,-0.000788022,0.021412
1,701,800,10,0.0141369,0.037258
1,801,900,14,-0.0123805,0.00943005
1,901,1000,16,-0.021835,-0.0202147
0,1,100,15,0.245109,0.135508
0,101,200,17,0.174767,0.114258
0,201,300,13,0.235434,0.118997
0,301,400,12,0.166007,0.10032
0,401,500,10,0.110306,0.0835749
0,501,600,15,0.186411,0.0923409
0,601,700,15,0.0516493,0.0456349
0,701,800,19,0.295205,0.171038
0,801,900,17,0.0984579,0.095662
0,901,1000,13,0.0972222,0.0866349
0,1,100,18,0.0564248,0.0194744
0,101,200,14,0.117856,0.0395464
0,201,300,16,0.0345103,0.00157726
0,301,400,20,0.00231326,-0.00126881
0,401,500,13,0.209018,0.118274
0,501,600,23,0.157462,0.0694484
0,601,700,16,0.150228,0.0510772
0,701,800,15,0.144621,0.0442973
0,801,900,16,0.162369,0.0530856
0,901,1000,20,0.168914,0.0366498
5,1,100,10,0.271537,0.0716783
5,101,200,8,0.316239,0.14565
5,201,300,7,0.086994,0.0321637
5,301,400,6,-0.0222222,-0.00617284
5,401,500,9,0.425718,0.194722
5,501,600,9,0.281046,0.143901
5,601,700,7,0.424951,0.190717
5,701,800,7,0.406433,0.0848596
5,801,900,7,0.0,0.0
5,901,1000,11,0.275362,0.0893786
18,1,100,13,0.0486111,0.0342663
18,101,200,13,0.0466894,0.0196344
18,201,300,11,0.121651,0.0898435
18,301,400,13,0.0469738,0.0426183
18,401,500,16,0.0098873,0.00674624
18,501,600,14,0.0510511,0.0461999
18,601,700,12,0.0692432,0.0688998
18,701,800,8,0.0419753,0.0559858
18,801,900,18,0.0948739,0.0690069
18,901,1000,13,0.125333,0.0796068
19,1,100,24,-0.0383333,-0.0236111
19,101,200,22,-0.00766672,-0.00276502
19,201,300,31,-0.0155008,-0.00294816
19,301,400,20,-0.025641,-0.0177778
19,401,500,23,-0.0186237,-0.00458937
19,501,600,26,-0.0321716,-0.0194524
19,601,700,20,-0.02796,-0.0189527
19,701,800,18,-0.0260771,-0.01633
19,801,900,26,0.00406792,0.0116402
19,901,1000,23,-0.0337066,-0.0175028
1,1,100,12,0.431995,0.208951
1,101,200,10,0.331766,0.210136
1,201,300,4,0.150327,0.11777
1,301,400,10,0.370067,0.26609
1,401,500,12,0.317241,0.197131
1,501,600,8,0.399093,0.110061
1,601,700,7,0.466613,0.194304
1,701,800,10,0.192756,0.115919
1,801,900,6,0.523473,0.321202
1,901,1000,11,0.335644,0.17141
10,1,100,8,0.197924,0.142833
10,101,200,6,0.160053,0.143365
10,201,300,13,0.148701,0.112963
10,301,400,9,0.152404,0.0932388
10,401,500,9,0.198167,0.141213
10,501,600,15,0.147445,0.0926541
10,601,700,7,0.047619,0.0440956
10,701,800,18,0.168288,0.128314
10,801,900,10,0.174277,0.139283
10,901,1000,10,0.102213,0.0622186
16,1,100,19,0.735556,0.480507
16,101,200,15,0.801111,0.636567
16,201,300,18,0.807309,0.592821
16,301,400,20,0.784928,0.469444
16,401,500,15,0.835624,0.613992
16,501,600,10,0.752235,0.383951
16,601,700,18,0.828924,0.501029
16,701,800,10,0.647887,0.319753
16,801,900,20,0.754491,0.476605
16,901,1000,15,0.658725,0.422087
7,1,100,10,-0.0154712,-0.00514623
7,101,200,17,0.0850575,0.0330012
7,201,300,8,-0.0155317,-0.0132877
7,301,400,13,-0.0124698,-0.00436912
7,401,500,15,-0.0119695,-0.008605
7,501,600,8,0.00211522,0.0119585
7,601,700,14,-0.0136452,-0.00307406
7,701,800,12,0.13182,0.0663744
7,801,900,12,-0.0174315,-0.0164116
7,901,1000,11,-0.00789314,0.00216141
1,1,100,20,0.206235,0.195163
1,101,200,21,0.246839,0.205406
1,201,300,16,0.189223,0.154285
1,301,400,22,0.221737,0.177916
1,401,500,18,0.181427,0.157137
1,501,600,18,0.261088,0.243959
1,601,700,14,0.236682,0.177452
1,701,800,16,0.221652,0.189533
1,801,900,13,0.14827,0.132865
1,901,1000,19,0.172654,0.161797
5,1,100,8,0.17265,0.124843
5,101,200,16,0.212841,0.16543
5,201,300,18,0.258841,0.180182
5,301,400,16,0.304537,0.212376
5,401,500,16,0.175926,0.151786
5,501,600,12,0.3769,0.221575
5,601,700,20,0.250419,0.135383
5,701,800,5,0.247863,0.185322
5,801,900,2,0.133333,0.0833333
5,901,1000,12,0.216688,0.164001
2,1,100,10,0.0539054,0.0512526
2,101,200,5,0.06588,0.0750958
2,201,300,12,0.0967562,0.0623712
2,301,400,9,-0.00364613,0.00960359
2,401,500,12,0.261464,0.14233
2,501,600,12,0.105691,0.0466869
2,601,700,13,0.14961,0.0451559
2,701,800,9,0.103535,0.0430809
2,801,900,8,0.159342,0.0815972
2,901,1000,7,0.13811,0.0527681
3,1,100,16,0.132018,0.0989599
3,101,200,15,0.16559,0.129398
3,201,300,21,0.149448,0.109648
3,301,400,17,0.102301,0.0606645
3,401,500,11,0.123696,0.0770514
3,501,600,17,0.134353,0.0767839
3,601,700,11,0.116569,0.0809067
3,701,800,21,0.164633,0.117625
3,801,900,16,0.138035,0.0985791
3,901,1000,21,0.122231,0.0933046
15,1,100,10,0.174711,0.136403
15,101,200,11,0.143126,0.106745
15,201,300,8,0.122638,0.0866169
15,301,400,8,0.120848,0.0905888
15,401,500,10,0.138156,0.133941
15,501,600,9,0.0816084,0.0597344
15,601,700,9,0.154296,0.124581
15,701,800,10,0.140182,0.0983479
15,801,900,8,0.190052,0.15614
15,901,1000,9,0.156746,0.116489
4,1,100,15,0.236564,0.142186
4,101,200,18,0.177842,0.109531
4,201,300,13,0.0967891,0.0770811
4,301,400,13,0.122914,0.088775
4,401,500,9,0.103113,0.0839605
4,501,600,16,0.158428,0.103392
4,601,700,13,0.122922,0.09282
4,701,800,18,0.0631526,0.0617291
4,801,900,13,0.187243,0.112018
4,901,1000,13,0.185464,0.132233
17,1,100,16,0.262065,0.149469
17,101,200,17,0.34188,0.273742
17,201,300,10,0.19986,0.089844
17,301,400,12,0.302801,0.180621
17,401,500,10,0.261696,0.188769
17,501,600,12,0.262372,0.196832
17,601,700,10,0.241774,0.142585
17,701,800,13,0.278777,0.19857
17,801,900,15,0.390232,0.267305
17,901,1000,8,0.270833,0.16061
7,1,100,5,0.0598291,0.0402402
7,101,200,2,0.369176,0.235252
7,201,300,6,0.349525,0.204006
7,301,400,8,0.28984,0.13765
7,401,500,10,0.283019,0.172394
7,501,600,9,0.417786,0.216227
7,601,700,13,0.288128,0.145468
7,701,800,10,0.467386,0.246483
7,801,900,5,0.0437158,0.0228395
7,901,1000,6,-0.0213941,0.00814001
19,1,100,14,0.0383019,0.0379873
19,101,200,10,0.000620732,0.0199074
19,201,300,10,0.0169794,0.0366667
19,301,400,10,0.185289,0.155044
19,401,500,7,0.0724638,0.0730437
19,501,600,12,0.161873,0.149464
19,601,700,12,0.0620129,0.0420671
19,701,800,12,0.0134382,0.031314
19,801,900,16,0.0869183,0.0833393
19,901,1000,3,0.202614,0.191971
6,1,100,22,0.109683,0.0701756
6,101,200,12,0.086758,0.0446399
6,201,300,9,0.0303248,0.0195343
6,301,400,13,0.0040877,0.00105133
6,401,500,11,0.0402321,0.0190273
6,501,600,13,0.108546,0.0721667
6,601,700,8,0.0509963,0.0249723
6,701,800,10,0.038671,0.0296493
6,801,900,16,0.027583,0.0215095
6,901,1000,8,0.103535,0.0835091
19,1,100,6,0.142157,0.0741384
19,101,200,10,-0.0173611,-0.00169753
19,201,300,11,-0.00106073,0.0085941
19,301,400,9,0.0980241,0.0866998
19,401,500,9,0.233115,0.111454
19,501,600,7,0.140212,0.118958
19,601,700,9,0.00987654,0.0282236
19,701,800,7,0.00584795,0.0120294
19,801,900,8,0.0641975,0.0899306
19,901,1000,11,0.0740741,0.0849598
7,1,100,10,0.247685,0.0904331
7,101,200,8,0.398693,0.23622
7,201,300,7,0.532164,0.231519
7,301,400,7,0.0940171,0.0444444
7,401,500,7,0.300926,0.127417
7,501,600,7,0.192982,0.143315
7,601,700,13,0.282812,0.140749
7,701,800,9,0.267453,0.16718
7,801,900,6,0.198718,0.0875706
7,901,1000,6,0.540911,0.345828
4,1,100,14,0.211523,0.188919
4,101,200,18,0.169591,0.133281
4,201,300,14,0.173593,0.179379
4,301,400,12,0.211771,0.200438
4,401,500,11,0.158904,0.159025
4,501,600,11,0.18684,0.180744
4,601,700,12,0.117342,0.0994152
4,701,800,14,0.190044,0.156995
4,801,900,16,0.157828,0.153986
4,901,1000,14,0.18399,0.169361
4,1,100,22,0.101655,0.0311085
4,101,200,13,0.0400327,0.0219846
4,201,300,15,-0.0117146,0.00145814
4,301,400,16,0.0375,0.0151576
4,401,500,9,-0.00156495,0.00332384
4,501,600,17,-0.00847836,-0.00199408
4,601,700,13,0.164802,0.0479791
4,701,800,14,0.143519,0.0382029
4,801,900,18,0.0109428,0.0100075
4,901,1000,21,0.0299367,0.0235505
0,1,100,22,0.118774,0.0805733
0,101,200,14,0.0917191,0.0746606
0,201,300,13,0.127552,0.104808
0,301,400,13,0.0599769,0.0437981
0,401,500,15,0.0780952,0.0589728
0,501,600,14,0.0475057,0.0364313
0,601,700,7,0.079602,0.0611444
0,701,800,8,0.0312376,0.0404408
0,801,900,12,0.117991,0.0810577
0,901,1000,7,0.0309488,0.020236
5,1,100,13,0.332177,0.287294
5,101,200,11,0.309654,0.188876
5,201,300,11,0.358974,0.188552
5,301,400,7,0.286822,0.195767
5,401,500,10,0.263441,0.167593
5,501,600,13,0.225473,0.124406
5,601,700,11,0.322527,0.250384
5,701,800,15,0.365336,0.270153
5,801,900,7,0.293827,0.202381
5,901,1000,10,0.261209,0.164815
0,1,100,8,0.190031,0.0605507
0,101,200,2,0.037037,0.0277778
0,201,300,8,0.0512821,0.0300926
0,301,400,8,0.305954,0.168534
0,401,500,4,0.359649,0.184764
0,501,600,6,0.191176,0.080872
0,601,700,8,0.186508,0.0674951
0,701,800,7,0.056338,0.0300611
0,801,900,11,0.264214,0.164859
0,901,1000,6,0.207689,0.135099
2,1,100,9,0.156816,0.117024
2,101,200,5,0.17756,0.13986
2,201,300,15,0.119864,0.0730451
2,301,400,6,0.0666667,0.037037
2,401,500,4,0.0421456,0.03003
2,501,600,13,0.103465,0.0897743
2,601,700,12,0.137281,0.0926197
2,701,800,11,0.131632,0.0889409
2,801,900,6,0.120915,0.0933277
2,901,1000,9,0.115782,0.078633
15,1,100,12,0.119597,0.0655656
15,101,200,10,0.169282,0.134205
15,201,300,7,0.14616,0.107937
15,301,400,8,-9.25186e-18,0.0192191
15,401,500,7,0.0719697,0.0382126
15,501,600,9,0.0965732,0.0455368
15,601,700,9,0.111111,0.059643
15,701,800,14,0.184576,0.133278
15,801,900,4,0.123457,0.0638889
15,901,1000,6,0.312446,0.197163
10,1,100,9,0.329073,0.0940703
10,101,200,9,0.0945166,0.0340261
10,201,300,11,0.510451,0.263141
10,301,400,8,0.331104,0.0883108
10,401,500,14,0.383723,0.121372
10,501,600,14,0.389257,0.117887
10,601,700,8,0.467722,0.295491
10,701,800,9,0.462505,0.312008
10,801,900,13,0.427071,0.161158
10,901,1000,11,0.322391,0.109187
13,1,100,11,0.357143,0.226926
13,101,200,16,0.307898,0.197801
13,201,300,6,0.262873,0.171287
13,301,400,9,0.338774,0.20891
13,401,500,17,0.251891,0.166158
13,501,600,18,0.254347,0.184599
13,601,700,14,0.156989,0.11649
13,701,800,13,0.315412,0.24188
13,801,900,14,0.3815,0.294171
13,901,1000,14,0.311798,0.160378
9,1,100,11,0.267727,0.241634
9,101,200,22,0.280153,0.245321
9,201,300,16,0.222765,0.190522
9,301,400,16,0.274132,0.206034
9,401,500,16,0.213404,0.184082
9,501,600,13,0.222097,0.18556
9,601,700,11,0.191074,0.146371
9,701,800,15,0.209526,0.16851
9,801,900,23,0.205065,0.19784
9,901,1000,14,0.301245,0.246602
13,1,100,8,0.196547,0.139174
13,101,200,5,0.218456,0.154972
13,201,300,12,0.181077,0.0988749
13,301,400,8,0.259589,0.168778
13,401,500,7,0.110429,0.0739962
13,501,600,8,0.238452,0.150329
13,601,700,5,0.194313,0.130403
13,701,800,8,0.192184,0.124588
13,801,900,9,0.220202,0.134192
13,901,1000,8,0.162913,0.094152
18,1,100,12,0.38571,0.278649
18,101,200,11,0.159239,0.0791864
18,201,300,11,0.517798,0.329355
18,301,400,15,0.487965,0.352887
18,401,500,15,0.470594,0.289054
18,501,600,17,0.484054,0.227829
18,601,700,10,0.514909,0.272847
18,701,800,10,0.53129,0.320952
18,801,900,14,0.525638,0.385475
18,901,1000,12,0.402885,0.241238
12,1,100,6,0.0628707,0.0842102
12,101,200,10,0.149573,0.0848148
12,201,300,9,0.29368,0.169097
12,301,400,7,0.0980392,0.0793651
12,401,500,14,0.279184,0.146125
12,501,600,15,0.284533,0.170851
12,601,700,10,0.195402,0.123645
12,701,800,10,0.0130532,0.0335441
12,801,900,5,0.266667,0.130423
12,901,1000,7,0.0628019,0.0648526
16,1,100,13,0.032087,0.0422828
16,101,200,12,0.0439276,0.0371967
16,201,300,18,0.0162774,0.0255878
16,301,400,14,0.0749687,0.0575274
16,401,500,11,0.0349003,0.037403
16,501,600,21,0.0170292,0.0210334
16,601,700,10,0.139893,0.0877345
16,701,800,9,0.0193752,0.0284409
16,801,900,15,0.0270429,0.0208379
16,901,1000,10,0.0490053,0.0390999
11,1,100,8,0.082244,0.0822198
11,101,200,9,0.0486111,0.0477242
11,201,300,11,-0.00762527,0.00330068
11,301,400,11,0.125683,0.138283
11,401,500,5,0.162393,0.0814815
11,501,600,10,0.01566,0.0362813
11,601,700,7,-0.0215054,0.00267986
11,701,800,10,0.0576441,0.0398151
11,801,900,10,0.111111,0.0783309
11,901,1000,12,0.0748489,0.0653125
8,1,100,11,0.453663,0.344581
8,101,200,18,0.431006,0.323147
8,201,300,10,0.481481,0.307787
8,301,400,11,0.425248,0.311645
8,401,500,15,0.488652,0.395597
8,501,600,6,0.539474,0.288732
8,601,700,16,0.415081,0.288258
8,701,800,9,0.509442,0.352073
8,801,900,7,0.418704,0.339764
8,901,1000,16,0.522116,0.432493
13,1,100,12,0.46681,0.409248
13,101,200,7,0.460368,0.346554
13,201,300,7,0.395528,0.139997
13,301,400,10,0.366417,0.174532
13,401,500,16,0.484061,0.37269
13,501,600,8,0.440344,0.266596
13,601,700,12,0.42962,0.243399
13,701,800,9,0.438179,0.224629
13,801,900,12,0.449676,0.336888
13,901,1000,13,0.399923,0.263195
18,1,100,6,0.648644,0.510436
18,101,200,7,0.57672,0.308473
18,201,300,8,0.629049,0.353092
18,301,400,9,0.619792,0.322531
18,401,500,12,0.703035,0.475585
18,501,600,12,0.584536,0.32789
18,601,700,11,0.667918,0.406122
18,701,800,6,0.668395,0.502283
18,801,900,9,0.620596,0.299795
18,901,1000,7,0.746732,0.460317
14,1,100,16,-0.0117878,-0.000148502
14,101,200,14,-0.00912033,0.00179434
14,201,300,15,-0.019368,-0.0183906
14,301,400,19,-0.00626613,0.00183432
14,401,500,24,0.00743986,0.0171928
14,501,600,25,0.0149534,0.0158238
14,601,700,22,-0.0110044,-0.0007603
14,701,800,16,0.0127417,0.0261473
14,801,900,31,-0.00865318,0.00649352
14,901,1000,18,0.00292247,0.00783921
1,1,100,15,0.228818,0.107928
1,101,200,13,0.0877193,0.0590401
1,201,300,13,0.144144,0.0748568
1,301,400,16,0.162257,0.0740781
1,401,500,10,0.0114174,0.00776728
1,501,600,17,0.11315,0.0399662
1,601,700,11,0.106511,0.0475501
1,701,800,13,0.148746,0.0683761
1,801,900,16,0.127385,0.0536096
1,901,1000,17,0.184652,0.092178
11,1,100,11,0.191352,0.089145
11,101,200,16,0.271251,0.176569
11,201,300,14,0.214482,0.147887
11,301,400,13,0.24743,0.18258
11,401,500,5,0.291852,0.211736
11,501,600,12,0.212584,0.136579
11,601,700,24,0.247387,0.158263
11,701,800,10,0.195836,0.142202
11,801,900,6,0.19708,0.117934
11,901,1000,19,0.187432,0.112085
18,1,100,13,0.241959,0.149267
18,101,200,8,0.296448,0.180754
18,201,300,12,0.105617,0.0580771
18,301,400,15,0.239849,0.126356
18,401,500,16,0.241192,0.158572
18,501,600,18,0.250996,0.176809
18,601,700,18,0.262008,0.160954
18,701,800,11,0.302536,0.191919
18,801,900,15,0.328725,0.218035
18,901,1000,15,0.251942,0.111111
11,1,100,6,0.511111,0.288197
11,101,200,4,0.513889,0.15812
11,201,300,12,0.489351,0.297108
11,301,400,10,0.401509,0.151391
11,401,500,11,0.494278,0.31953
11,501,600,8,0.455782,0.207529
11,601,700,7,0.471471,0.228327
11,701,800,14,0.430392,0.147284
11,801,900,9,0.517007,0.235518
11,901,1000,8,0.427722,0.130814
8,1,100,2,0.0740741,0.0665618
8,101,200,9,0.0934617,0.0817998
8,201,300,5,0.148148,0.0740741
8,301,400,5,0.112769,0.0444444
8,401,500,5,0.18174,0.141975
8,501,600,4,0.076087,0.0531222
8,601,700,9,0.122024,0.0946918
8,701,800,3,0.0740741,0.0555556
8,801,900,2,0.0833333,0.0555556
8,901,1000,5,0.0679522,0.0310273
15,1,100,13,0.0429182,0.0303636
15,101,200,14,0.203744,0.138955
15,201,300,12,0.112426,0.103129
15,301,400,16,0.175664,0.139381
15,401,500,9,0.124579,0.0974681
15,501,600,10,0.0306442,0.0318903
15,601,700,8,0.0880127,0.0994071
15,701,800,7,0.148148,0.117112
15,801,900,9,0.0885417,0.0721919
15,901,1000,12,0.0389972,0.0254339
7,1,100,10,0.117063,0.0972461
7,101,200,11,0.207819,0.137247
7,201,300,16,0.167804,0.131484
7,301,400,18,0.156479,0.117432
7,401,500,19,0.11623,0.0836288
7,501,600,13,0.294387,0.201094
7,601,700,8,0.145848,0.145341
7,701,800,10,0.181624,0.129943
7,801,900,13,0.194713,0.155084
7,901,1000,7,0.153117,0.104095
11,1,100,17,0.352901,0.226841
11,101,200,9,0.501543,0.334127
11,201,300,13,0.381185,0.216644
11,301,400,3,0.574139,0.425072
11,401,500,8,0.393714,0.233996
11,501,600,8,0.338699,0.285969
11,601,700,21,0.430231,0.305004
11,701,800,10,0.468999,0.316749
11,801,900,10,0.298433,0.152582
11,901,1000,10,0.455068,0.358934
12,1,100,12,0.0509704,0.0551291
12,101,200,13,-0.0082526,0.00658292
12,201,300,6,0.0555556,0.037037
12,301,400,11,0.0880328,0.0762623
12,401,500,15,0.0973085,0.0778467
12,501,600,8,0.092533,0.0816484
12,601,700,14,0.0208333,0.0317549
12,701,800,12,0.023624,0.0358841
12,801,900,12,-0.0457516,-0.0283052
12,901,1000,19,0.0246914,0.0351214
19,1,100,17,0.336265,0.225708
19,101,200,11,0.352581,0.272448
19,201,300,13,0.250992,0.17909
19,301,400,17,0.371857,0.273087
19,401,500,14,0.310564,0.207489
19,501,600,12,0.345345,0.232219
19,601,700,13,0.297491,0.213398
19,701,800,19,0.382761,0.268661
19,801,900,19,0.355386,0.247952
19,901,1000,14,0.30644,0.238529
2,1,100,9,0.308536,0.279775
2,101,200,9,0.230616,0.21918
2,201,300,14,0.200678,0.206164
2,301,400,16,0.28565,0.250139
2,401,500,9,0.206799,0.16633
2,501,600,8,0.202483,0.210877
2,601,700,10,0.100242,0.099236
2,701,800,9,0.185824,0.136073
2,801,900,12,0.181699,0.194577
2,901,1000,11,0.0631648,0.0688685
6,1,100,9,0.0222222,0.0405724
6,101,200,10,0.218638,0.121316
6,201,300,16,0.0769746,0.0866677
6,301,400,8,0.0960086,0.114103
6,401,500,13,0.122896,0.0983683
6,501,600,15,0.0824916,0.0675758
6,601,700,6,0.136364,0.136532
6,701,800,12,0.114266,0.102702
6,801,900,7,0.0806697,0.0873737
6,901,1000,16,0.128706,0.120338
0,1,100,26,0.00921016,0.00537491
0,101,200,27,0.0139109,0.0163954
0,201,300,20,0.00944423,0.00995211
0,301,400,30,0.0313697,0.0236609
0,401,500,28,0.0369278,0.0230284
0,501,600,34,0.0306726,0.0270981
0,601,700,26,0.0192503,0.0188028
0,701,800,27,0.00215015,0.0038248
0,801,900,28,0.0323112,0.0265649
0,901,1000,21,0.00700554,0.00432646
19,1,100,20,0.643523,0.492315
19,101,200,13,0.565773,0.409623
19,201,300,20,0.602379,0.355675
19,301,400,16,0.632757,0.46261
19,401,500,23,0.654005,0.446479
19,501,600,26,0.658476,0.518967
19,601,700,20,0.677716,0.50586
19,701,800,16,0.63131,0.506488
19,801,900,12,0.558499,0.368827
19,901,1000,17,0.653683,0.519539
14,1,100,10,0.309179,0.248499
14,101,200,8,0.208405,0.126281
14,201,300,10,0.185185,0.165067
14,301,400,11,0.227827,0.18315
14,401,500,7,0.213992,0.151235
14,501,600,11,0.0928897,0.0714849
14,601,700,8,0.172336,0.14256
14,701,800,13,0.274124,0.197584
14,801,900,18,0.209642,0.147145
14,901,1000,7,0.168724,0.0912811
4,1,100,8,0.121192,0.0818186
4,101,200,10,0.126319,0.0958556
4,201,300,14,0.178865,0.119492
4,301,400,7,0.141654,0.102577
4,401,500,9,0.0757275,0.0562957
4,501,600,6,0.103251,0.0712327
4,601,700,8,0.158497,0.0970611
4,701,800,13,0.137834,0.0913429
4,801,900,9,0.310345,0.205192
4,901,1000,10,0.116298,0.0857088
18,1,100,13,0.123748,0.100856
18,101,200,11,0.10963,0.0909842
18,201,300,15,0.0743452,0.0477801
18,301,400,14,0.125567,0.0879211
18,401,500,18,0.106145,0.0853271
18,501,600,12,0.11622,0.102894
18,601,700,18,0.105442,0.0756862
18,701,800,12,0.0603363,0.0542768
18,801,900,15,0.0960039,0.0644779
18,901,1000,15,0.128131,0.108394
5,1,100,12,0.0945626,0.0974018
5,101,200,13,0.0332244,0.042789
5,201,300,7,-0.0122275,-0.0048791
5,301,400,9,0.0813541,0.0569856
5,401,500,10,-0.0391363,-0.0140545
5,501,600,12,-0.00300687,0.012603
5,601,700,8,0.0123457,0.0404497
5,701,800,13,-0.0346756,-0.0123996
5,801,900,14,-0.0193798,0.000602622
5,901,1000,10,-0.0500611,-0.0396924
2,1,100,12,0.0375708,0.0394187
2,101,200,17,0.0477574,0.0684706
2,201,300,14,0.0148001,0.0303813
2,301,400,19,-0.0159427,0.000595335
2,401,500,15,0.0442698,0.0572835
2,501,600,14,0.0417616,0.0646849
2,601,700,16,-0.0294414,-0.0128253
2,701,800,12,0.0340459,0.0631341
2,801,900,11,-0.0195052,-0.0125146
2,901,1000,11,0.00105569,0.0167918
4,1,100,8,0.192732,0.0809729
4,101,200,15,0.24818,0.114009
4,201,300,9,0.335963,0.126867
4,301,400,14,0.219907,0.0687666
4,401,500,10,0.100877,0.0653719
4,501,600,11,0.030303,0.0169927
4,601,700,13,0.0625,0.0495788
4,701,800,12,0.153195,0.0745041
4,801,900,15,0.25031,0.10032
4,901,1000,15,0.0141166,0.018662
3,1,100,10,0.0317338,0.0260781
3,101,200,12,-0.0308642,-0.026455
3,201,300,12,0.0747729,0.0675176
3,301,400,11,0.071618,0.0399825
3,401,500,13,0.0752816,0.0359215
3,501,600,14,0.0848061,0.0432508
3,601,700,12,0.103314,0.0642419
3,701,800,11,-0.0205761,-0.00704851
3,801,900,10,0.123932,0.0341827
3,901,1000,12,-0.0225443,-0.00992063
8,1,100,7,0.0200138,0.0247432
8,101,200,6,0.0776014,0.065717
8,201,300,8,-0.0208333,-0.000992063
8,301,400,12,0.0726496,0.0478192
8,401,500,7,0.0391236,0.0265255
8,501,600,12,0.0522018,0.029615
8,601,700,6,0.103704,0.0740741
8,701,800,8,0.0987654,0.0590278
8,801,900,11,0.0239141,0.0219927
8,901,1000,10,0.06756,0.0365517
3,1,100,14,0.136165,0.110437
3,101,200,12,0.194682,0.138945
3,201,300,2,0.333333,0.1875
3,301,400,12,0.116531,0.0824041
3,401,500,11,0.285137,0.210181
3,501,600,13,0.23037,0.147493
3,601,700,7,0.0514905,0.0412432
3,701,800,14,0.186992,0.111255
3,801,900,10,0.179894,0.132252
3,901,1000,10,0.225536,0.153371
6,1,100,9,0.31713,0.190723
6,101,200,7,0.371795,0.253818
6,201,300,7,0.444444,0.190066
6,301,400,12,0.373004,0.182572
6,401,500,3,0.365079,0.299304
6,501,600,8,0.422442,0.19816
6,601,700,11,0.388666,0.166257
6,701,800,7,0.465075,0.403994
6,801,900,9,0.272661,0.114098
6,901,1000,9,0.471033,0.333921
18,1,100,8,0.208842,0.0986596
18,101,200,9,0.299645,0.140527
18,201,300,11,0.27305,0.0998254
18,301,400,8,0.146006,0.0752108
18,401,500,7,0.0277778,0.0198413
18,501,600,9,0.236316,0.0757435
18,601,700,5,0.242938,0.119192
18,701,800,15,0.207697,0.104245
18,801,900,12,0.303562,0.166777
18,901,1000,10,0.419444,0.268344
5,1,100,18,0.169177,0.146728
5,101,200,10,0.146431,0.0905797
5,201,300,20,0.21377,0.189287
5,301,400,14,0.235049,0.159308
5,401,500,17,0.210694,0.182461
5,501,600,14,0.110744,0.0969785
5,601,700,23,0.145902,0.130847
5,701,800,21,0.153886,0.137687
5,801,900,15,0.0959174,0.0894214
5,901,1000,21,0.173705,0.167614
16,1,100,15,0.130523,0.0966488
16,101,200,8,0.177253,0.156807
16,201,300,9,0.15143,0.116592
16,301,400,11,0.156254,0.140909
16,401,500,17,0.112634,0.0908012
16,501,600,8,0.152961,0.130858
16,601,700,9,0.154472,0.102847
16,701,800,10,0.159808,0.119965
16,801,900,6,0.143082,0.124594
16,901,1000,8,0.116753,0.0890715
5,1,100,18,0.0834539,0.0851655
5,101,200,7,0.097039,0.0765142
5,201,300,11,0.0698925,0.0592245
5,301,400,13,0.045584,0.0530506
5,401,500,13,0.0477168,0.0532486
5,501,600,7,0.145158,0.111404
5,601,700,16,0.0171494,0.0355809
5,701,800,16,0.0219371,0.0311558
5,801,900,18,0.0725476,0.0843791
5,901,1000,16,0.0577444,0.0530531
0,1,100,13,0.163237,0.0312257
0,101,200,8,0.224875,0.0999258
0,201,300,9,0.23198,0.081696
0,301,400,11,0.169399,0.0698382
0,401,500,19,0.0361953,0.0103243
0,501,600,15,0.114371,0.0243812
0,601,700,13,0.0998283,0.0460492
0,701,800,12,0.132469,0.0565435
0,801,900,14,0.239983,0.117727
0,901,1000,6,0.111111,0.037037
2,1,100,9,0.388573,0.2092
2,101,200,10,0.399707,0.241997
2,201,300,9,0.375226,0.173095
2,301,400,12,0.395314,0.234707
2,401,500,14,0.376197,0.219513
2,501,600,7,0.214559,0.166667
2,601,700,10,0.327943,0.21699
2,701,800,12,0.312169,0.200686
2,801,900,5,0.354553,0.214706
2,901,1000,9,0.199046,0.102686
2,1,100,18,0.172611,0.118469
2,101,200,11,0.360865,0.122246
2,201,300,10,0.196266,0.130187
2,301,400,9,0.245565,0.179708
2,401,500,7,0.0884194,0.0723104
2,501,600,9,0.0763052,0.0619628
2,601,700,8,0.43625,0.272619
2,701,800,10,0.328256,0.216137
2,801,900,11,0.326151,0.174176
2,901,1000,9,0.194392,0.142906
2,1,100,13,0.107941,0.0941752
2,101,200,21,0.147334,0.144611
2,201,300,16,0.0907343,0.0849203
2,301,400,15,0.107571,0.107789
2,401,500,16,0.0749601,0.0802508
2,501,600,16,0.117045,0.115515
2,601,700,13,0.167667,0.156536
2,701,800,19,0.197324,0.183836
2,801,900,17,0.132433,0.127872
2,901,1000,9,0.101307,0.120042
0,1,100,14,0.156678,0.137314
0,101,200,16,0.187886,0.129276
0,201,300,19,0.159858,0.122852
0,301,400,22,0.105239,0.0959703
0,401,500,13,0.128641,0.0905561
0,501,600,8,0.078737,0.062099
0,601,700,12,0.0920377,0.0861764
0,701,800,20,0.17443,0.120452
0,801,900,23,0.105799,0.102978
0,901,1000,15,0.119088,0.0950969
0,1,100,11,0.150715,0.108441
0,101,200,11,0.199154,0.128966
0,201,300,10,0.195935,0.118097
0,301,400,9,0.20341,0.0956181
0,401,500,8,0.193084,0.153055
0,501,600,11,0.11026,0.0847527
0,601,700,15,0.112252,0.0580838
0,701,800,11,0.183628,0.124735
0,801,900,14,0.12963,0.0827503
0,901,1000,10,0.224296,0.106411
18,1,100,10,0.369489,0.22595
18,101,200,7,0.317658,0.142893
18,201,300,13,0.268548,0.121796
18,301,400,8,-0.0206995,-0.00179785
18,401,500,8,0.196037,0.0833575
18,501,600,9,0.378477,0.206828
18,601,700,10,0.402891,0.203628
18,701,800,14,0.435337,0.25741
18,801,900,5,0.312354,0.174449
18,901,1000,10,0.42492,0.192892
6,1,100,20,0.054397,0.0541496
6,101,200,11,0.00850611,0.025493
6,201,300,11,-0.00285948,0.015311
6,301,400,19,0.0362087,0.0329833
6,401,500,13,0.0194897,0.0313056
6,501,600,15,0.00218542,0.0171227
6,601,700,13,0.0162037,0.030525
6,701,800,14,0.0181898,0.0305074
6,801,900,11,-0.00667247,0.00889851
6,901,1000,14,0.0339489,0.0326519
3,1,100,14,0.0745501,0.055235
3,101,200,13,0.0946502,0.06177
3,201,300,13,0.0372844,0.00906681
3,301,400,7,0.0724496,0.0519448
3,401,500,10,0.0526654,0.0349146
3,501,600,15,0.0479582,0.0277674
3,601,700,11,0.0501319,0.0344823
3,701,800,20,0.121133,0.056202
3,801,900,14,0.110429,0.0655484
3,901,1000,18,0.12324,0.0966838
