CHROM,BIN_START,BIN_END,N_VARIANTS,PI
2,1,100,80,0.368802
2,101,200,78,0.355096
2,201,300,86,0.38204
2,301,400,74,0.326808
2,401,500,82,0.369893
2,501,600,82,0.363441
2,601,700,69,0.302729
2,701,800,71,0.306588
2,801,900,77,0.347333
2,901,1000,80,0.359418
12,1,100,69,0.310503
12,101,200,77,0.354266
12,201,300,79,0.361559
12,301,400,73,0.321232
12,401,500,81,0.364299
12,501,600,81,0.361051
12,601,700,79,0.362763
12,701,800,76,0.354655
12,801,900,82,0.372565
12,901,1000,77,0.351638
9,1,100,68,0.306158
9,101,200,73,0.326316
9,201,300,76,0.342915
9,301,400,73,0.329718
9,401,500,77,0.348565
9,501,600,77,0.348492
9,601,700,82,0.364927
9,701,800,78,0.34774
9,801,900,74,0.338345
9,901,1000,71,0.313712
13,1,100,76,0.342169
13,101,200,76,0.339593
13,201,300,80,0.349051
13,301,400,77,0.350023
13,401,500,70,0.307514
13,501,600,70,0.313859
13,601,700,84,0.36987
13,701,800,81,0.357311
13,801,900,84,0.366356
13,901,1000,74,0.332062
13,1,100,77,0.356616
13,101,200,80,0.364938
13,201,300,77,0.353237
13,301,400,81,0.380723
13,401,500,83,0.380045
13,501,600,75,0.345113
13,601,700,74,0.345102
13,701,800,76,0.349209
13,801,900,77,0.346576
13,901,1000,77,0.359898
1,1,100,84,0.373458
1,101,200,81,0.357808
1,201,300,72,0.329881
1,301,400,81,0.366571
1,401,500,78,0.350113
1,501,600,81,0.365316
1,601,700,84,0.376768
1,701,800,75,0.342723
1,801,900,76,0.337073
1,901,1000,86,0.384605
14,1,100,78,0.357774
14,101,200,81,0.381
14,201,300,80,0.378644
14,301,400,78,0.354672
14,401,500,78,0.353169
14,501,600,84,0.384056
14,601,700,81,0.366712
14,701,800,78,0.367593
14,801,900,73,0.319763
14,901,1000,76,0.34465
16,1,100,75,0.335497
16,101,200,78,0.356774
16,201,300,76,0.338051
16,301,400,71,0.322977
16,401,500,80,0.366927
16,501,600,78,0.346881
16,601,700,80,0.371944
16,701,800,82,0.364073
16,801,900,83,0.373136
16,901,1000,74,0.329678
19,1,100,76,0.34487
19,101,200,74,0.331412
19,201,300,76,0.333243
19,301,400,77,0.340757
19,401,500,81,0.36326
19,501,600,84,0.376514
19,601,700,81,0.366836
19,701,800,74,0.332379
19,801,900,75,0.339356
19,901,1000,80,0.358876
5,1,100,74,0.332785
5,101,200,78,0.358774
5,201,300,72,0.311864
5,301,400,79,0.350989
5,401,500,74,0.34352
5,501,600,83,0.376955
5,601,700,76,0.326847
5,701,800,73,0.317249
5,801,900,75,0.337
5,901,1000,76,0.353203
2,1,100,79,0.350294
2,101,200,78,0.356678
2,201,300,85,0.369842
2,301,400,77,0.343169
2,401,500,77,0.347469
2,501,600,75,0.332966
2,601,700,73,0.334136
2,701,800,72,0.319887
2,801,900,75,0.338435
2,901,1000,72,0.320763
10,1,100,81,0.358768
10,101,200,83,0.367746
10,201,300,77,0.34765
10,301,400,80,0.365734
10,401,500,86,0.395616
10,501,600,79,0.352774
10,601,700,80,0.346322
10,701,800,68,0.31026
10,801,900,67,0.302294
10,901,1000,81,0.370706
15,1,100,82,0.366158
15,101,200,82,0.372944
15,201,300,81,0.371746
15,301,400,73,0.337746
15,401,500,75,0.347503
15,501,600,78,0.361424
15,601,700,79,0.365938
15,701,800,81,0.369441
15,801,900,82,0.379203
15,901,1000,82,0.376367
15,1,100,74,0.345373
15,101,200,82,0.368407
15,201,300,80,0.359588
15,301,400,75,0.336119
15,401,500,80,0.34813
15,501,600,78,0.349938
15,601,700,75,0.344531
15,701,800,83,0.366791
15,801,900,78,0.343621
15,901,1000,76,0.343565
9,1,100,76,0.34691
9,101,200,74,0.333955
9,201,300,79,0.351627
9,301,400,75,0.342294
9,401,500,74,0.33091
9,501,600,80,0.346989
9,601,700,78,0.358288
9,701,800,71,0.307277
9,801,900,79,0.348791
9,901,1000,84,0.375034
13,1,100,78,0.354068
13,101,200,78,0.359831
13,201,300,78,0.350537
13,301,400,81,0.369147
13,401,500,80,0.359345
13,501,600,82,0.375672
13,601,700,80,0.373718
13,701,800,79,0.360678
13,801,900,86,0.392684
13,901,1000,75,0.340345
8,1,100,77,0.344695
8,101,200,84,0.378768
8,201,300,79,0.360616
8,301,400,76,0.340842
8,401,500,77,0.350345
8,501,600,81,0.361797
8,601,700,83,0.370203
8,701,800,77,0.34352
8,801,900,78,0.346441
8,901,1000,79,0.350435
7,1,100,80,0.345565
7,101,200,77,0.347136
7,201,300,73,0.325678
7,301,400,72,0.320169
7,401,500,83,0.381311
7,501,600,75,0.340226
7,601,700,79,0.346412
7,701,800,76,0.338633
7,801,900,75,0.324893
7,901,1000,73,0.333175
16,1,100,78,0.338446
16,101,200,77,0.347153
16,201,300,84,0.383328
16,301,400,74,0.338672
16,401,500,79,0.351938
16,501,600,71,0.32861
16,601,700,73,0.324034
16,701,800,72,0.327266
16,801,900,75,0.332034
16,901,1000,79,0.368181
4,1,100,78,0.350486
4,101,200,81,0.377576
4,201,300,78,0.360198
4,301,400,79,0.364136
4,401,500,79,0.350989
4,501,600,75,0.328424
4,601,700,83,0.37387
4,701,800,81,0.363
4,801,900,79,0.359514
4,901,1000,71,0.321537
14,1,100,78,0.352412
14,101,200,77,0.347056
14,201,300,65,0.289458
14,301,400,71,0.324972
14,401,500,79,0.35339
14,501,600,73,0.328271
14,601,700,71,0.322169
14,701,800,86,0.381249
14,801,900,77,0.340186
14,901,1000,79,0.350181
15,1,100,73,0.331661
15,101,200,74,0.336435
15,201,300,82,0.369746
15,301,400,76,0.344904
15,401,500,81,0.366356
15,501,600,76,0.345689
15,601,700,78,0.352169
15,701,800,70,0.312395
15,801,900,83,0.366232
15,901,1000,77,0.334169
16,1,100,74,0.33609
16,101,200,79,0.358073
16,201,300,77,0.346605
16,301,400,68,0.304508
16,401,500,71,0.309808
16,501,600,79,0.356508
16,601,700,73,0.333011
16,701,800,82,0.364215
16,801,900,70,0.311181
16,901,1000,78,0.344853
17,1,100,81,0.367774
17,101,200,77,0.346638
17,201,300,77,0.349814
17,301,400,86,0.382023
17,401,500,74,0.322593
17,501,600,79,0.356706
17,601,700,88,0.386418
17,701,800,78,0.347147
17,801,900,76,0.347034
17,901,1000,71,0.314486
0,1,100,74,0.322672
0,101,200,78,0.349023
0,201,300,79,0.348073
0,301,400,72,0.327486
0,401,500,78,0.353966
0,501,600,81,0.363446
0,601,700,74,0.335056
0,701,800,77,0.333209
0,801,900,77,0.348571
0,901,1000,78,0.34387
6,1,100,87,0.398938
6,101,200,77,0.355746
6,201,300,81,0.370209
6,301,400,75,0.335944
6,401,500,85,0.380203
6,501,600,75,0.336446
6,601,700,74,0.342932
6,701,800,71,0.320243
6,801,900,74,0.333655
6,901,1000,76,0.345254
11,1,100,76,0.34587
11,101,200,76,0.335842
11,201,300,84,0.369966
11,301,400,74,0.331944
11,401,500,73,0.328333
11,501,600,76,0.341006
11,601,700,76,0.341785
11,701,800,73,0.339695
11,801,900,84,0.392429
11,901,1000,73,0.33309
15,1,100,75,0.343554
15,101,200,78,0.346401
15,201,300,78,0.342706
15,301,400,74,0.326305
15,401,500,77,0.351446
15,501,600,88,0.397582
15,601,700,71,0.32109
15,701,800,71,0.318864
15,801,900,75,0.32909
15,901,1000,74,0.344164
11,1,100,78,0.349904
11,101,200,83,0.375621
11,201,300,72,0.320768
11,301,400,83,0.37135
11,401,500,82,0.364768
11,501,600,75,0.339249
11,601,700,78,0.356017
11,701,800,75,0.339215
11,801,900,77,0.343424
11,901,1000,75,0.337802
11,1,100,76,0.339921
11,101,200,81,0.35378
11,201,300,73,0.329333
11,301,400,82,0.365689
11,401,500,75,0.333588
11,501,600,81,0.355299
11,601,700,79,0.361288
11,701,800,77,0.348638
11,801,900,68,0.308452
11,901,1000,77,0.337232
10,1,100,78,0.352836
10,101,200,79,0.356045
10,201,300,79,0.358305
10,301,400,78,0.35087
10,401,500,82,0.363644
10,501,600,75,0.330486
10,601,700,79,0.356006
10,701,800,76,0.344514
10,801,900,76,0.34478
10,901,1000,67,0.295983
9,1,100,79,0.363712
9,101,200,75,0.334362
9,201,300,73,0.332401
9,301,400,78,0.350955
9,401,500,77,0.340763
9,501,600,75,0.338565
9,601,700,84,0.381542
9,701,800,82,0.366458
9,801,900,76,0.33126
9,901,1000,76,0.329864
0,1,100,77,0.349655
0,101,200,80,0.35591
0,201,300,82,0.369582
0,301,400,80,0.366282
0,401,500,68,0.306944
0,501,600,65,0.294124
0,601,700,72,0.309379
0,701,800,76,0.340023
0,801,900,69,0.316299
0,901,1000,76,0.346831
18,1,100,75,0.332322
18,101,200,82,0.372887
18,201,300,81,0.354045
18,301,400,73,0.329362
18,401,500,72,0.321757
18,501,600,79,0.352927
18,601,700,84,0.377446
18,701,800,74,0.337463
18,801,900,77,0.347791
18,901,1000,72,0.317192
9,1,100,73,0.315113
9,101,200,78,0.352904
9,201,300,72,0.323198
9,301,400,74,0.32048
9,401,500,79,0.352367
9,501,600,86,0.381356
9,601,700,74,0.332497
9,701,800,75,0.327672
9,801,900,76,0.344119
9,901,1000,81,0.353294
10,1,100,77,0.342904
10,101,200,75,0.338966
10,201,300,75,0.335576
10,301,400,86,0.382768
10,401,500,80,0.355469
10,501,600,77,0.354226
10,601,700,79,0.35322
10,701,800,80,0.359215
10,801,900,72,0.320977
10,901,1000,77,0.347401
18,1,100,75,0.326339
18,101,200,77,0.344887
18,201,300,83,0.374785
18,301,400,82,0.365576
18,401,500,79,0.352667
18,501,600,81,0.369486
18,601,700,77,0.345006
18,701,800,73,0.33035
18,801,900,81,0.366633
18,901,1000,76,0.338492
1,1,100,73,0.331056
1,101,200,76,0.329605
1,201,300,80,0.366175
1,301,400,77,0.338593
1,401,500,86,0.381955
1,501,600,83,0.370638
1,601,700,76,0.344282
1,701,800,77,0.34652
1,801,900,79,0.359593
1,901,1000,81,0.354401
16,1,100,78,0.338215
16,101,200,76,0.346503
16,201,300,78,0.350763
16,301,400,78,0.352757
16,401,500,69,0.312616
16,501,600,69,0.313605
16,601,700,70,0.319944
16,701,800,74,0.336814
16,801,900,80,0.359853
16,901,1000,76,0.345452
8,1,100,87,0.391842
8,101,200,78,0.354915
8,201,300,77,0.336525
8,301,400,77,0.355158
8,401,500,79,0.343774
8,501,600,78,0.344096
8,601,700,75,0.338011
8,701,800,84,0.374345
8,801,900,72,0.318232
8,901,1000,71,0.318921
15,1,100,84,0.389068
15,101,200,84,0.388
15,201,300,83,0.380232
15,301,400,90,0.410525
15,401,500,89,0.390955
15,501,600,84,0.398898
15,601,700,73,0.336412
15,701,800,78,0.353814
15,801,900,76,0.348034
15,901,1000,68,0.314921
8,1,100,77,0.339763
8,101,200,77,0.340412
8,201,300,78,0.344983
8,301,400,82,0.358073
8,401,500,84,0.385825
8,501,600,85,0.384023
8,601,700,80,0.358593
8,701,800,80,0.354362
8,801,900,80,0.34739
8,901,1000,77,0.341401
14,1,100,80,0.354333
14,101,200,76,0.347412
14,201,300,63,0.285102
14,301,400,77,0.344497
14,401,500,79,0.344734
14,501,600,72,0.313785
14,601,700,78,0.346983
14,701,800,80,0.358819
14,801,900,71,0.322068
14,901,1000,75,0.33326
5,1,100,77,0.339576
5,101,200,80,0.358282
5,201,300,75,0.317175
5,301,400,70,0.314401
5,401,500,77,0.355373
5,501,600,88,0.388621
5,601,700,79,0.352395
5,701,800,83,0.375209
5,801,900,81,0.367689
5,901,1000,68,0.309989
11,1,100,85,0.385763
11,101,200,66,0.283198
11,201,300,76,0.35222
11,301,400,72,0.325469
11,401,500,69,0.311294
11,501,600,79,0.35165
11,601,700,77,0.339356
11,701,800,82,0.364938
11,801,900,78,0.354209
11,901,1000,73,0.311333
4,1,100,72,0.32826
4,101,200,76,0.346667
4,201,300,78,0.340367
4,301,400,77,0.348079
4,401,500,73,0.330859
4,501,600,81,0.354814
4,601,700,81,0.368051
4,701,800,81,0.354638
4,801,900,68,0.302508
4,901,1000,75,0.336379
2,1,100,79,0.364497
2,101,200,84,0.379158
2,201,300,73,0.325141
2,301,400,79,0.353463
2,401,500,82,0.370311
2,501,600,82,0.358644
2,601,700,83,0.384808
2,701,800,79,0.356836
2,801,900,74,0.346401
2,901,1000,79,0.355808
13,1,100,82,0.376085
13,101,200,77,0.346667
13,201,300,87,0.39909
13,301,400,73,0.340435
13,401,500,77,0.351977
13,501,600,76,0.354271
13,601,700,77,0.348853
13,701,800,81,0.371056
13,801,900,81,0.376768
13,901,1000,70,0.32087
19,1,100,73,0.297367
19,101,200,83,0.370605
19,201,300,77,0.336073
19,301,400,83,0.373983
19,401,500,81,0.371198
19,501,600,74,0.329548
19,601,700,79,0.36365
19,701,800,84,0.381198
19,801,900,84,0.370938
19,901,1000,74,0.337559
12,1,100,72,0.330808
12,101,200,77,0.342616
12,201,300,84,0.375345
12,301,400,74,0.340458
12,401,500,82,0.368785
12,501,600,84,0.380706
12,601,700,80,0.35752
12,701,800,76,0.341458
12,801,900,77,0.343695
12,901,1000,76,0.349068
3,1,100,80,0.35352
3,101,200,76,0.340215
3,201,300,74,0.323825
3,301,400,79,0.356395
3,401,500,71,0.324503
3,501,600,76,0.348684
3,601,700,76,0.346768
3,701,800,81,0.362475
3,801,900,75,0.340028
3,901,1000,77,0.354277
6,1,100,76,0.341203
6,101,200,80,0.358181
6,201,300,80,0.361701
6,301,400,84,0.379249
6,401,500,81,0.355006
6,501,600,75,0.328367
6,601,700,80,0.354271
6,701,800,75,0.337644
6,801,900,76,0.341407
6,901,1000,78,0.351051
14,1,100,72,0.319537
14,101,200,80,0.351808
14,201,300,78,0.35165
14,301,400,74,0.329994
14,401,500,72,0.324734
14,501,600,78,0.349271
14,601,700,91,0.415819
14,701,800,74,0.332593
14,801,900,74,0.335938
14,901,1000,72,0.321237
10,1,100,79,0.344102
10,101,200,73,0.324927
10,201,300,76,0.339525
10,301,400,85,0.368582
10,401,500,68,0.308412
10,501,600,78,0.336531
10,601,700,86,0.383814
10,701,800,77,0.341695
10,801,900,74,0.328136
10,901,1000,77,0.345356
7,1,100,80,0.360593
7,101,200,80,0.357395
7,201,300,75,0.351158
7,301,400,76,0.346785
7,401,500,79,0.367718
7,501,600,79,0.355842
7,601,700,68,0.321898
7,701,800,72,0.325141
7,801,900,81,0.376068
7,901,1000,79,0.366085
4,1,100,77,0.349751
4,101,200,77,0.334345
4,201,300,80,0.354514
4,301,400,73,0.328695
4,401,500,83,0.37565
4,501,600,81,0.359079
4,601,700,81,0.351181
4,701,800,80,0.368531
4,801,900,79,0.353435
4,901,1000,77,0.34135
12,1,100,77,0.344582
12,101,200,83,0.378192
12,201,300,77,0.353056
12,301,400,79,0.365254
12,401,500,79,0.358407
12,501,600,82,0.37048
12,601,700,78,0.35887
12,701,800,81,0.358328
12,801,900,83,0.366672
12,901,1000,75,0.339051
18,1,100,87,0.379102
18,101,200,79,0.354571
18,201,300,78,0.35052
18,301,400,80,0.367847
18,401,500,75,0.343006
18,501,600,75,0.339119
18,601,700,74,0.325232
18,701,800,72,0.33822
18,801,900,82,0.375463
18,901,1000,83,0.380288
6,1,100,80,0.36074
6,101,200,69,0.310661
6,201,300,78,0.345904
6,301,400,84,0.374243
6,401,500,72,0.324989
6,501,600,73,0.327797
6,601,700,78,0.338175
6,701,800,73,0.318836
6,801,900,77,0.342305
6,901,1000,79,0.353486
11,1,100,75,0.339203
11,101,200,80,0.360282
11,201,300,80,0.348944
11,301,400,74,0.336362
11,401,500,77,0.341898
11,501,600,77,0.33952
11,601,700,78,0.349056
11,701,800,74,0.347232
11,801,900,80,0.366825
11,901,1000,81,0.36965
17,1,100,81,0.36487
17,101,200,81,0.363588
17,201,300,78,0.352215
17,301,400,75,0.347503
17,401,500,81,0.359497
17,501,600,89,0.390412
17,601,700,78,0.352401
17,701,800,81,0.353412
17,801,900,81,0.356232
17,901,1000,79,0.355808
12,1,100,70,0.313158
12,101,200,85,0.384288
12,201,300,74,0.337887
12,301,400,81,0.364147
12,401,500,75,0.334452
12,501,600,77,0.349571
12,601,700,71,0.31296
12,701,800,71,0.324186
12,801,900,72,0.313294
12,901,1000,75,0.330107
8,1,100,81,0.363802
8,101,200,68,0.309232
8,201,300,76,0.333678
8,301,400,77,0.345842
8,401,500,83,0.361441
8,501,600,81,0.364746
8,601,700,77,0.342153
8,701,800,80,0.353486
8,801,900,76,0.34713
8,901,1000,81,0.358424
17,1,100,76,0.339864
17,101,200,74,0.336034
17,201,300,81,0.371096
17,301,400,77,0.354768
17,401,500,81,0.361531
17,501,600,77,0.355831
17,601,700,76,0.336232
17,701,800,76,0.343198
17,801,900,77,0.350593
17,901,1000,75,0.331559
4,1,100,75,0.343367
4,101,200,77,0.341599
4,201,300,79,0.344395
4,301,400,78,0.339701
4,401,500,77,0.354463
4,501,600,75,0.331288
4,601,700,77,0.352113
4,701,800,80,0.358079
4,801,900,85,0.387079
4,901,1000,74,0.317797
6,1,100,71,0.320107
6,101,200,81,0.370356
6,201,300,79,0.361305
6,301,400,84,0.375311
6,401,500,76,0.342028
6,501,600,83,0.360695
6,601,700,75,0.341028
6,701,800,77,0.332282
6,801,900,73,0.319362
6,901,1000,81,0.358859
9,1,100,78,0.347571
9,101,200,76,0.336299
9,201,300,78,0.346938
9,301,400,82,0.372508
9,401,500,81,0.36613
9,501,600,78,0.342989
9,601,700,75,0.331644
9,701,800,75,0.335689
9,801,900,81,0.366977
9,901,1000,75,0.328944
15,1,100,73,0.323734
15,101,200,77,0.346136
15,201,300,84,0.377701
15,301,400,83,0.358531
15,401,500,80,0.357113
15,501,600,75,0.341028
15,601,700,80,0.356017
15,701,800,78,0.35335
15,801,900,77,0.345689
15,901,1000,76,0.336435
5,1,100,75,0.328469
5,101,200,77,0.332938
5,201,300,80,0.351113
5,301,400,80,0.359757
5,401,500,84,0.373565
5,501,600,75,0.334644
5,601,700,80,0.364384
5,701,800,70,0.312853
5,801,900,85,0.370876
5,901,1000,79,0.356034
13,1,100,81,0.361791
13,101,200,87,0.401701
13,201,300,83,0.383718
13,301,400,81,0.367203
13,401,500,82,0.358689
13,501,600,85,0.379119
13,601,700,82,0.372893
13,701,800,80,0.363136
13,801,900,76,0.331362
13,901,1000,75,0.34778
9,1,100,81,0.368763
9,101,200,76,0.348203
9,201,300,72,0.323395
9,301,400,73,0.333254
9,401,500,77,0.348147
9,501,600,72,0.320299
9,601,700,76,0.335932
9,701,800,76,0.342362
9,801,900,80,0.362175
9,901,1000,79,0.342621
7,1,100,85,0.397842
7,101,200,77,0.346384
7,201,300,78,0.35313
7,301,400,79,0.351638
7,401,500,86,0.404254
7,501,600,83,0.380232
7,601,700,76,0.352684
7,701,800,74,0.33648
7,801,900,79,0.359627
7,901,1000,70,0.313621
5,1,100,79,0.358706
5,101,200,72,0.324023
5,201,300,82,0.371836
5,301,400,85,0.380232
5,401,500,81,0.361147
5,501,600,74,0.322096
5,601,700,77,0.340203
5,701,800,75,0.332797
5,801,900,81,0.352554
5,901,1000,73,0.318475
9,1,100,78,0.339994
9,101,200,85,0.384373
9,201,300,81,0.366367
9,301,400,83,0.379655
9,401,500,80,0.368458
9,501,600,82,0.387249
9,601,700,79,0.353576
9,701,800,85,0.377345
9,801,900,74,0.33287
9,901,1000,70,0.324034
13,1,100,81,0.366655
13,101,200,78,0.340932
13,201,300,73,0.329237
13,301,400,77,0.351333
13,401,500,79,0.354198
13,501,600,75,0.336599
13,601,700,79,0.348554
13,701,800,78,0.343655
13,801,900,81,0.342475
13,901,1000,79,0.351588
12,1,100,76,0.345576
12,101,200,83,0.363192
12,201,300,78,0.350588
12,301,400,71,0.318932
12,401,500,84,0.380938
12,501,600,77,0.336379
12,601,700,81,0.367023
12,701,800,75,0.328859
12,801,900,79,0.343395
12,901,1000,77,0.340401
0,1,100,77,0.344073
0,101,200,73,0.32235
0,201,300,83,0.368684
0,301,400,75,0.335446
0,401,500,75,0.339904
0,501,600,77,0.349073
0,601,700,76,0.346542
0,701,800,70,0.304486
0,801,900,75,0.332927
0,901,1000,75,0.330345
3,1,100,79,0.356401
3,101,200,73,0.329588
3,201,300,75,0.341073
3,301,400,80,0.352921
3,401,500,83,0.379362
3,501,600,73,0.326847
3,601,700,72,0.342701
3,701,800,80,0.362955
3,801,900,80,0.358876
3,901,1000,80,0.354746
16,1,100,77,0.326876
16,101,200,79,0.347328
16,201,300,80,0.36696
16,301,400,83,0.363085
16,401,500,79,0.360367
16,501,600,83,0.36609
16,601,700,77,0.350288
16,701,800,81,0.363859
16,801,900,84,0.38265
16,901,1000,85,0.386655
10,1,100,77,0.345802
10,101,200,86,0.374237
10,201,300,84,0.382367
10,301,400,80,0.364746
10,401,500,83,0.367147
10,501,600,70,0.319785
10,601,700,78,0.349864
10,701,800,83,0.373718
10,801,900,84,0.380915
10,901,1000,81,0.376373
14,1,100,81,0.361836
14,101,200,76,0.339203
14,201,300,77,0.338322
14,301,400,80,0.363339
14,401,500,76,0.348994
14,501,600,82,0.349768
14,601,700,77,0.347333
14,701,800,78,0.355147
14,801,900,77,0.348062
14,901,1000,70,0.313638
4,1,100,73,0.329475
4,101,200,89,0.393689
4,201,300,70,0.318565
4,301,400,68,0.29874
4,401,500,79,0.350113
4,501,600,79,0.353492
4,601,700,76,0.340718
4,701,800,73,0.310678
4,801,900,81,0.360672
4,901,1000,83,0.366605
17,1,100,73,0.334051
17,101,200,80,0.369819
17,201,300,80,0.360785
17,301,400,76,0.341554
17,401,500,87,0.383452
17,501,600,79,0.346237
17,601,700,80,0.364379
17,701,800,72,0.319096
17,801,900,86,0.389763
17,901,1000,74,0.336107
8,1,100,80,0.358153
8,101,200,78,0.36065
8,201,300,79,0.35339
8,301,400,78,0.342819
8,401,500,71,0.320876
8,501,600,81,0.368079
8,601,700,77,0.349706
8,701,800,70,0.316169
8,801,900,69,0.30974
8,901,1000,71,0.317508
2,1,100,75,0.33374
2,101,200,78,0.341881
2,201,300,82,0.375802
2,301,400,78,0.340548
2,401,500,81,0.350542
2,501,600,91,0.402672
2,601,700,77,0.347299
2,701,800,84,0.365695
2,801,900,83,0.360559
2,901,1000,78,0.346548
17,1,100,72,0.311836
17,101,200,79,0.350944
17,201,300,81,0.366175
17,301,400,83,0.371175
17,401,500,76,0.340791
17,501,600,81,0.360836
17,601,700,75,0.330102
17,701,800,75,0.338989
17,801,900,79,0.353407
17,901,1000,82,0.366237
3,1,100,78,0.351418
3,101,200,80,0.35752
3,201,300,79,0.346
3,301,400,73,0.322542
3,401,500,75,0.328356
3,501,600,78,0.354203
3,601,700,73,0.32478
3,701,800,76,0.333034
3,801,900,74,0.331644
3,901,1000,85,0.380463
2,1,100,80,0.370384
2,101,200,81,0.367249
2,201,300,79,0.367695
2,301,400,77,0.353853
2,401,500,74,0.327073
2,501,600,73,0.319322
2,601,700,79,0.352085
2,701,800,81,0.365418
2,801,900,78,0.345706
2,901,1000,79,0.353661
1,1,100,64,0.280898
1,101,200,78,0.361147
1,201,300,76,0.339605
1,301,400,79,0.360689
1,401,500,84,0.359073
1,501,600,72,0.325746
1,601,700,75,0.337503
1,701,800,73,0.32422
1,801,900,73,0.315915
1,901,1000,72,0.326542
15,1,100,76,0.336441
15,101,200,82,0.353322
15,201,300,81,0.37065
15,301,400,78,0.352153
15,401,500,83,0.361684
15,501,600,80,0.364401
15,601,700,73,0.324977
15,701,800,71,0.317401
15,801,900,79,0.360791
15,901,1000,82,0.370633
17,1,100,75,0.339831
17,101,200,84,0.385429
17,201,300,81,0.369983
17,301,400,81,0.365734
17,401,500,75,0.328588
17,501,600,79,0.356542
17,601,700,78,0.359859
17,701,800,78,0.347446
17,801,900,78,0.354294
17,901,1000,73,0.324096
2,1,100,78,0.352847
2,101,200,76,0.350153
2,201,300,87,0.390446
2,301,400,81,0.365045
2,401,500,81,0.376045
2,501,600,86,0.38513
2,601,700,74,0.34091
2,701,800,73,0.327475
2,801,900,79,0.357107
2,901,1000,85,0.390881
0,1,100,78,0.351073
0,101,200,83,0.379746
0,201,300,76,0.335102
0,301,400,82,0.372819
0,401,500,77,0.33513
0,501,600,79,0.349537
0,601,700,76,0.350548
0,701,800,75,0.34952
0,801,900,78,0.34152
0,901,1000,76,0.341136
11,1,100,73,0.327119
11,101,200,74,0.340695
11,201,300,85,0.380508
11,301,400,77,0.34322
11,401,500,76,0.329672
11,501,600,82,0.375718
11,601,700,76,0.342181
11,701,800,76,0.333588
11,801,900,78,0.361497
11,901,1000,81,0.365186
7,1,100,75,0.331288
7,101,200,75,0.328271
7,201,300,71,0.326288
7,301,400,77,0.341684
7,401,500,77,0.343011
7,501,600,71,0.312791
7,601,700,65,0.29087
7,701,800,72,0.325243
7,801,900,75,0.332723
7,901,1000,68,0.300921
12,1,100,80,0.357785
12,101,200,84,0.37278
12,201,300,74,0.325655
12,301,400,79,0.339927
12,401,500,78,0.346266
12,501,600,83,0.372412
12,601,700,69,0.309316
12,701,800,67,0.303497
12,801,900,75,0.330079
12,901,1000,82,0.359028
16,1,100,73,0.327333
16,101,200,74,0.337458
16,201,300,74,0.32439
16,301,400,77,0.345164
16,401,500,77,0.327384
16,501,600,86,0.372367
16,601,700,72,0.325559
16,701,800,71,0.315316
16,801,900,79,0.346429
16,901,1000,80,0.349282
10,1,100,79,0.356915
10,101,200,75,0.328153
10,201,300,80,0.361644
10,301,400,76,0.347113
10,401,500,80,0.360458
10,501,600,84,0.36809
10,601,700,73,0.324277
10,701,800,78,0.355819
10,801,900,81,0.359435
10,901,1000,76,0.328232
8,1,100,77,0.344373
8,101,200,79,0.362508
8,201,300,78,0.34709
8,301,400,74,0.335475
8,401,500,73,0.326785
8,501,600,75,0.34713
8,601,700,79,0.356136
8,701,800,79,0.356492
8,801,900,78,0.340305
8,901,1000,81,0.357932
8,1,100,82,0.37778
8,101,200,87,0.388989
8,201,300,80,0.361944
8,301,400,76,0.339282
8,401,500,77,0.352124
8,501,600,85,0.400452
8,601,700,85,0.399932
8,701,800,74,0.342181
8,801,900,76,0.345322
8,901,1000,80,0.367718
14,1,100,77,0.351486
14,101,200,81,0.367593
14,201,300,66,0.293006
14,301,400,81,0.360955
14,401,500,83,0.380384
14,501,600,71,0.322915
14,601,700,82,0.363316
14,701,800,82,0.368627
14,801,900,74,0.323379
14,901,1000,84,0.381164
7,1,100,76,0.336203
7,101,200,84,0.381254
7,201,300,76,0.338277
7,301,400,68,0.292531
7,401,500,80,0.360763
7,501,600,75,0.336966
7,601,700,75,0.345113
7,701,800,77,0.348169
7,801,900,73,0.314017
7,901,1000,77,0.349119
18,1,100,83,0.360141
18,101,200,88,0.384446
18,201,300,75,0.324062
18,301,400,77,0.337446
18,401,500,80,0.343424
18,501,600,80,0.353486
18,601,700,77,0.336565
18,701,800,79,0.350672
18,801,900,76,0.342215
18,901,1000,79,0.349079
7,1,100,80,0.358921
7,101,200,78,0.352469
7,201,300,73,0.319972
7,301,400,71,0.29891
7,401,500,81,0.368254
7,501,600,74,0.331119
7,601,700,75,0.339277
7,701,800,78,0.336288
7,801,900,85,0.386497
7,901,1000,77,0.336576
9,1,100,82,0.370418
9,101,200,74,0.329181
9,201,300,78,0.351644
9,301,400,83,0.371475
9,401,500,81,0.362282
9,501,600,75,0.326944
9,601,700,80,0.358
9,701,800,80,0.36204
9,801,900,77,0.350508
9,901,1000,74,0.338203
1,1,100,73,0.33413
1,101,200,76,0.348537
1,201,300,72,0.320429
1,301,400,79,0.340712
1,401,500,72,0.325028
1,501,600,76,0.334757
1,601,700,83,0.363463
1,701,800,77,0.348266
1,801,900,78,0.34691
1,901,1000,80,0.363565
5,1,100,80,0.356169
5,101,200,77,0.351034
5,201,300,74,0.34526
5,301,400,77,0.352819
5,401,500,84,0.373169
5,501,600,76,0.340949
5,601,700,78,0.360107
5,701,800,74,0.341678
5,801,900,82,0.371859
5,901,1000,74,0.334627
10,1,100,80,0.35552
10,101,200,77,0.346006
10,201,300,82,0.364672
10,301,400,75,0.328435
10,401,500,83,0.368011
10,501,600,72,0.330249
10,601,700,69,0.307266
10,701,800,84,0.381949
10,801,900,84,0.382689
10,901,1000,73,0.330299
17,1,100,75,0.332384
17,101,200,75,0.341441
17,201,300,78,0.342825
17,301,400,72,0.324797
17,401,500,81,0.360203
17,501,600,81,0.365277
17,601,700,78,0.356198
17,701,800,73,0.331322
17,801,900,80,0.360689
17,901,1000,79,0.356237
3,1,100,78,0.352836
3,101,200,78,0.348119
3,201,300,71,0.304977
3,301,400,79,0.346966
3,401,500,79,0.353045
3,501,600,80,0.353605
3,601,700,73,0.332881
3,701,800,78,0.352271
3,801,900,80,0.359853
3,901,1000,73,0.323452
4,1,100,79,0.353808
4,101,200,75,0.339282
4,201,300,76,0.343571
4,301,400,78,0.35365
4,401,500,75,0.331316
4,501,600,77,0.348706
4,601,700,74,0.331542
4,701,800,77,0.342141
4,801,900,75,0.337582
4,901,1000,76,0.352
1,1,100,82,0.371712
1,101,200,77,0.347282
1,201,300,81,0.36239
1,301,400,70,0.306181
1,401,500,83,0.368859
1,501,600,76,0.337017
1,601,700,80,0.360627
1,701,800,84,0.376339
1,801,900,81,0.346785
1,901,1000,77,0.35387
6,1,100,77,0.347249
6,101,200,68,0.304435
6,201,300,80,0.351633
6,301,400,65,0.290819
6,401,500,74,0.331
6,501,600,79,0.345339
6,601,700,76,0.338927
6,701,800,72,0.322164
6,801,900,83,0.377842
6,901,1000,85,0.388644
7,1,100,78,0.34578
7,101,200,72,0.331373
7,201,300,69,0.317006
7,301,400,73,0.328164
7,401,500,84,0.374023
7,501,600,79,0.361904
7,601,700,84,0.367056
7,701,800,84,0.383294
7,801,900,76,0.341695
7,901,1000,67,0.289989
9,1,100,80,0.355797
9,101,200,79,0.359994
9,201,300,77,0.347362
9,301,400,76,0.354655
9,401,500,81,0.346684
9,501,600,81,0.371644
9,601,700,90,0.393847
9,701,800,77,0.354497
9,801,900,79,0.368463
9,901,1000,81,0.381994
13,1,100,84,0.372921
13,101,200,72,0.332836
13,201,300,85,0.386531
13,301,400,77,0.341814
13,401,500,83,0.373983
13,501,600,76,0.347921
13,601,700,79,0.355605
13,701,800,82,0.355729
13,801,900,76,0.342661
13,901,1000,76,0.349113
3,1,100,78,0.358028
3,101,200,83,0.37196
3,201,300,74,0.337
3,301,400,77,0.348175
3,401,500,74,0.329305
3,501,600,82,0.374667
3,601,700,80,0.355305
3,701,800,71,0.309181
3,801,900,73,0.332475
3,901,1000,80,0.361045
12,1,100,78,0.358401
12,101,200,83,0.38448
12,201,300,82,0.369712
12,301,400,79,0.354401
12,401,500,76,0.352672
12,501,600,70,0.304983
12,601,700,76,0.342927
12,701,800,73,0.334898
12,801,900,79,0.355226
12,901,1000,76,0.345836
10,1,100,78,0.353062
10,101,200,76,0.334277
10,201,300,78,0.339017
10,301,400,75,0.34074
10,401,500,76,0.338949
10,501,600,80,0.355
10,601,700,79,0.358689
10,701,800,80,0.363921
10,801,900,74,0.33409
10,901,1000,74,0.32787
6,1,100,78,0.352209
6,101,200,74,0.336864
6,201,300,80,0.358407
6,301,400,74,0.33896
6,401,500,75,0.332254
6,501,600,73,0.328881
6,601,700,84,0.367186
6,701,800,76,0.341994
6,801,900,83,0.370232
6,901,1000,78,0.342774
17,1,100,81,0.359153
17,101,200,78,0.34409
17,201,300,75,0.338305
17,301,400,73,0.325203
17,401,500,75,0.335254
17,501,600,81,0.350644
17,601,700,68,0.298328
17,701,800,75,0.339808
17,801,900,77,0.348672
17,901,1000,77,0.346847
10,1,100,80,0.365718
10,101,200,72,0.327949
10,201,300,80,0.355802
10,301,400,79,0.360367
10,401,500,73,0.324695
10,501,600,68,0.308723
10,601,700,78,0.342203
10,701,800,72,0.317797
10,801,900,77,0.34222
10,901,1000,80,0.355537
19,1,100,78,0.344395
19,101,200,83,0.367667
19,201,300,76,0.339079
19,301,400,74,0.336277
19,401,500,80,0.353271
19,501,600,77,0.337169
19,601,700,80,0.356424
19,701,800,75,0.338339
19,801,900,79,0.354706
19,901,1000,71,0.312644
13,1,100,77,0.343774
13,101,200,79,0.355006
13,201,300,74,0.338576
13,301,400,84,0.372271
13,401,500,75,0.332542
13,501,600,80,0.35713
13,601,700,80,0.348548
13,701,800,76,0.342746
13,801,900,76,0.343418
13,901,1000,75,0.338633
2,1,100,71,0.298797
2,101,200,72,0.331684
2,201,300,81,0.363582
2,301,400,78,0.356785
2,401,500,82,0.365277
2,501,600,84,0.375085
2,601,700,82,0.373593
2,701,800,76,0.344542
2,801,900,83,0.359475
2,901,1000,81,0.363706
1,1,100,73,0.329921
1,101,200,78,0.355203
1,201,300,69,0.316045
1,301,400,85,0.385164
1,401,500,74,0.341492
1,501,600,76,0.348927
1,601,700,70,0.309864
1,701,800,85,0.388729
1,801,900,87,0.397333
1,901,1000,75,0.339768
16,1,100,76,0.327599
16,101,200,80,0.357938
16,201,300,77,0.342486
16,301,400,81,0.366124
16,401,500,77,0.328006
16,501,600,79,0.352153
16,601,700,83,0.375333
16,701,800,77,0.349011
16,801,900,81,0.368028
16,901,1000,82,0.370864
7,1,100,71,0.311322
7,101,200,75,0.337565
7,201,300,83,0.368299
7,301,400,77,0.331774
7,401,500,82,0.353644
7,501,600,79,0.354548
7,601,700,69,0.321638
7,701,800,79,0.354876
7,801,900,80,0.356565
7,901,1000,80,0.360667
19,1,100,77,0.341712
19,101,200,83,0.376955
19,201,300,73,0.330288
19,301,400,80,0.359475
19,401,500,71,0.316503
19,501,600,85,0.379068
19,601,700,70,0.314944
19,701,800,82,0.374729
19,801,900,80,0.362141
19,901,1000,81,0.365684
11,1,100,80,0.368718
11,101,200,71,0.322412
11,201,300,73,0.329311
11,301,400,77,0.352299
11,401,500,77,0.34809
11,501,600,80,0.363593
11,601,700,76,0.326136
11,701,800,77,0.351842
11,801,900,81,0.359525
11,901,1000,77,0.339689
5,1,100,82,0.368847
5,101,200,75,0.334672
5,201,300,86,0.379503
5,301,400,82,0.366949
5,401,500,80,0.357379
5,501,600,79,0.342215
5,601,700,79,0.344689
5,701,800,66,0.293333
5,801,900,80,0.349198
5,901,1000,72,0.328452
14,1,100,82,0.362056
14,101,200,76,0.348141
14,201,300,77,0.347814
14,301,400,69,0.307119
14,401,500,77,0.349475
14,501,600,71,0.319588
14,601,700,78,0.357384
14,701,800,76,0.336678
14,801,900,77,0.345266
14,901,1000,80,0.363966
0,1,100,86,0.379881
0,101,200,76,0.34248
0,201,300,74,0.330373
0,301,400,80,0.357102
0,401,500,78,0.350424
0,501,600,77,0.336701
0,601,700,80,0.365068
0,701,800,81,0.361017
0,801,900,79,0.355282
0,901,1000,81,0.362831
1,1,100,83,0.378599
1,101,200,82,0.373418
1,201,300,83,0.372599
1,301,400,79,0.351311
1,401,500,82,0.372565
1,501,600,71,0.315458
1,601,700,76,0.343339
1,701,800,80,0.352051
1,801,900,77,0.346802
1,901,1000,84,0.368288
8,1,100,81,0.363836
8,101,200,79,0.352299
8,201,300,78,0.344571
8,301,400,75,0.342299
8,401,500,81,0.363701
8,501,600,72,0.319638
8,601,700,73,0.330763
8,701,800,71,0.325147
8,801,900,78,0.344768
8,901,1000,84,0.371316
3,1,100,78,0.35174
3,101,200,78,0.343508
3,201,300,81,0.360226
3,301,400,77,0.326407
3,401,500,77,0.359831
3,501,600,82,0.369729
3,601,700,81,0.378339
3,701,800,77,0.343243
3,801,900,80,0.36548
3,901,1000,79,0.348045
18,1,100,73,0.327525
18,101,200,82,0.361073
18,201,300,81,0.350203
18,301,400,70,0.310373
18,401,500,81,0.356819
18,501,600,76,0.354729
18,601,700,74,0.328514
18,701,800,83,0.374045
18,801,900,84,0.369373
18,901,1000,82,0.361729
19,1,100,81,0.353028
19,101,200,73,0.323525
19,201,300,81,0.356277
19,301,400,83,0.365469
19,401,500,73,0.32096
19,501,600,80,0.349966
19,601,700,74,0.318548
19,701,800,81,0.368785
19,801,900,76,0.33678
19,901,1000,80,0.37639
0,1,100,83,0.356706
0,101,200,70,0.311785
0,201,300,84,0.372684
0,301,400,79,0.343362
0,401,500,77,0.338588
0,501,600,77,0.344859
0,601,700,87,0.395689
0,701,800,76,0.337599
0,801,900,87,0.381079
0,901,1000,77,0.337379
0,1,100,73,0.323825
0,101,200,77,0.355271
0,201,300,86,0.404243
0,301,400,70,0.312887
0,401,500,82,0.367198
0,501,600,79,0.354266
0,601,700,84,0.378785
0,701,800,83,0.387107
0,801,900,73,0.316051
0,901,1000,85,0.384395
6,1,100,70,0.311814
6,101,200,75,0.336
6,201,300,75,0.333814
6,301,400,76,0.333164
6,401,500,70,0.300525
6,501,600,82,0.361243
6,601,700,75,0.328198
6,701,800,79,0.334915
6,801,900,75,0.341079
6,901,1000,70,0.316136
8,1,100,75,0.348107
8,101,200,74,0.330023
8,201,300,72,0.32452
8,301,400,71,0.323621
8,401,500,77,0.345469
8,501,600,79,0.357853
8,601,700,83,0.367429
8,701,800,84,0.377565
8,801,900,80,0.364989
8,901,1000,73,0.31948
1,1,100,89,0.399525
1,101,200,73,0.329452
1,201,300,80,0.345746
1,301,400,77,0.35665
1,401,500,84,0.374316
1,501,600,74,0.318266
1,601,700,74,0.348689
1,701,800,78,0.349266
1,801,900,83,0.374153
1,901,1000,80,0.351282
7,1,100,74,0.334288
7,101,200,79,0.364774
7,201,300,77,0.348537
7,301,400,74,0.328706
7,401,500,85,0.374887
7,501,600,72,0.320548
7,601,700,72,0.316175
7,701,800,73,0.325136
7,801,900,77,0.348983
7,901,1000,71,0.311655
11,1,100,71,0.317294
11,101,200,81,0.366723
11,201,300,77,0.339751
11,301,400,73,0.331367
11,401,500,72,0.317695
11,501,600,82,0.366983
11,601,700,77,0.349147
11,701,800,83,0.36109
11,801,900,77,0.337073
11,901,1000,80,0.360401
14,1,100,80,0.346181
14,101,200,80,0.383328
14,201,300,75,0.343266
14,301,400,84,0.392367
14,401,500,74,0.336271
14,501,600,75,0.33722
14,601,700,81,0.38391
14,701,800,82,0.370825
14,801,900,78,0.363435
14,901,1000,73,0.328972
14,1,100,79,0.36404
14,101,200,73,0.328989
14,201,300,76,0.349181
14,301,400,76,0.337418
14,401,500,67,0.306096
14,501,600,69,0.313311
14,601,700,81,0.367429
14,701,800,74,0.328237
14,801,900,79,0.357356
14,901,1000,74,0.336768
4,1,100,69,0.303435
4,101,200,81,0.364763
4,201,300,72,0.322113
4,301,400,73,0.329819
4,401,500,75,0.339932
4,501,600,78,0.350672
4,601,700,71,0.312429
4,701,800,77,0.335864
4,801,900,78,0.353299
4,901,1000,75,0.330379
5,1,100,83,0.377898
5,101,200,74,0.334486
5,201,300,69,0.311124
5,301,400,70,0.320605
5,401,500,81,0.379164
5,501,600,80,0.358056
5,601,700,79,0.356153
5,701,800,81,0.358305
5,801,900,79,0.357006
5,901,1000,72,0.324729
19,1,100,80,0.365147
19,101,200,79,0.357723
19,201,300,83,0.36704
19,301,400,87,0.391825
19,401,500,75,0.337169
19,501,600,76,0.34413
19,601,700,81,0.355226
19,701,800,75,0.330887
19,801,900,69,0.303034
19,901,1000,72,0.324927
5,1,100,76,0.352147
5,101,200,79,0.361328
5,201,300,87,0.389062
5,301,400,83,0.364718
5,401,500,79,0.361424
5,501,600,82,0.377395
5,601,700,75,0.325299
5,701,800,86,0.384209
5,801,900,74,0.338644
5,901,1000,77,0.354881
11,1,100,79,0.357497
11,101,200,77,0.362768
11,201,300,78,0.351395
11,301,400,82,0.371328
11,401,500,79,0.356938
11,501,600,77,0.341808
11,601,700,77,0.350492
11,701,800,77,0.349446
11,801,900,75,0.327887
11,901,1000,82,0.368458
2,1,100,79,0.357469
2,101,200,81,0.365514
2,201,300,75,0.341831
2,301,400,83,0.368774
2,401,500,83,0.380825
2,501,600,80,0.367904
2,601,700,79,0.352141
2,701,800,79,0.357124
2,801,900,76,0.353746
2,901,1000,76,0.34313
0,1,100,75,0.330209
0,101,200,78,0.353373
0,201,300,77,0.346141
0,301,400,83,0.380887
0,401,500,75,0.335689
0,501,600,71,0.325904
0,601,700,87,0.390277
0,701,800,73,0.332514
0,801,900,82,0.363921
0,901,1000,79,0.345068
15,1,100,72,0.326859
15,101,200,76,0.339249
15,201,300,74,0.329684
15,301,400,72,0.319966
15,401,500,77,0.345831
15,501,600,76,0.33361
15,601,700,78,0.355068
15,701,800,76,0.340893
15,801,900,71,0.318904
15,901,1000,83,0.375672
18,1,100,74,0.324153
18,101,200,70,0.318215
18,201,300,80,0.363339
18,301,400,81,0.362808
18,401,500,83,0.371424
18,501,600,81,0.354994
18,601,700,84,0.373379
18,701,800,78,0.349644
18,801,900,81,0.372847
18,901,1000,80,0.35352
1,1,100,73,0.322881
1,101,200,83,0.355661
1,201,300,73,0.330011
1,301,400,79,0.353915
1,401,500,75,0.336508
1,501,600,80,0.363684
1,601,700,77,0.339768
1,701,800,77,0.338011
1,801,900,74,0.336017
1,901,1000,76,0.337192
12,1,100,73,0.330237
12,101,200,79,0.352175
12,201,300,72,0.321701
12,301,400,71,0.315492
12,401,500,77,0.33487
12,501,600,70,0.310633
12,601,700,83,0.375407
12,701,800,74,0.333525
12,801,900,78,0.339768
12,901,1000,70,0.313972
19,1,100,79,0.348282
19,101,200,84,0.377395
19,201,300,81,0.371119
19,301,400,72,0.321169
19,401,500,80,0.364723
19,501,600,72,0.327565
19,601,700,76,0.341458
19,701,800,83,0.385537
19,801,900,76,0.344463
19,901,1000,70,0.31135
6,1,100,73,0.335763
6,101,200,76,0.340503
6,201,300,74,0.33013
6,301,400,80,0.360045
6,401,500,82,0.361452
6,501,600,81,0.367322
6,601,700,81,0.373136
6,701,800,74,0.338232
6,801,900,79,0.352412
6,901,1000,83,0.37326
15,1,100,72,0.315808
15,101,200,80,0.354175
15,201,300,69,0.302028
15,301,400,80,0.365864
15,401,500,74,0.331893
15,501,600,79,0.353412
15,601,700,73,0.331751
15,701,800,79,0.330576
15,801,900,77,0.334249
15,901,1000,77,0.343621
17,1,100,76,0.341356
17,101,200,80,0.36
17,201,300,77,0.350254
17,301,400,81,0.365768
17,401,500,75,0.334763
17,501,600,72,0.304345
17,601,700,76,0.340458
17,701,800,76,0.344842
17,801,900,77,0.344791
17,901,1000,77,0.353887
8,1,100,85,0.386723
8,101,200,72,0.325768
8,201,300,78,0.347446
8,301,400,77,0.345226
8,401,500,74,0.33965
8,501,600,77,0.347395
8,601,700,75,0.338379
8,701,800,73,0.323412
8,801,900,76,0.345915
8,901,1000,76,0.32613
5,1,100,74,0.327977
5,101,200,79,0.346435
5,201,300,74,0.33313
5,301,400,78,0.348548
5,401,500,77,0.348814
5,501,600,77,0.34261
5,601,700,72,0.322927
5,701,800,75,0.340593
5,801,900,76,0.343469
5,901,1000,82,0.375186
17,1,100,79,0.351989
17,101,200,76,0.341825
17,201,300,77,0.346469
17,301,400,79,0.352842
17,401,500,79,0.346181
17,501,600,79,0.351237
17,601,700,77,0.350045
17,701,800,83,0.371034
17,801,900,79,0.345458
17,901,1000,81,0.358938
16,1,100,85,0.376424
16,101,200,80,0.367701
16,201,300,81,0.367938
16,301,400,78,0.344723
16,401,500,80,0.359531
16,501,600,78,0.34139
16,601,700,77,0.345333
16,701,800,77,0.334944
16,801,900,71,0.313011
16,901,1000,77,0.335955
0,1,100,71,0.328096
0,101,200,81,0.384644
0,201,300,77,0.351096
0,301,400,79,0.349446
0,401,500,79,0.36461
0,501,600,70,0.310141
0,601,700,71,0.311565
0,701,800,86,0.400548
0,801,900,79,0.366757
0,901,1000,83,0.387497
1,1,100,87,0.383514
1,101,200,76,0.33439
1,201,300,73,0.321407
1,301,400,77,0.349887
1,401,500,76,0.338249
1,501,600,77,0.350932
1,601,700,80,0.373977
1,701,800,78,0.357525
1,801,900,87,0.384153
1,901,1000,81,0.368407
15,1,100,69,0.311401
15,101,200,74,0.324492
15,201,300,74,0.325333
15,301,400,74,0.33078
15,401,500,79,0.356605
15,501,600,71,0.323938
15,601,700,79,0.353305
15,701,800,80,0.347655
15,801,900,81,0.362237
15,901,1000,82,0.365424
0,1,100,76,0.343164
0,101,200,77,0.344695
0,201,300,75,0.338333
0,301,400,74,0.334243
0,401,500,80,0.353469
0,501,600,77,0.341763
0,601,700,80,0.365181
0,701,800,76,0.330718
0,801,900,72,0.317503
0,901,1000,77,0.339949
18,1,100,72,0.330153
18,101,200,83,0.383616
18,201,300,83,0.386328
18,301,400,82,0.366864
18,401,500,78,0.343316
18,501,600,73,0.340073
18,601,700,80,0.36291
18,701,800,85,0.382571
18,801,900,75,0.343458
18,901,1000,73,0.328203
6,1,100,76,0.344169
6,101,200,76,0.342983
6,201,300,78,0.348588
6,301,400,77,0.347763
6,401,500,79,0.345209
6,501,600,76,0.331141
6,601,700,76,0.348209
6,701,800,85,0.390226
6,801,900,74,0.334147
6,901,1000,72,0.326102
3,1,100,81,0.361458
3,101,200,75,0.33874
3,201,300,78,0.351718
3,301,400,80,0.363582
3,401,500,81,0.366056
3,501,600,78,0.351932
3,601,700,77,0.335887
3,701,800,80,0.348299
3,801,900,85,0.375085
3,901,1000,73,0.333429
12,1,100,77,0.366226
12,101,200,79,0.37148
12,201,300,85,0.394972
12,301,400,86,0.403593
12,401,500,78,0.367706
12,501,600,84,0.376972
12,601,700,76,0.362633
12,701,800,79,0.361356
12,801,900,87,0.409271
12,901,1000,81,0.379475
10,1,100,80,0.358927
10,101,200,86,0.376531
10,201,300,79,0.350226
10,301,400,75,0.332288
10,401,500,76,0.344729
10,501,600,81,0.370158
10,601,700,75,0.343181
10,701,800,81,0.359994
10,801,900,73,0.337814
10,901,1000,81,0.365367
13,1,100,84,0.386051
13,101,200,69,0.321921
13,201,300,76,0.332548
13,301,400,78,0.34487
13,401,500,77,0.35635
13,501,600,79,0.340249
13,601,700,81,0.379588
13,701,800,77,0.341508
13,801,900,78,0.357277
13,901,1000,91,0.421847
14,1,100,75,0.328068
14,101,200,76,0.351328
14,201,300,81,0.366983
14,301,400,88,0.40561
14,401,500,86,0.399508
14,501,600,81,0.362362
14,601,700,81,0.376847
14,701,800,84,0.379576
14,801,900,83,0.384542
14,901,1000,80,0.362768
4,1,100,74,0.322107
4,101,200,80,0.365672
4,201,300,79,0.365384
4,301,400,81,0.36822
4,401,500,72,0.31209
4,501,600,75,0.336068
4,601,700,75,0.341576
4,701,800,82,0.372119
4,801,900,70,0.324571
4,901,1000,74,0.332949
16,1,100,85,0.38396
16,101,200,80,0.361808
16,201,300,78,0.352638
16,301,400,85,0.379435
16,401,500,81,0.358299
16,501,600,89,0.388825
16,601,700,81,0.366486
16,701,800,76,0.338503
16,801,900,84,0.384299
16,901,1000,78,0.351514
19,1,100,85,0.385548
19,101,200,77,0.34126
19,201,300,79,0.357249
19,301,400,82,0.365876
19,401,500,75,0.355689
19,501,600,81,0.363746
19,601,700,78,0.348915
19,701,800,85,0.390633
19,801,900,71,0.316412
19,901,1000,81,0.37078
13,1,100,83,0.377226
13,101,200,74,0.333079
13,201,300,72,0.319237
13,301,400,73,0.320124
13,401,500,80,0.365977
13,501,600,73,0.330441
13,601,700,76,0.347203
13,701,800,75,0.337294
13,801,900,73,0.320887
13,901,1000,82,0.356836
18,1,100,79,0.352333
18,101,200,80,0.353441
18,201,300,79,0.336508
18,301,400,75,0.337678
18,401,500,78,0.342469
18,501,600,82,0.340859
18,601,700,74,0.324644
18,701,800,78,0.339
18,801,900,71,0.299672
18,901,1000,73,0.324576
2,1,100,74,0.341797
2,101,200,79,0.342458
2,201,300,88,0.418808
2,301,400,81,0.386068
2,401,500,77,0.354215
2,501,600,71,0.323831
2,601,700,81,0.370768
2,701,800,80,0.374876
2,801,900,82,0.392678
2,901,1000,73,0.346073
16,1,100,76,0.330994
16,101,200,82,0.366819
16,201,300,69,0.306853
16,301,400,77,0.339729
16,401,500,84,0.383768
16,501,600,72,0.326475
16,601,700,77,0.346571
16,701,800,85,0.376051
16,801,900,83,0.381232
16,901,1000,79,0.339316
6,1,100,81,0.37348
6,101,200,78,0.355345
6,201,300,78,0.338718
6,301,400,79,0.347452
6,401,500,78,0.347853
6,501,600,78,0.353644
6,601,700,78,0.348904
6,701,800,81,0.361814
6,801,900,76,0.331898
6,901,1000,78,0.321441
4,1,100,78,0.348424
4,101,200,69,0.310915
4,201,300,79,0.348994
4,301,400,84,0.381045
4,401,500,76,0.323441
4,501,600,69,0.308588
4,601,700,77,0.341989
4,701,800,67,0.300362
4,801,900,77,0.343797
4,901,1000,82,0.364819
2,1,100,80,0.361599
2,101,200,72,0.319
2,201,300,82,0.375384
2,301,400,76,0.346797
2,401,500,72,0.336757
2,501,600,72,0.326492
2,601,700,78,0.350023
2,701,800,83,0.382734
2,801,900,81,0.359469
2,901,1000,77,0.337689
4,1,100,73,0.332734
4,101,200,85,0.382073
4,201,300,78,0.356169
4,301,400,87,0.372576
4,401,500,80,0.356751
4,501,600,81,0.364972
4,601,700,74,0.306989
4,701,800,74,0.329232
4,801,900,79,0.333638
4,901,1000,77,0.341424
3,1,100,79,0.380362
3,101,200,83,0.384559
3,201,300,87,0.393164
3,301,400,84,0.406192
3,401,500,88,0.41048
3,501,600,86,0.408299
3,601,700,81,0.371966
3,701,800,75,0.340102
3,801,900,78,0.366582
3,901,1000,81,0.387785
18,1,100,78,0.349723
18,101,200,74,0.322808
18,201,300,81,0.356944
18,301,400,75,0.331684
18,401,500,70,0.294672
18,501,600,73,0.326678
18,601,700,75,0.327079
18,701,800,74,0.331955
18,801,900,83,0.369915
18,901,1000,79,0.344209
5,1,100,70,0.308847
5,101,200,89,0.390915
5,201,300,78,0.350904
5,301,400,78,0.348153
5,401,500,76,0.322198
5,501,600,79,0.346169
5,601,700,79,0.354339
5,701,800,72,0.322525
5,801,900,77,0.348876
5,901,1000,80,0.344525
18,1,100,74,0.34078
18,101,200,78,0.335169
18,201,300,70,0.317011
18,301,400,67,0.305051
18,401,500,72,0.326559
18,501,600,75,0.339429
18,601,700,75,0.336706
18,701,800,77,0.348243
18,801,900,80,0.356503
18,901,1000,74,0.332859
12,1,100,76,0.331678
12,101,200,81,0.360915
12,201,300,82,0.365169
12,301,400,78,0.356972
12,401,500,76,0.331915
12,501,600,78,0.357667
12,601,700,79,0.353322
12,701,800,86,0.389333
12,801,900,81,0.363554
12,901,1000,73,0.309164
11,1,100,78,0.355497
11,101,200,85,0.384294
11,201,300,77,0.338508
11,301,400,74,0.327949
11,401,500,82,0.364288
11,501,600,76,0.324367
11,601,700,76,0.340497
11,701,800,72,0.31913
11,801,900,80,0.361051
11,901,1000,83,0.368542
7,1,100,74,0.341571
7,101,200,80,0.367616
7,201,300,77,0.343153
7,301,400,69,0.322113
7,401,500,75,0.335407
7,501,600,85,0.387034
7,601,700,78,0.364079
7,701,800,75,0.34835
7,801,900,78,0.348
7,901,1000,75,0.338593
19,1,100,79,0.35665
19,101,200,68,0.293915
19,201,300,68,0.302678
19,301,400,71,0.321254
19,401,500,72,0.326525
19,501,600,75,0.33091
19,601,700,77,0.352412
19,701,800,85,0.374328
19,801,900,75,0.335113
19,901,1000,79,0.35687
3,1,100,75,0.341638
3,101,200,77,0.348689
3,201,300,75,0.330638
3,301,400,83,0.37778
3,401,500,74,0.334305
3,501,600,75,0.33596
3,601,700,79,0.364209
3,701,800,84,0.385017
3,801,900,72,0.333237
3,901,1000,81,0.366424
9,1,100,78,0.348395
9,101,200,75,0.341469
9,201,300,84,0.380989
9,301,400,75,0.336492
9,401,500,84,0.379542
9,501,600,81,0.364616
9,601,700,75,0.329435
9,701,800,71,0.324266
9,801,900,72,0.316514
9,901,1000,74,0.320186
3,1,100,81,0.361034
3,101,200,74,0.327096
3,201,300,70,0.310621
3,301,400,79,0.357266
3,401,500,76,0.342503
3,501,600,71,0.305006
3,601,700,72,0.324712
3,701,800,74,0.328836
3,801,900,76,0.346701
3,901,1000,71,0.32222
19,1,100,71,0.312277
19,101,200,74,0.33652
19,201,300,85,0.384819
19,301,400,73,0.313006
19,401,500,77,0.348079
19,501,600,79,0.355322
19,601,700,79,0.34222
19,701,800,68,0.307893
19,801,900,83,0.376712
19,901,1000,82,0.374379
