CHROM,BIN_START,BIN_END,N_VARIANTS,PI
12,1,100,14,0.0415769
12,101,200,9,0.0194615
12,201,300,6,0.010859
12,301,400,11,0.0255128
12,401,500,13,0.0316282
12,501,600,10,0.0200641
12,601,700,12,0.0293077
12,701,800,13,0.0428333
12,801,900,11,0.036141
12,901,1000,18,0.0510897
13,1,100,12,0.0522821
13,101,200,17,0.0672949
13,201,300,8,0.0296026
13,301,400,11,0.0470513
13,401,500,17,0.0683077
13,501,600,19,0.0732821
13,601,700,23,0.0928462
13,701,800,16,0.0668718
13,801,900,12,0.0456923
13,901,1000,17,0.0725
0,1,100,9,0.0171282
0,101,200,10,0.0150385
0,201,300,12,0.0253077
0,301,400,15,0.0354615
0,401,500,9,0.0229231
0,501,600,10,0.0272564
0,601,700,10,0.0163333
0,701,800,8,0.0140385
0,801,900,10,0.0192949
0,901,1000,9,0.0136923
3,1,100,9,0.0206923
3,101,200,8,0.0160641
3,201,300,10,0.0256026
3,301,400,13,0.0290769
3,401,500,4,0.00878205
3,501,600,11,0.0261154
3,601,700,5,0.0114487
3,701,800,2,0.00551282
3,801,900,6,0.0168718
3,901,1000,8,0.0138205
1,1,100,6,0.0191538
1,101,200,10,0.0182436
1,201,300,7,0.015859
1,301,400,11,0.0296923
1,401,500,9,0.00684615
1,501,600,10,0.0163974
1,601,700,9,0.0154103
1,701,800,8,0.0233462
1,801,900,7,0.0173333
1,901,1000,3,0.0119487
2,1,100,8,0.0235641
2,101,200,5,0.00619231
2,201,300,6,0.00884615
2,301,400,4,0.00692308
2,401,500,5,0.0107821
2,501,600,10,0.0164231
2,601,700,5,0.0125128
2,701,800,12,0.0201795
2,801,900,8,0.0137051
2,901,1000,8,0.0136667
14,1,100,7,0.0155641
14,101,200,4,0.00588462
14,201,300,5,0.00697436
14,301,400,6,0.00955128
14,401,500,6,0.00946154
14,501,600,5,0.0054359
14,601,700,4,0.00421795
14,701,800,6,0.014
14,801,900,2,0.00147436
14,901,1000,9,0.0182179
9,1,100,7,0.0225128
9,101,200,12,0.0413077
9,201,300,9,0.0236154
9,301,400,10,0.0311538
9,401,500,16,0.0527564
9,501,600,12,0.0347436
9,601,700,9,0.0342949
9,701,800,11,0.0387949
9,801,900,13,0.0319231
9,901,1000,9,0.0278077
16,1,100,15,0.0254615
16,101,200,4,0.00434615
16,201,300,8,0.0135897
16,301,400,15,0.0269872
16,401,500,2,0.00523077
16,501,600,3,0.00597436
16,601,700,8,0.0101795
16,701,800,11,0.013
16,801,900,3,0.00916667
16,901,1000,12,0.0216282
18,1,100,25,0.0670256
18,101,200,15,0.0394231
18,201,300,17,0.0533974
18,301,400,32,0.0889487
18,401,500,19,0.0533846
18,501,600,19,0.0509744
18,601,700,17,0.0413333
18,701,800,19,0.0535513
18,801,900,18,0.0501795
18,901,1000,14,0.0281282
11,1,100,16,0.0391667
11,101,200,9,0.0222564
11,201,300,10,0.0245
11,301,400,10,0.0238846
11,401,500,10,0.0213077
11,501,600,9,0.0222436
11,601,700,8,0.012
11,701,800,7,0.0169487
11,801,900,10,0.0174615
11,901,1000,13,0.0251282
10,1,100,18,0.0478718
10,101,200,17,0.0478462
10,201,300,17,0.0471795
10,301,400,12,0.0310769
10,401,500,25,0.0785128
10,501,600,11,0.0231795
10,601,700,13,0.0420128
10,701,800,15,0.0564103
10,801,900,23,0.0672949
10,901,1000,19,0.0608974
17,1,100,7,0.0205897
17,101,200,10,0.0182692
17,201,300,10,0.017
17,301,400,6,0.0162821
17,401,500,9,0.0250385
17,501,600,9,0.0249744
17,601,700,12,0.0378974
17,701,800,6,0.0133462
17,801,900,17,0.0424103
17,901,1000,9,0.0248974
1,1,100,15,0.0346026
1,101,200,15,0.0533333
1,201,300,15,0.0348462
1,301,400,8,0.0282821
1,401,500,16,0.0363846
1,501,600,12,0.0293974
1,601,700,16,0.0359487
1,701,800,15,0.0287949
1,801,900,14,0.0341538
1,901,1000,15,0.0380385
11,1,100,8,0.0242051
11,101,200,9,0.0138333
11,201,300,9,0.0228205
11,301,400,6,0.0157308
11,401,500,10,0.0244231
11,501,600,16,0.0313846
11,601,700,12,0.0264231
11,701,800,12,0.0293205
11,801,900,8,0.0142949
11,901,1000,10,0.0285897
17,1,100,7,0.00964103
17,101,200,9,0.0246923
17,201,300,11,0.0238462
17,301,400,10,0.0369103
17,401,500,11,0.0261923
17,501,600,9,0.0239744
17,601,700,6,0.00846154
17,701,800,9,0.0231795
17,801,900,9,0.0246154
17,901,1000,7,0.0217179
2,1,100,14,0.0336154
2,101,200,12,0.0256795
2,201,300,13,0.0259872
2,301,400,15,0.0338333
2,401,500,13,0.0279615
2,501,600,13,0.0398846
2,601,700,7,0.0124359
2,701,800,10,0.0206282
2,801,900,13,0.0183205
2,901,1000,10,0.0154231
10,1,100,17,0.0340641
10,101,200,14,0.0413205
10,201,300,16,0.0384231
10,301,400,18,0.0503077
10,401,500,11,0.0246282
10,501,600,14,0.0390128
10,601,700,16,0.0332179
10,701,800,17,0.0542179
10,801,900,16,0.0416923
10,901,1000,16,0.0333077
5,1,100,12,0.0373205
5,101,200,14,0.0349231
5,201,300,17,0.0443846
5,301,400,16,0.0548205
5,401,500,8,0.0172436
5,501,600,17,0.0440513
5,601,700,12,0.0254487
5,701,800,10,0.0304103
5,801,900,15,0.0418974
5,901,1000,11,0.0418077
6,1,100,5,0.00830769
6,101,200,6,0.00989744
6,201,300,10,0.0161795
6,301,400,6,0.0154231
6,401,500,10,0.0216282
6,501,600,6,0.0135256
6,701,800,7,0.00910256
6,801,900,6,0.0106795
6,901,1000,7,0.0123333
19,1,100,10,0.0213718
19,101,200,11,0.0366795
19,201,300,9,0.0299231
19,301,400,10,0.0415
19,401,500,13,0.0307564
19,501,600,16,0.0490769
19,601,700,9,0.0335
19,701,800,20,0.0623205
19,801,900,14,0.0415897
19,901,1000,7,0.0197949
3,1,100,12,0.0239615
3,101,200,9,0.0220897
3,201,300,6,0.00791026
3,301,400,12,0.0261026
3,401,500,9,0.0238205
3,501,600,10,0.0188205
3,601,700,11,0.0263974
3,701,800,7,0.0172564
3,801,900,7,0.00983333
3,901,1000,7,0.0283846
4,1,100,7,0.0150128
4,101,200,10,0.0279615
4,201,300,7,0.0279744
4,301,400,9,0.0142308
4,401,500,5,0.0122436
4,501,600,13,0.0254872
4,601,700,13,0.0198333
4,701,800,13,0.0300128
4,801,900,10,0.0261667
4,901,1000,9,0.0117436
11,1,100,10,0.0185256
11,101,200,9,0.0215769
11,201,300,7,0.0137821
11,301,400,4,0.00723077
11,401,500,9,0.0179359
11,501,600,5,0.0105897
11,601,700,6,0.00944872
11,701,800,5,0.00789744
11,801,900,16,0.0420256
11,901,1000,7,0.0147949
14,1,100,12,0.0179744
14,101,200,17,0.0430128
14,201,300,8,0.0126154
14,301,400,14,0.0179744
14,401,500,15,0.0218205
14,501,600,17,0.0257821
14,601,700,11,0.0151923
14,701,800,17,0.030859
14,801,900,16,0.0271538
14,901,1000,15,0.0239872
17,1,100,12,0.0157179
17,101,200,13,0.0222692
17,201,300,12,0.0187949
17,301,400,14,0.0258974
17,401,500,16,0.0332051
17,501,600,9,0.0151667
17,601,700,11,0.0171282
17,701,800,8,0.0183974
17,801,900,17,0.0337821
17,901,1000,14,0.0292564
19,1,100,8,0.0265897
19,101,200,12,0.0369487
19,201,300,15,0.0597308
19,301,400,15,0.0446923
19,401,500,10,0.0318205
19,501,600,5,0.0131923
19,601,700,10,0.031859
19,701,800,11,0.0348718
19,801,900,13,0.0394615
19,901,1000,13,0.0533462
8,1,100,11,0.0313333
8,101,200,11,0.0287692
8,201,300,12,0.0330641
8,301,400,10,0.0271282
8,401,500,13,0.0374359
8,501,600,13,0.0362308
8,601,700,14,0.0363077
8,701,800,7,0.0219744
8,801,900,12,0.0372692
8,901,1000,19,0.0555897
17,1,100,14,0.0368077
17,101,200,14,0.0314744
17,201,300,13,0.0388205
17,301,400,15,0.0297949
17,401,500,15,0.0451282
17,501,600,12,0.0316923
17,601,700,13,0.0306923
17,701,800,10,0.0279744
17,801,900,12,0.0291154
17,901,1000,9,0.0172179
3,1,100,8,0.0106282
3,101,200,12,0.023
3,201,300,8,0.0174359
3,301,400,13,0.0254872
3,401,500,8,0.019359
3,501,600,1,0.00142308
3,601,700,9,0.0249744
3,701,800,11,0.0226154
3,801,900,6,0.00558974
3,901,1000,9,0.0143462
13,1,100,20,0.0739359
13,101,200,18,0.0561538
13,201,300,15,0.0437821
13,301,400,11,0.0418205
13,401,500,18,0.0662692
13,501,600,15,0.0631667
13,601,700,18,0.0532949
13,701,800,11,0.0335128
13,801,900,15,0.0526154
13,901,1000,14,0.0467051
13,1,100,10,0.0240385
13,101,200,7,0.0144103
13,201,300,15,0.0342436
13,301,400,9,0.0167692
13,401,500,11,0.0146026
13,501,600,7,0.0199231
13,601,700,14,0.0237692
13,701,800,13,0.0169231
13,801,900,9,0.0217949
13,901,1000,18,0.034641
10,1,100,8,0.0199487
10,101,200,7,0.0107051
10,201,300,12,0.0451282
10,301,400,16,0.0412308
10,401,500,13,0.0363205
10,501,600,15,0.0345897
10,601,700,17,0.0502051
10,701,800,14,0.0270641
10,801,900,9,0.0263077
10,901,1000,13,0.0366026
11,1,100,16,0.0367564
11,101,200,28,0.0762436
11,201,300,21,0.052
11,301,400,20,0.0505128
11,401,500,13,0.0290513
11,501,600,16,0.0307051
11,601,700,18,0.0440385
11,701,800,14,0.0423333
11,801,900,18,0.0398462
11,901,1000,20,0.0537051
11,1,100,11,0.0259231
11,101,200,8,0.012141
11,201,300,12,0.0291538
11,301,400,8,0.032641
11,401,500,4,0.0107821
11,501,600,5,0.00988462
11,601,700,6,0.0138077
11,701,800,7,0.0119103
11,801,900,4,0.0144615
11,901,1000,4,0.0101154
15,1,100,13,0.0360385
15,101,200,12,0.0272179
15,201,300,12,0.0303974
15,301,400,15,0.0365641
15,401,500,17,0.0404744
15,501,600,11,0.0322564
15,601,700,7,0.0179487
15,701,800,11,0.0227821
15,801,900,12,0.0276538
15,901,1000,9,0.0297308
19,1,100,7,0.00696154
19,101,200,8,0.00982051
19,201,300,10,0.00729487
19,301,400,5,0.00711538
19,401,500,12,0.0163718
19,501,600,11,0.0108462
19,601,700,11,0.00935897
19,701,800,10,0.0137436
19,801,900,5,0.0025
19,901,1000,8,0.00797436
5,1,100,12,0.0310897
5,101,200,26,0.0645897
5,201,300,18,0.0690385
5,301,400,14,0.0362308
5,401,500,20,0.0503077
5,501,600,17,0.0401538
5,601,700,14,0.0411538
5,701,800,16,0.0466282
5,801,900,15,0.0489103
5,901,1000,17,0.0463846
13,1,100,12,0.0234872
13,101,200,6,0.00392308
13,201,300,9,0.0193077
13,301,400,13,0.0298974
13,401,500,12,0.0314359
13,501,600,10,0.0249615
13,601,700,6,0.0118718
13,701,800,5,0.0161538
13,801,900,10,0.028359
13,901,1000,9,0.0209487
13,1,100,8,0.036641
13,101,200,13,0.0432949
13,201,300,9,0.0247692
13,301,400,9,0.0185769
13,401,500,11,0.0392308
13,501,600,10,0.0300769
13,601,700,5,0.00730769
13,701,800,6,0.0184872
13,801,900,4,0.0205128
13,901,1000,9,0.0280641
15,1,100,14,0.0232179
15,101,200,14,0.0178205
15,201,300,13,0.0171667
15,301,400,12,0.0216667
15,401,500,13,0.0364359
15,501,600,15,0.0300256
15,601,700,10,0.0144359
15,701,800,11,0.0157949
15,801,900,12,0.019141
15,901,1000,20,0.0246154
0,1,100,9,0.0173462
0,101,200,7,0.0115513
0,201,300,8,0.014
0,301,400,12,0.0277564
0,401,500,8,0.0140897
0,501,600,9,0.0192692
0,601,700,11,0.0209615
0,701,800,13,0.0230385
0,801,900,12,0.0198205
0,901,1000,10,0.0172949
3,1,100,18,0.0305897
3,101,200,14,0.0239231
3,201,300,12,0.0323205
3,301,400,10,0.019
3,401,500,19,0.0332436
3,501,600,13,0.0254872
3,601,700,17,0.048641
3,701,800,16,0.0367179
3,801,900,15,0.0309744
3,901,1000,18,0.0406923
15,1,100,8,0.0124487
15,101,200,17,0.0274615
15,201,300,11,0.0212179
15,301,400,11,0.0269103
15,401,500,7,0.0115385
15,501,600,15,0.0465256
15,601,700,15,0.033141
15,701,800,12,0.0291923
15,801,900,11,0.0163974
15,901,1000,16,0.0454231
19,1,100,14,0.0491667
19,101,200,25,0.0925641
19,201,300,19,0.0722949
19,301,400,22,0.0627949
19,401,500,21,0.0847436
19,501,600,19,0.0730513
19,601,700,28,0.105962
19,701,800,22,0.0807436
19,801,900,22,0.0658077
19,901,1000,26,0.0975513
16,1,100,9,0.0162821
16,101,200,15,0.0346795
16,201,300,9,0.017141
16,301,400,17,0.0336538
16,401,500,13,0.024141
16,501,600,8,0.0164872
16,601,700,8,0.0171923
16,701,800,10,0.0172179
16,801,900,12,0.0278974
16,901,1000,12,0.0187308
8,1,100,13,0.0345256
8,101,200,13,0.0348462
8,201,300,13,0.0255897
8,301,400,16,0.0378974
8,401,500,15,0.0217051
8,501,600,14,0.0322949
8,601,700,9,0.0204744
8,701,800,10,0.0279487
8,801,900,13,0.0335513
8,901,1000,14,0.0253974
12,1,100,8,0.0169615
12,101,200,6,0.00925641
12,201,300,8,0.00994872
12,301,400,7,0.0115128
12,401,500,7,0.00896154
12,501,600,8,0.0136795
12,601,700,8,0.0156538
12,701,800,8,0.014141
12,801,900,16,0.0245256
12,901,1000,7,0.0100769
17,1,100,9,0.0215641
17,101,200,16,0.0269872
17,201,300,9,0.0241154
17,301,400,8,0.0278333
17,401,500,14,0.0327051
17,501,600,7,0.0130769
17,601,700,13,0.0367308
17,701,800,8,0.0184359
17,801,900,13,0.0431282
17,901,1000,11,0.0267821
7,1,100,12,0.0234872
7,101,200,6,0.00392308
7,201,300,9,0.0193077
7,301,400,13,0.0298974
7,401,500,12,0.0314359
7,501,600,10,0.0249615
7,601,700,6,0.0118718
7,701,800,5,0.0161538
7,801,900,10,0.028359
7,901,1000,9,0.0209487
0,1,100,16,0.0277692
0,101,200,14,0.0342308
0,201,300,8,0.0148974
0,301,400,12,0.0156923
0,401,500,8,0.00582051
0,501,600,8,0.0165769
0,601,700,8,0.0213462
0,701,800,13,0.0199103
0,801,900,9,0.015859
0,901,1000,15,0.0233846
13,1,100,15,0.0307308
13,101,200,15,0.0381154
13,201,300,15,0.0414872
13,301,400,14,0.0454359
13,401,500,19,0.0474359
13,501,600,19,0.0555
13,601,700,17,0.0524487
13,701,800,22,0.0479744
13,801,900,13,0.0272949
13,901,1000,13,0.0236538
1,1,100,14,0.0439103
1,101,200,16,0.0430769
1,201,300,15,0.0367051
1,301,400,7,0.0170641
1,401,500,15,0.042359
1,501,600,18,0.0513718
1,601,700,14,0.0338205
1,701,800,10,0.0165513
1,801,900,17,0.0412564
1,901,1000,12,0.0246667
1,1,100,13,0.0482821
1,101,200,12,0.0371026
1,201,300,19,0.0556154
1,301,400,16,0.0513333
1,401,500,16,0.0619872
1,501,600,15,0.0576667
1,601,700,16,0.0632692
1,701,800,13,0.0455385
1,801,900,16,0.0670513
1,901,1000,19,0.0677949
14,1,100,17,0.0531282
14,101,200,27,0.0965513
14,201,300,19,0.0625769
14,301,400,16,0.0532436
14,401,500,20,0.0652436
14,501,600,13,0.0436282
14,601,700,23,0.0715769
14,701,800,31,0.109782
14,801,900,26,0.0860897
14,901,1000,20,0.0666667
15,1,100,15,0.0453462
15,101,200,11,0.0289744
15,201,300,8,0.0169615
15,301,400,10,0.0238333
15,401,500,18,0.0487051
15,501,600,16,0.0337179
15,601,700,13,0.0286667
15,701,800,14,0.0262436
15,801,900,11,0.0320897
15,901,1000,10,0.0196795
17,1,100,7,0.0134744
17,101,200,7,0.0211667
17,201,300,8,0.0277949
17,301,400,10,0.0368846
17,401,500,13,0.0433718
17,501,600,5,0.0157179
17,601,700,9,0.0204231
17,701,800,8,0.0248462
17,801,900,4,0.00901282
17,901,1000,11,0.0339872
16,1,100,10,0.0181923
16,101,200,11,0.0441795
16,201,300,16,0.0620128
16,301,400,13,0.033359
16,401,500,13,0.0332692
16,501,600,8,0.0378333
16,601,700,15,0.0539359
16,701,800,7,0.0130641
16,801,900,9,0.0237692
16,901,1000,12,0.0154615
3,1,100,19,0.0572692
3,101,200,12,0.0320641
3,201,300,19,0.0765256
3,301,400,15,0.0359487
3,401,500,19,0.0680769
3,501,600,17,0.0610641
3,601,700,15,0.0474231
3,701,800,15,0.0560641
3,801,900,16,0.0540385
3,901,1000,15,0.0439615
19,1,100,16,0.0534359
19,101,200,13,0.0335513
19,201,300,11,0.0417692
19,301,400,10,0.0410128
19,401,500,10,0.037641
19,501,600,13,0.0436026
19,601,700,19,0.0657051
19,701,800,14,0.0555385
19,801,900,14,0.0458718
19,901,1000,19,0.0690897
4,1,100,9,0.0279359
4,101,200,10,0.0334744
4,201,300,9,0.0293718
4,301,400,16,0.0501154
4,401,500,13,0.0342051
4,501,600,14,0.0465641
4,601,700,10,0.0345897
4,701,800,15,0.0477564
4,801,900,7,0.0304744
4,901,1000,12,0.0344103
6,1,100,13,0.0348846
6,101,200,15,0.0442308
6,201,300,11,0.0215256
6,301,400,16,0.0529103
6,401,500,14,0.0387051
6,501,600,15,0.0276154
6,601,700,13,0.0397564
6,701,800,11,0.0217308
6,801,900,14,0.0232436
6,901,1000,19,0.0616923
4,1,100,9,0.0276282
4,101,200,13,0.0405385
4,201,300,8,0.0177436
4,301,400,8,0.0257564
4,401,500,5,0.0216026
4,501,600,17,0.0491282
4,601,700,13,0.0428718
4,701,800,8,0.0229231
4,801,900,7,0.0209487
4,901,1000,8,0.0263205
18,1,100,7,0.00444872
18,101,200,10,0.00687179
18,201,300,9,0.0111282
18,301,400,5,0.0065
18,401,500,5,0.00635897
18,501,600,5,0.00574359
18,601,700,5,0.00985897
18,701,800,4,0.00561538
18,801,900,4,0.00434615
18,901,1000,4,0.00932051
5,1,100,14,0.0306026
5,101,200,19,0.0307436
5,201,300,8,0.0167692
5,301,400,13,0.0172308
5,401,500,14,0.034141
5,501,600,12,0.0144487
5,601,700,16,0.0365897
5,701,800,11,0.0190385
5,801,900,20,0.0343846
5,901,1000,12,0.0144359
3,1,100,11,0.0243077
3,101,200,5,0.0148974
3,201,300,10,0.017
3,301,400,7,0.0139231
3,401,500,11,0.0202436
3,501,600,12,0.0246282
3,601,700,8,0.0155769
3,701,800,9,0.0155897
3,801,900,12,0.0224487
3,901,1000,5,0.014
4,1,100,17,0.0505
4,101,200,20,0.0564359
4,201,300,11,0.0381667
4,301,400,8,0.0154744
4,401,500,7,0.0190513
4,501,600,9,0.0231538
4,601,700,7,0.0205128
4,701,800,12,0.0450256
4,801,900,14,0.0457564
4,901,1000,9,0.0150256
12,1,100,12,0.0208718
12,101,200,13,0.0247179
12,201,300,10,0.0158333
12,301,400,5,0.0128333
12,401,500,9,0.0247692
12,501,600,12,0.0226282
12,601,700,11,0.0207051
12,701,800,7,0.00894872
12,801,900,7,0.0147692
12,901,1000,8,0.0157308
8,1,100,8,0.0119615
8,101,200,13,0.0127564
8,201,300,11,0.0114872
8,301,400,6,0.00751282
8,401,500,9,0.00807692
8,501,600,9,0.0149231
8,601,700,10,0.0135641
8,701,800,10,0.0139103
8,801,900,12,0.0125897
8,901,1000,14,0.0147692
0,1,100,29,0.0652308
0,101,200,14,0.0372051
0,201,300,20,0.0470128
0,301,400,18,0.0441923
0,401,500,10,0.0220641
0,501,600,16,0.0378077
0,601,700,23,0.0526154
0,701,800,14,0.0407564
0,801,900,20,0.0507308
0,901,1000,15,0.034859
11,1,100,11,0.0168205
11,101,200,10,0.0347051
11,201,300,12,0.0301154
11,301,400,6,0.0237692
11,401,500,8,0.0198718
11,501,600,14,0.0264615
11,601,700,10,0.0253718
11,701,800,11,0.0317308
11,801,900,9,0.0266282
11,901,1000,9,0.0225897
19,1,100,10,0.0210256
19,101,200,7,0.0172179
19,201,300,15,0.0400385
19,301,400,10,0.0242821
19,401,500,11,0.0384744
19,501,600,6,0.0106538
19,601,700,6,0.016359
19,701,800,10,0.0230513
19,801,900,9,0.0129744
19,901,1000,7,0.0169359
14,1,100,14,0.0558718
14,101,200,12,0.0413974
14,201,300,15,0.0374487
14,301,400,9,0.0188718
14,401,500,13,0.0355769
14,501,600,10,0.0319744
14,601,700,22,0.0605897
14,701,800,14,0.0446667
14,801,900,11,0.0377436
14,901,1000,18,0.0569231
8,1,100,3,0.00819231
8,101,200,8,0.0199487
8,201,300,5,0.0122949
8,301,400,10,0.0314359
8,401,500,8,0.0194615
8,501,600,2,0.00358974
8,601,700,8,0.0214231
8,701,800,8,0.0163462
8,801,900,12,0.0257051
8,901,1000,7,0.0200769
3,1,100,7,0.0198974
3,101,200,4,0.00980769
3,201,300,8,0.0133846
3,301,400,8,0.0207949
3,401,500,8,0.0224615
3,501,600,12,0.0310256
3,601,700,8,0.0295897
3,701,800,8,0.0159359
3,801,900,11,0.0207949
3,901,1000,7,0.0165897
10,1,100,23,0.0571282
10,101,200,16,0.0282051
10,201,300,14,0.0316538
10,301,400,18,0.054359
10,401,500,17,0.0561282
10,501,600,16,0.0429615
10,601,700,20,0.0659359
10,701,800,15,0.0203205
10,801,900,17,0.0472821
10,901,1000,15,0.0264231
3,1,100,10,0.0146667
3,101,200,8,0.0104231
3,201,300,5,0.00437179
3,301,400,7,0.0125641
3,401,500,12,0.0228718
3,501,600,8,0.0231795
3,601,700,6,0.00487179
3,701,800,7,0.00674359
3,801,900,10,0.0219231
3,901,1000,10,0.0130256
18,1,100,14,0.048
18,101,200,5,0.0205
18,201,300,6,0.0085
18,301,400,9,0.0170256
18,401,500,6,0.00867949
18,501,600,9,0.0195128
18,601,700,4,0.0182308
18,701,800,7,0.012359
18,801,900,13,0.0377308
18,901,1000,13,0.0331667
6,1,100,9,0.0319359
6,101,200,9,0.0215128
6,201,300,11,0.0336923
6,301,400,12,0.0210128
6,401,500,12,0.0356667
6,501,600,14,0.0342692
6,601,700,12,0.0266282
6,701,800,9,0.0316154
6,801,900,12,0.0258333
6,901,1000,12,0.0367564
4,1,100,5,0.0101154
4,101,200,5,0.00564103
4,201,300,12,0.0127564
4,301,400,14,0.0276026
4,401,500,7,0.0102308
4,501,600,6,0.0114872
4,601,700,16,0.0262308
4,701,800,6,0.0136667
4,801,900,9,0.00958974
4,901,1000,13,0.0192308
5,1,100,24,0.0751154
5,101,200,19,0.0564103
5,201,300,22,0.0545
5,301,400,9,0.0302949
5,401,500,17,0.0559359
5,501,600,16,0.0365256
5,601,700,10,0.0332949
5,701,800,18,0.0383333
5,801,900,10,0.0274487
5,901,1000,18,0.0601282
9,1,100,14,0.0229872
9,101,200,18,0.0300897
9,201,300,20,0.0300897
9,301,400,21,0.0387692
9,401,500,18,0.0353205
9,501,600,14,0.0196154
9,601,700,12,0.0235897
9,701,800,19,0.0337821
9,801,900,16,0.0268974
9,901,1000,17,0.0416154
16,1,100,10,0.0199487
16,101,200,12,0.0273718
16,201,300,11,0.0339487
16,301,400,8,0.0230513
16,401,500,1,0.000974359
16,501,600,6,0.0134487
16,601,700,8,0.0172949
16,701,800,5,0.0122308
16,801,900,10,0.0221538
16,901,1000,13,0.0254231
10,1,100,7,0.00539744
10,101,200,12,0.0161154
10,201,300,13,0.0215128
10,301,400,8,0.00937179
10,401,500,11,0.0204231
10,501,600,9,0.0101795
10,601,700,12,0.0152949
10,701,800,10,0.0162436
10,801,900,10,0.0126154
10,901,1000,5,0.00532051
3,1,100,15,0.038359
3,101,200,12,0.0278718
3,201,300,9,0.0187436
3,301,400,5,0.012359
3,401,500,11,0.0289231
3,501,600,11,0.0260128
3,601,700,10,0.0258462
3,701,800,8,0.0226154
3,801,900,12,0.0417564
3,901,1000,12,0.0270256
6,1,100,14,0.0415769
6,101,200,9,0.0194615
6,201,300,6,0.010859
6,301,400,11,0.0255128
6,401,500,13,0.0316282
6,501,600,10,0.0200641
6,601,700,12,0.0293077
6,701,800,13,0.0428333
6,801,900,11,0.036141
6,901,1000,18,0.0510897
3,1,100,15,0.0581923
3,101,200,16,0.0537949
3,201,300,14,0.046141
3,301,400,18,0.0579103
3,401,500,14,0.0541923
3,501,600,14,0.0498333
3,601,700,20,0.0522308
3,701,800,16,0.0469615
3,801,900,6,0.020141
3,901,1000,16,0.0507308
14,1,100,10,0.0327821
14,101,200,13,0.032
14,201,300,12,0.0359872
14,301,400,10,0.0260897
14,401,500,11,0.0187179
14,501,600,14,0.0402949
14,601,700,18,0.0536026
14,701,800,10,0.0210128
14,801,900,11,0.0216026
14,901,1000,15,0.0361923
2,1,100,16,0.039
2,101,200,8,0.0223077
2,201,300,14,0.0273333
2,301,400,13,0.0290769
2,401,500,17,0.0464615
2,501,600,14,0.031
2,601,700,13,0.0260385
2,701,800,11,0.0296026
2,801,900,11,0.029641
2,901,1000,7,0.0168077
7,1,100,4,0.00833333
7,101,200,11,0.0187564
7,201,300,11,0.0313718
7,301,400,13,0.0393846
7,401,500,10,0.0189744
7,501,600,10,0.0276282
7,601,700,5,0.0176154
7,701,800,7,0.00902564
7,801,900,12,0.0205641
7,901,1000,5,0.011141
7,1,100,12,0.0319487
7,101,200,26,0.0690513
7,201,300,16,0.0431923
7,301,400,25,0.0689487
7,401,500,13,0.0337692
7,501,600,22,0.0640256
7,601,700,7,0.0215769
7,701,800,20,0.0552051
7,801,900,17,0.0483718
7,901,1000,15,0.0485769
9,1,100,13,0.0300513
9,101,200,9,0.0177692
9,201,300,11,0.0263846
9,301,400,17,0.0351282
9,401,500,12,0.0295897
9,501,600,16,0.0283974
9,601,700,15,0.033
9,701,800,14,0.0329615
9,801,900,9,0.0219359
9,901,1000,11,0.0307821
1,1,100,8,0.0155897
1,101,200,7,0.0136667
1,201,300,10,0.0149487
1,301,400,12,0.0250769
1,401,500,10,0.0182821
1,501,600,7,0.013
1,601,700,10,0.025859
1,701,800,4,0.00967949
1,801,900,13,0.0280128
1,901,1000,4,0.00555128
12,1,100,12,0.0393077
12,101,200,11,0.0274615
12,201,300,9,0.0161667
12,301,400,6,0.00920513
12,401,500,7,0.00584615
12,501,600,7,0.0139359
12,601,700,12,0.0249231
12,701,800,8,0.00934615
12,801,900,12,0.0201282
12,901,1000,11,0.0147821
18,1,100,11,0.0278205
18,101,200,13,0.0318333
18,201,300,12,0.0303077
18,301,400,9,0.0172949
18,401,500,13,0.0437949
18,501,600,11,0.0314359
18,601,700,16,0.0552949
18,701,800,14,0.0437308
18,801,900,12,0.0312564
18,901,1000,16,0.0443974
0,1,100,6,0.00728205
0,101,200,9,0.0207308
0,201,300,10,0.0197949
0,301,400,4,0.0136923
0,401,500,6,0.00903846
0,501,600,10,0.0210641
0,601,700,7,0.0141667
0,701,800,5,0.0105256
0,801,900,6,0.00808974
0,901,1000,10,0.021141
6,1,100,15,0.0361923
6,101,200,11,0.0185128
6,201,300,16,0.0467949
6,301,400,13,0.0254487
6,401,500,11,0.0236154
6,501,600,9,0.0173205
6,601,700,11,0.0302436
6,701,800,11,0.0232051
6,801,900,12,0.0247564
6,901,1000,18,0.0341282
10,1,100,14,0.0373718
10,101,200,20,0.0662051
10,201,300,11,0.0388205
10,301,400,20,0.0896667
10,401,500,19,0.0552564
10,501,600,17,0.0718205
10,601,700,10,0.0400769
10,701,800,12,0.0542308
10,801,900,19,0.0501282
10,901,1000,14,0.0512051
14,1,100,8,0.00724359
14,101,200,4,0.00294872
14,201,300,6,0.00828205
14,301,400,8,0.0111667
14,401,500,6,0.00852564
14,501,600,8,0.0134872
14,601,700,7,0.00826923
14,701,800,6,0.00947436
14,801,900,2,0.00147436
14,901,1000,8,0.0129615
11,1,100,16,0.0443718
11,101,200,20,0.0639872
11,201,300,21,0.0720897
11,301,400,19,0.0596154
11,401,500,20,0.0635128
11,501,600,19,0.0506667
11,601,700,20,0.0506282
11,701,800,13,0.041641
11,801,900,16,0.0418462
11,901,1000,22,0.0573205
6,1,100,10,0.0162436
6,101,200,9,0.0200769
6,201,300,9,0.0192436
6,301,400,7,0.0149872
6,401,500,7,0.0212051
6,501,600,17,0.0365769
6,601,700,7,0.0147564
6,701,800,3,0.00324359
6,801,900,9,0.0146154
6,901,1000,11,0.022
7,1,100,14,0.0332051
7,101,200,16,0.037141
7,201,300,8,0.0189359
7,301,400,6,0.0172949
7,401,500,7,0.0169487
7,501,600,16,0.0437179
7,601,700,13,0.0254487
7,701,800,11,0.0178718
7,801,900,14,0.0309744
7,901,1000,5,0.00611538
16,1,100,16,0.0445256
16,101,200,14,0.0563077
16,201,300,13,0.0408205
16,301,400,9,0.0370769
16,401,500,9,0.0321923
16,501,600,10,0.026141
16,601,700,14,0.0444103
16,701,800,15,0.0515641
16,801,900,14,0.0553462
16,901,1000,7,0.0236538
12,1,100,7,0.0217179
12,101,200,9,0.0270256
12,201,300,10,0.0260513
12,301,400,13,0.0252564
12,401,500,6,0.0105513
12,501,600,9,0.0207692
12,601,700,10,0.0270769
12,701,800,12,0.0271795
12,801,900,7,0.0186538
12,901,1000,13,0.0262179
2,1,100,12,0.0288846
2,101,200,15,0.0409103
2,201,300,22,0.0571923
2,301,400,14,0.0250897
2,401,500,10,0.0230769
2,501,600,10,0.0252692
2,601,700,19,0.0624103
2,701,800,19,0.0601923
2,801,900,13,0.0330897
2,901,1000,12,0.0293462
6,1,100,25,0.0381026
6,101,200,24,0.0332308
6,201,300,25,0.0359615
6,301,400,21,0.0406282
6,401,500,19,0.028641
6,501,600,26,0.0433718
6,601,700,29,0.042
6,701,800,24,0.0332051
6,801,900,37,0.0597949
6,901,1000,31,0.0429359
14,1,100,14,0.0364231
14,101,200,13,0.0213718
14,201,300,11,0.0227821
14,301,400,11,0.0275897
14,401,500,13,0.0244103
14,501,600,10,0.0196667
14,601,700,12,0.0134872
14,701,800,9,0.0129615
14,801,900,8,0.0215385
14,901,1000,15,0.0424231
18,1,100,9,0.017141
18,101,200,8,0.0203333
18,201,300,12,0.0334744
18,301,400,7,0.0192179
18,401,500,7,0.0125513
18,501,600,7,0.0112821
18,601,700,10,0.0233077
18,701,800,13,0.0319615
18,801,900,11,0.0257949
18,901,1000,13,0.0275
7,1,100,9,0.0147051
7,101,200,11,0.0138462
7,201,300,14,0.030859
7,301,400,19,0.0340641
7,401,500,17,0.0308205
7,501,600,20,0.0318077
7,601,700,16,0.0297949
7,701,800,18,0.0418333
7,801,900,12,0.0267692
7,901,1000,14,0.0248846
5,1,100,2,0.001
5,101,200,7,0.0120385
5,201,300,9,0.0167179
5,301,400,10,0.00734615
5,401,500,5,0.00848718
5,501,600,9,0.00858974
5,601,700,8,0.0151154
5,701,800,8,0.0122821
5,801,900,10,0.017859
5,901,1000,7,0.0195
5,1,100,15,0.0340128
5,101,200,14,0.0419872
5,201,300,15,0.0277179
5,301,400,14,0.0406795
5,401,500,14,0.0459615
5,501,600,14,0.0392692
5,601,700,11,0.0257564
5,701,800,11,0.0258846
5,801,900,13,0.0259487
5,901,1000,14,0.0264103
16,1,100,11,0.0230897
16,101,200,10,0.0156282
16,201,300,9,0.0146026
16,301,400,6,0.0176538
16,401,500,8,0.0107692
16,501,600,9,0.0113718
16,601,700,11,0.0207692
16,701,800,12,0.0240385
16,801,900,10,0.0112051
16,901,1000,9,0.0130513
17,1,100,7,0.0182692
17,101,200,8,0.0123077
17,201,300,12,0.016141
17,301,400,8,0.0147949
17,401,500,8,0.0126795
17,501,600,16,0.0182051
17,601,700,9,0.020359
17,701,800,12,0.0153974
17,801,900,13,0.0225897
17,901,1000,5,0.00619231
0,1,100,9,0.0186026
0,101,200,6,0.0150897
0,201,300,13,0.0483462
0,301,400,9,0.0329744
0,401,500,6,0.0194359
0,501,600,8,0.0220385
0,601,700,8,0.0195769
0,701,800,4,0.00987179
0,801,900,4,0.00803846
0,901,1000,2,0.00615385
11,1,100,14,0.0465897
11,101,200,8,0.0334231
11,201,300,11,0.0320256
11,301,400,4,0.0168462
11,401,500,19,0.0578718
11,501,600,15,0.0504359
11,601,700,11,0.0411538
11,701,800,14,0.0590256
11,801,900,11,0.0357692
11,901,1000,10,0.0353205
9,1,100,14,0.0379487
9,101,200,11,0.0252821
9,201,300,17,0.0377436
9,301,400,11,0.0208718
9,401,500,8,0.0259487
9,501,600,13,0.0318974
9,601,700,10,0.0259359
9,701,800,15,0.0370128
9,801,900,10,0.0223333
9,901,1000,15,0.0307308
2,1,100,11,0.0339487
2,101,200,12,0.0280128
2,201,300,7,0.0160385
2,301,400,7,0.0258718
2,401,500,12,0.0316026
2,501,600,11,0.0414615
2,601,700,15,0.0403974
2,701,800,17,0.0342436
2,801,900,12,0.0248205
2,901,1000,11,0.0295
16,1,100,11,0.0281667
16,101,200,19,0.0420513
16,201,300,10,0.0218333
16,301,400,15,0.0290385
16,401,500,11,0.0251923
16,501,600,16,0.0518974
16,601,700,13,0.0235641
16,701,800,12,0.0277436
16,801,900,11,0.0265256
16,901,1000,7,0.0122692
14,1,100,9,0.0171923
14,101,200,6,0.0166282
14,201,300,13,0.022859
14,301,400,7,0.0184615
14,401,500,10,0.0223077
14,501,600,8,0.0198077
14,601,700,12,0.0166795
14,701,800,12,0.0258462
14,801,900,16,0.0328974
14,901,1000,13,0.0250641
9,1,100,11,0.0225641
9,101,200,15,0.0389744
9,201,300,12,0.0195385
9,301,400,8,0.0200385
9,401,500,10,0.0269359
9,501,600,10,0.0303462
9,601,700,9,0.0273846
9,701,800,9,0.0126282
9,801,900,7,0.0218846
9,901,1000,9,0.0206538
19,1,100,9,0.0227308
19,101,200,18,0.0413205
19,201,300,20,0.044141
19,301,400,17,0.0573462
19,401,500,17,0.0473205
19,501,600,19,0.0424872
19,601,700,11,0.0337821
19,701,800,21,0.0467179
19,801,900,19,0.0324103
19,901,1000,13,0.0261538
17,1,100,17,0.0213846
17,101,200,15,0.0247564
17,201,300,20,0.0346923
17,301,400,5,0.0111538
17,401,500,13,0.0257692
17,501,600,16,0.0260256
17,601,700,8,0.0178077
17,701,800,16,0.0266667
17,801,900,11,0.0146154
17,901,1000,11,0.0158333
13,1,100,12,0.0311026
13,101,200,8,0.0196154
13,201,300,11,0.0297051
13,301,400,11,0.0333077
13,401,500,6,0.0205897
13,501,600,10,0.0257821
13,601,700,7,0.0206538
13,701,800,10,0.0378333
13,801,900,16,0.0413077
13,901,1000,13,0.0436795
2,1,100,12,0.0250769
2,101,200,10,0.0162179
2,201,300,15,0.0191923
2,301,400,13,0.0247436
2,401,500,12,0.0241795
2,501,600,11,0.0178333
2,601,700,6,0.0108974
2,701,800,7,0.0080641
2,801,900,14,0.0249744
2,901,1000,14,0.0192308
8,1,100,22,0.0956026
8,101,200,24,0.0819487
8,201,300,22,0.0849872
8,301,400,20,0.0774744
8,401,500,26,0.103705
8,501,600,32,0.115821
8,601,700,23,0.084359
8,701,800,27,0.101192
8,801,900,27,0.101782
8,901,1000,18,0.0765385
6,1,100,19,0.0333333
6,101,200,12,0.0162821
6,201,300,11,0.0140256
6,301,400,15,0.0234872
6,401,500,18,0.0282308
6,501,600,12,0.0207179
6,601,700,4,0.00846154
6,701,800,13,0.0253462
6,801,900,15,0.0217564
6,901,1000,19,0.0392692
16,1,100,17,0.0435385
16,101,200,12,0.0351154
16,201,300,10,0.0341154
16,301,400,11,0.021
16,401,500,14,0.0337308
16,501,600,10,0.0236154
16,601,700,13,0.0390641
16,701,800,13,0.0382949
16,801,900,12,0.0274872
16,901,1000,7,0.0236538
18,1,100,19,0.0642564
18,101,200,20,0.0661538
18,201,300,31,0.126423
18,301,400,20,0.0727308
18,401,500,20,0.0613077
18,501,600,32,0.128474
18,601,700,20,0.0758718
18,701,800,24,0.0886538
18,801,900,21,0.0757821
18,901,1000,19,0.0700897
0,1,100,11,0.0330897
0,101,200,10,0.0225641
0,201,300,17,0.0425385
0,301,400,11,0.0316667
0,401,500,6,0.0149231
0,501,600,9,0.0237308
0,601,700,8,0.0222436
0,701,800,12,0.0370385
0,801,900,16,0.0421795
0,901,1000,14,0.032859
19,1,100,12,0.0283077
19,101,200,15,0.0315769
19,201,300,9,0.0138718
19,301,400,13,0.0180256
19,401,500,8,0.0139359
19,501,600,9,0.0170513
19,601,700,13,0.0183333
19,701,800,15,0.0327308
19,801,900,8,0.0103846
19,901,1000,10,0.0147051
17,1,100,6,0.0110769
17,101,200,7,0.00397436
17,201,300,10,0.0224872
17,301,400,8,0.00534615
17,401,500,10,0.0202949
17,501,600,9,0.0194487
17,601,700,8,0.0182564
17,701,800,6,0.00798718
17,801,900,9,0.00688462
17,901,1000,9,0.0208718
15,1,100,9,0.0176795
15,101,200,10,0.0180641
15,201,300,11,0.0149744
15,301,400,13,0.0223077
15,401,500,10,0.0211026
15,501,600,10,0.0235256
15,601,700,12,0.0193077
15,701,800,14,0.0231154
15,801,900,10,0.0236538
15,901,1000,17,0.0222949
1,1,100,25,0.0414103
1,101,200,14,0.0257821
1,201,300,18,0.0369487
1,301,400,21,0.0338974
1,401,500,20,0.0531923
1,501,600,21,0.0264231
1,601,700,16,0.0243462
1,701,800,11,0.0225385
1,801,900,16,0.0206026
1,901,1000,15,0.0199103
10,1,100,8,0.0153462
10,101,200,9,0.0265385
10,201,300,20,0.0570769
10,301,400,17,0.0356667
10,401,500,10,0.0206538
10,501,600,10,0.0211154
10,601,700,10,0.0259872
10,701,800,11,0.0256154
10,801,900,12,0.0287949
10,901,1000,9,0.0279744
1,1,100,10,0.0185256
1,101,200,12,0.0229103
1,201,300,10,0.0204359
1,301,400,11,0.0220128
1,401,500,9,0.0201538
1,501,600,7,0.0102821
1,601,700,12,0.0287308
1,701,800,13,0.0269359
1,801,900,7,0.0125
1,901,1000,11,0.0200897
1,1,100,13,0.0399487
1,101,200,9,0.0216667
1,201,300,10,0.0122564
1,301,400,13,0.0294487
1,401,500,10,0.0313718
1,501,600,10,0.0310897
1,601,700,15,0.0397564
1,701,800,9,0.0278333
1,801,900,11,0.0257436
1,901,1000,7,0.028
8,1,100,11,0.0225385
8,101,200,12,0.0299615
8,201,300,14,0.0216923
8,301,400,11,0.0247308
8,401,500,16,0.0384103
8,501,600,13,0.0259615
8,601,700,6,0.0186282
8,701,800,7,0.016141
8,801,900,13,0.031141
8,901,1000,9,0.0225
13,1,100,10,0.0253718
13,101,200,11,0.0206538
13,201,300,12,0.031
13,301,400,9,0.0200513
13,401,500,11,0.0256154
13,501,600,11,0.0155641
13,601,700,9,0.0231154
13,701,800,10,0.0256026
13,801,900,8,0.0163333
13,901,1000,12,0.0330513
2,1,100,11,0.044641
2,101,200,7,0.0222692
2,201,300,11,0.0418205
2,301,400,16,0.048859
2,401,500,14,0.0345769
2,501,600,15,0.0402051
2,601,700,12,0.0306026
2,701,800,10,0.0213974
2,801,900,5,0.0133718
2,901,1000,12,0.0431538
15,1,100,12,0.0201282
15,101,200,14,0.0336795
15,201,300,12,0.0347179
15,301,400,16,0.0418718
15,401,500,11,0.035641
15,501,600,13,0.0406538
15,601,700,10,0.0205769
15,701,800,16,0.0518205
15,801,900,18,0.0487949
15,901,1000,12,0.0242436
18,1,100,9,0.025359
18,101,200,9,0.0210897
18,201,300,10,0.0296795
18,301,400,9,0.0289615
18,401,500,10,0.0308718
18,501,600,8,0.0193974
18,601,700,10,0.0203846
18,701,800,16,0.0513974
18,801,900,8,0.0244872
18,901,1000,10,0.0269872
14,1,100,10,0.0287692
14,101,200,13,0.0418846
14,201,300,14,0.0350897
14,301,400,7,0.0201538
14,401,500,7,0.0208846
14,501,600,13,0.0320256
14,601,700,10,0.0323846
14,701,800,12,0.0379487
14,801,900,12,0.0420513
14,901,1000,13,0.0433974
7,1,100,10,0.0203462
7,101,200,6,0.0145897
7,201,300,8,0.0152308
7,301,400,11,0.0152564
7,401,500,9,0.0100641
7,501,600,12,0.0227564
7,601,700,8,0.0128846
7,701,800,12,0.0146667
7,801,900,12,0.0196923
7,901,1000,8,0.0085641
12,1,100,7,0.0215641
12,101,200,7,0.0128077
12,201,300,11,0.0313333
12,301,400,8,0.0124615
12,401,500,5,0.00857692
12,501,600,13,0.0240256
12,601,700,5,0.0125769
12,701,800,8,0.0114615
12,801,900,6,0.0176667
12,901,1000,11,0.0219487
4,1,100,19,0.0827308
4,101,200,16,0.0396667
4,201,300,18,0.0637051
4,301,400,20,0.0625385
4,401,500,14,0.0531282
4,501,600,25,0.0986795
4,601,700,19,0.0762179
4,701,800,15,0.0590897
4,801,900,19,0.071141
4,901,1000,15,0.0618462
4,1,100,10,0.0342436
4,101,200,11,0.0265641
4,201,300,10,0.0175769
4,301,400,10,0.0158205
4,401,500,6,0.0153333
4,501,600,5,0.0101154
4,601,700,11,0.0221538
4,701,800,15,0.0399103
4,801,900,6,0.0124744
4,901,1000,12,0.0312051
13,1,100,10,0.0154744
13,101,200,5,0.00889744
13,201,300,7,0.0122051
13,301,400,5,0.00508974
13,401,500,6,0.0198846
13,501,600,5,0.0121538
13,601,700,9,0.0213846
13,701,800,5,0.0131923
13,801,900,6,0.0138974
13,901,1000,3,0.00625641
8,1,100,13,0.0282436
8,101,200,11,0.0185513
8,201,300,14,0.0241026
8,301,400,15,0.0446538
8,401,500,17,0.0354487
8,501,600,15,0.0429872
8,601,700,18,0.0354744
8,701,800,12,0.0227692
8,801,900,17,0.0424744
8,901,1000,17,0.0409487
0,1,100,19,0.0527821
0,101,200,16,0.0298974
0,201,300,17,0.0347051
0,301,400,26,0.0565385
0,401,500,17,0.0242821
0,501,600,20,0.0424744
0,601,700,21,0.0534231
0,701,800,21,0.0449103
0,801,900,15,0.0297051
0,901,1000,16,0.0345128
16,1,100,16,0.0368718
16,101,200,13,0.0283333
16,201,300,8,0.0249231
16,301,400,16,0.0305256
16,401,500,19,0.0591026
16,501,600,16,0.0370897
16,601,700,22,0.0471923
16,701,800,16,0.0295256
16,801,900,11,0.0315128
16,901,1000,13,0.0315513
9,1,100,16,0.0383462
9,101,200,10,0.0266538
9,201,300,18,0.0571923
9,301,400,9,0.028859
9,401,500,16,0.0468333
9,501,600,15,0.0406923
9,601,700,25,0.0688333
9,701,800,19,0.0590769
9,801,900,12,0.0264744
9,901,1000,14,0.0431282
16,1,100,10,0.0310385
16,101,200,12,0.0219487
16,201,300,13,0.0401667
16,301,400,17,0.0354872
16,401,500,6,0.00808974
16,501,600,9,0.0317821
16,601,700,10,0.0138718
16,701,800,14,0.0328077
16,801,900,13,0.0477179
16,901,1000,13,0.0342821
9,1,100,14,0.029859
9,101,200,12,0.0255513
9,201,300,12,0.0237692
9,301,400,10,0.0100897
9,401,500,11,0.0194872
9,501,600,13,0.0269872
9,601,700,11,0.0266026
9,701,800,8,0.0126154
9,801,900,13,0.0217949
9,901,1000,8,0.0152051
2,1,100,8,0.0199872
2,101,200,9,0.0192821
2,201,300,8,0.0178846
2,301,400,6,0.00442308
2,401,500,12,0.0247564
2,501,600,12,0.0252051
2,601,700,13,0.0192949
2,701,800,7,0.00970513
2,801,900,13,0.0229359
2,901,1000,14,0.0144615
15,1,100,9,0.0132949
15,101,200,6,0.018
15,201,300,8,0.0113974
15,301,400,9,0.0241026
15,401,500,8,0.0248718
15,501,600,9,0.0286795
15,601,700,5,0.0109872
15,701,800,15,0.0487051
15,801,900,10,0.030641
15,901,1000,15,0.0352692
17,1,100,9,0.0219231
17,101,200,14,0.0376282
17,201,300,6,0.00983333
17,301,400,3,0.00787179
17,401,500,9,0.0281154
17,501,600,9,0.023859
17,601,700,7,0.00960256
17,701,800,15,0.0296154
17,801,900,7,0.0208846
17,901,1000,11,0.0297821
4,1,100,8,0.0177308
4,101,200,7,0.0145513
4,201,300,9,0.0166154
4,301,400,5,0.00939744
4,401,500,12,0.0236026
4,501,600,10,0.0187692
4,601,700,9,0.0150256
4,701,800,20,0.0387949
4,801,900,10,0.0181154
4,901,1000,10,0.0207692
6,1,100,8,0.0224872
6,101,200,6,0.00939744
6,201,300,16,0.0227564
6,301,400,14,0.0284615
6,401,500,10,0.0212051
6,501,600,3,0.00655128
6,601,700,6,0.0113974
6,701,800,16,0.0160385
6,801,900,11,0.0181154
6,901,1000,9,0.0108333
1,1,100,15,0.0397821
1,101,200,9,0.0299359
1,201,300,15,0.0351282
1,301,400,15,0.0408205
1,401,500,11,0.0257051
1,501,600,11,0.0348974
1,601,700,12,0.0365513
1,701,800,10,0.035859
1,801,900,12,0.0332692
1,901,1000,6,0.0218974
10,1,100,13,0.015141
10,101,200,9,0.0211795
10,201,300,9,0.0147436
10,301,400,7,0.0180641
10,401,500,13,0.0176026
10,501,600,13,0.0175513
10,601,700,17,0.0276154
10,701,800,11,0.0211282
10,801,900,17,0.0297179
10,901,1000,17,0.0338846
5,1,100,13,0.0554487
5,101,200,15,0.0633205
5,201,300,23,0.0734103
5,301,400,20,0.0856154
5,401,500,16,0.0458077
5,501,600,16,0.0488462
5,601,700,14,0.0494359
5,701,800,22,0.0642821
5,801,900,20,0.0551795
5,901,1000,12,0.033359
15,1,100,11,0.0250513
15,101,200,13,0.0265513
15,201,300,12,0.017859
15,301,400,8,0.0107692
15,401,500,9,0.0155256
15,501,600,12,0.0285256
15,601,700,5,0.00784615
15,701,800,15,0.0316282
15,801,900,7,0.00723077
15,901,1000,9,0.0127436
19,1,100,19,0.0383205
19,101,200,21,0.0566282
19,201,300,11,0.0312564
19,301,400,16,0.0466282
19,401,500,19,0.0463462
19,501,600,14,0.0391795
19,601,700,21,0.0574231
19,701,800,17,0.0575641
19,801,900,16,0.0377308
19,901,1000,18,0.0479872
12,1,100,6,0.0204359
12,101,200,6,0.0127692
12,201,300,6,0.00921795
12,301,400,14,0.0355513
12,401,500,9,0.0225
12,501,600,6,0.0187308
12,601,700,9,0.0177821
12,701,800,7,0.0199615
12,801,900,11,0.0325769
12,901,1000,8,0.0167179
12,1,100,9,0.0171026
12,101,200,7,0.0141923
12,201,300,5,0.0112692
12,301,400,11,0.0245513
12,401,500,19,0.0426795
12,501,600,9,0.0353846
12,601,700,7,0.0178462
12,701,800,8,0.0216667
12,801,900,13,0.0385256
12,901,1000,7,0.0137308
4,1,100,9,0.0153718
4,101,200,14,0.0308077
4,201,300,17,0.0248077
4,301,400,9,0.0189359
4,401,500,17,0.0414615
4,501,600,10,0.0263718
4,601,700,10,0.0182179
4,701,800,12,0.0295513
4,801,900,9,0.0223718
4,901,1000,14,0.0404744
1,1,100,12,0.0403333
1,101,200,7,0.0172436
1,201,300,13,0.0359359
1,301,400,13,0.0271667
1,401,500,13,0.0394615
1,501,600,9,0.0301923
1,601,700,12,0.0256923
1,701,800,16,0.0376026
1,801,900,16,0.0426154
1,901,1000,7,0.0166923
10,1,100,12,0.0321538
10,101,200,18,0.0473462
10,201,300,10,0.0255897
10,301,400,6,0.0155385
10,401,500,13,0.0408846
10,501,600,10,0.0228077
10,601,700,10,0.0208205
10,701,800,15,0.0329744
10,801,900,11,0.0243462
10,901,1000,15,0.0487051
18,1,100,20,0.0301667
18,101,200,11,0.0267436
18,201,300,14,0.0211154
18,301,400,17,0.0275385
18,401,500,16,0.0298462
18,501,600,21,0.0394103
18,601,700,15,0.0195256
18,701,800,19,0.0406154
18,801,900,17,0.0206538
18,901,1000,18,0.0282949
5,1,100,15,0.0394872
5,101,200,10,0.0287051
5,201,300,11,0.0332051
5,301,400,15,0.0339103
5,401,500,11,0.0203333
5,501,600,10,0.026
5,601,700,20,0.0461795
5,701,800,16,0.0294615
5,801,900,14,0.0455641
5,901,1000,15,0.044141
13,1,100,17,0.0619231
13,101,200,27,0.0978077
13,201,300,13,0.0421923
13,301,400,25,0.0866154
13,401,500,21,0.0748462
13,501,600,15,0.0520769
13,601,700,16,0.0452051
13,701,800,17,0.0616282
13,801,900,19,0.0687692
13,901,1000,21,0.0653205
11,1,100,14,0.0287436
11,101,200,14,0.0296795
11,201,300,14,0.0377179
11,301,400,5,0.0147564
11,401,500,8,0.0242692
11,501,600,14,0.0403462
11,601,700,11,0.0328846
11,701,800,13,0.0342308
11,801,900,11,0.0216154
11,901,1000,14,0.0328462
18,1,100,15,0.0466282
18,101,200,18,0.0594359
18,201,300,21,0.055859
18,301,400,10,0.0280641
18,401,500,16,0.0455769
18,501,600,19,0.0555256
18,601,700,21,0.0640513
18,701,800,19,0.0391795
18,801,900,16,0.0520256
18,901,1000,5,0.0172308
7,1,100,9,0.0176795
7,101,200,11,0.0137692
7,201,300,5,0.0115128
7,301,400,8,0.0103333
7,401,500,6,0.0146282
7,501,600,4,0.00469231
7,601,700,7,0.0129103
7,701,800,11,0.0192051
7,801,900,7,0.0148077
7,901,1000,4,0.00762821
14,1,100,14,0.0547179
14,101,200,17,0.0529615
14,201,300,17,0.0401154
14,301,400,12,0.0335256
14,401,500,16,0.0535641
14,501,600,13,0.0439359
14,601,700,20,0.0756667
14,701,800,10,0.0374231
14,801,900,11,0.0317179
14,901,1000,18,0.0548462
9,1,100,13,0.0359103
9,101,200,14,0.0254487
9,201,300,16,0.031141
9,301,400,11,0.0221282
9,401,500,12,0.0200897
9,501,600,14,0.0314487
9,601,700,14,0.0265128
9,701,800,17,0.0351923
9,801,900,12,0.0229231
9,901,1000,14,0.0312564
7,1,100,8,0.0120641
7,101,200,11,0.0385
7,201,300,3,0.00242308
7,301,400,4,0.00897436
7,401,500,11,0.0233333
7,501,600,6,0.0132179
7,601,700,6,0.00870513
7,701,800,7,0.0133205
7,801,900,9,0.0245
7,901,1000,7,0.0104744
9,1,100,11,0.0185513
9,101,200,12,0.0258333
9,201,300,11,0.0245769
9,301,400,3,0.00684615
9,401,500,12,0.0345769
9,501,600,10,0.0245256
9,601,700,11,0.0215385
9,701,800,16,0.0340897
9,801,900,11,0.0317051
9,901,1000,17,0.0287949
6,1,100,13,0.0267949
6,101,200,11,0.0247949
6,201,300,9,0.0226538
6,301,400,12,0.0218718
6,401,500,6,0.0122949
6,501,600,12,0.0196154
6,601,700,12,0.0270128
6,701,800,10,0.0225897
6,801,900,10,0.0175
6,901,1000,8,0.00796154
10,1,100,10,0.0186282
10,101,200,14,0.0364231
10,201,300,12,0.0439872
10,301,400,17,0.0485513
10,401,500,13,0.0363974
10,501,600,17,0.0325513
10,601,700,11,0.0235641
10,701,800,20,0.0392949
10,801,900,16,0.0511154
10,901,1000,19,0.0503205
11,1,100,13,0.0132949
11,101,200,10,0.022
11,201,300,18,0.0406923
11,301,400,7,0.0211667
11,401,500,11,0.0300128
11,501,600,11,0.0214744
11,601,700,14,0.0337692
11,701,800,10,0.0185128
11,801,900,10,0.0172436
11,901,1000,17,0.0373974
7,1,100,12,0.0307821
7,101,200,7,0.0146667
7,201,300,9,0.0221154
7,301,400,12,0.0413333
7,401,500,6,0.0205128
7,501,600,14,0.0346538
7,601,700,13,0.0399103
7,701,800,8,0.0212308
7,801,900,13,0.0332821
7,901,1000,6,0.0242564
5,1,100,17,0.0587051
5,101,200,18,0.0720897
5,201,300,21,0.069141
5,301,400,14,0.0455641
5,401,500,14,0.0438462
5,501,600,16,0.0626795
5,601,700,9,0.0309359
5,701,800,13,0.0523333
5,801,900,12,0.0283333
5,901,1000,11,0.0335641
15,1,100,16,0.0401154
15,101,200,19,0.0360128
15,201,300,9,0.0192949
15,301,400,19,0.0401667
15,401,500,19,0.0415128
15,501,600,17,0.053859
15,601,700,16,0.043359
15,701,800,10,0.019
15,801,900,14,0.0299231
15,901,1000,14,0.0433846
8,1,100,14,0.0303462
8,101,200,17,0.0292564
8,201,300,13,0.0292179
8,301,400,9,0.0206923
8,401,500,17,0.030141
8,501,600,13,0.0316026
8,601,700,12,0.0218205
8,701,800,10,0.0249487
8,801,900,16,0.0425128
8,901,1000,9,0.0149103
2,1,100,13,0.0306026
2,101,200,4,0.00997436
2,201,300,7,0.0142051
2,301,400,9,0.0171795
2,401,500,8,0.0241282
2,501,600,7,0.0123718
2,601,700,10,0.0268974
2,701,800,6,0.0172308
2,801,900,13,0.0329744
2,901,1000,10,0.0212179
19,1,100,15,0.0476154
19,101,200,18,0.0600897
19,201,300,21,0.0861667
19,301,400,14,0.0506154
19,401,500,16,0.0562308
19,501,600,18,0.0706538
19,601,700,8,0.0310128
19,701,800,13,0.0383974
19,801,900,10,0.0442949
19,901,1000,15,0.0518718
7,1,100,5,0.00811538
7,101,200,5,0.0025
7,201,300,9,0.0108333
7,301,400,6,0.0113718
7,401,500,7,0.0165385
7,501,600,9,0.0175769
7,601,700,7,0.00991026
7,701,800,8,0.0165641
7,801,900,7,0.00576923
7,901,1000,7,0.0080641
12,1,100,14,0.0377821
12,101,200,20,0.0603333
12,201,300,14,0.0434744
12,301,400,17,0.0534744
12,401,500,19,0.0515385
12,501,600,14,0.0359487
12,601,700,11,0.0312179
12,701,800,13,0.033141
12,801,900,15,0.0366282
12,901,1000,14,0.0505128
5,1,100,10,0.0233077
5,101,200,17,0.0330897
5,201,300,18,0.0417692
5,301,400,15,0.0371282
5,401,500,14,0.0361538
5,501,600,13,0.0302949
5,601,700,15,0.0270769
5,701,800,15,0.0391923
5,801,900,16,0.0349615
5,901,1000,16,0.0454103
18,1,100,7,0.0125641
18,101,200,15,0.0257308
18,201,300,22,0.0407949
18,301,400,15,0.0256538
18,401,500,13,0.0251282
18,501,600,6,0.0121154
18,601,700,13,0.0261026
18,701,800,7,0.00682051
18,801,900,9,0.0147179
18,901,1000,13,0.0244359
9,1,100,9,0.0109487
9,101,200,9,0.0141667
9,201,300,9,0.00858974
9,301,400,7,0.0103718
9,401,500,9,0.00910256
9,501,600,6,0.00733333
9,601,700,7,0.00935897
9,701,800,9,0.0118462
9,801,900,9,0.0132821
9,901,1000,6,0.0113077
8,1,100,6,0.00729487
8,101,200,10,0.0248205
8,201,300,4,0.006
8,301,400,6,0.0130897
8,401,500,11,0.0260513
8,501,600,8,0.0229231
8,601,700,8,0.0182308
8,701,800,7,0.00619231
8,801,900,6,0.0167692
8,901,1000,9,0.0264744
12,1,100,10,0.0248077
12,101,200,9,0.0204872
12,201,300,17,0.0412179
12,301,400,19,0.0446923
12,401,500,14,0.0266795
12,501,600,9,0.0282436
12,601,700,19,0.0476667
12,701,800,14,0.0335513
12,801,900,13,0.0241154
12,901,1000,16,0.0383846
8,1,100,8,0.0112692
8,101,200,6,0.00526923
8,201,300,6,0.0102564
8,301,400,6,0.00884615
8,401,500,9,0.0165769
8,501,600,7,0.014141
8,601,700,3,0.00396154
8,701,800,6,0.0101923
8,801,900,5,0.0125897
8,901,1000,6,0.00794872
15,1,100,31,0.128256
15,101,200,32,0.114705
15,201,300,17,0.0602436
15,301,400,21,0.0532692
15,401,500,22,0.0801795
15,501,600,25,0.090359
15,601,700,20,0.0702821
15,701,800,31,0.114269
15,801,900,22,0.0561538
15,901,1000,19,0.0716154
4,1,100,15,0.0464487
4,101,200,12,0.027141
4,201,300,14,0.0520641
4,301,400,12,0.0295128
4,401,500,17,0.0655256
4,501,600,6,0.026859
4,601,700,15,0.0475128
4,701,800,12,0.037859
4,801,900,14,0.048641
4,901,1000,23,0.0816538
0,1,100,8,0.0116154
0,101,200,9,0.0180513
0,201,300,7,0.0134231
0,301,400,6,0.0161795
0,401,500,14,0.0197564
0,501,600,13,0.0249103
0,601,700,8,0.0141026
0,701,800,5,0.011141
0,801,900,2,0.00455128
0,901,1000,7,0.0168205
0,1,100,10,0.0149103
0,101,200,9,0.0158077
0,201,300,9,0.0147692
0,301,400,5,0.00519231
0,401,500,5,0.00860256
0,501,600,14,0.0218205
0,601,700,9,0.0152821
0,701,800,13,0.0195
0,801,900,10,0.0201923
0,901,1000,4,0.00651282
2,1,100,2,0.00907692
2,101,200,7,0.0208333
2,201,300,8,0.0203462
2,301,400,10,0.0143846
2,401,500,11,0.0152949
2,501,600,13,0.0337308
2,601,700,8,0.0176795
2,701,800,7,0.0218333
2,801,900,12,0.0223846
2,901,1000,16,0.0302051
