Model,Pop,CHROM,BIN_START,BIN_END,N_VARIANTS,WEIGHTED_FST,MEAN_FST
Model1,3pop,7,1,100,85,0.962162,0.965534
Model1,3pop,7,101,200,77,0.955519,0.921257
Model1,3pop,7,201,300,78,0.94169,0.912176
Model1,3pop,7,301,400,79,0.928579,0.884649
Model1,3pop,7,401,500,86,0.949278,0.949159
Model1,3pop,7,501,600,83,0.953705,0.936137
Model1,3pop,7,601,700,76,0.946157,0.93348
Model1,3pop,7,701,800,74,0.950981,0.931746
Model1,3pop,7,801,900,79,0.950847,0.931897
Model1,3pop,7,901,1000,70,0.902557,0.853114
Model1,3pop,7,1,100,74,0.954106,0.948462
Model1,3pop,7,101,200,80,0.937182,0.927189
Model1,3pop,7,201,300,77,0.961703,0.94065
Model1,3pop,7,301,400,69,0.949473,0.949039
Model1,3pop,7,401,500,75,0.956599,0.9273
Model1,3pop,7,501,600,85,0.94767,0.930958
Model1,3pop,7,601,700,78,0.963017,0.966585
Model1,3pop,7,701,800,75,0.95012,0.940462
Model1,3pop,7,801,900,78,0.951432,0.922009
Model1,3pop,7,901,1000,75,0.969684,0.953229
Model1,3pop,8,1,100,85,0.962802,0.945224
Model1,3pop,8,101,200,72,0.988764,0.986308
Model1,3pop,8,201,300,78,0.979347,0.955136
Model1,3pop,8,301,400,77,0.968853,0.951943
Model1,3pop,8,401,500,74,0.958311,0.944731
Model1,3pop,8,501,600,77,0.95911,0.940117
Model1,3pop,8,601,700,75,0.969283,0.948009
Model1,3pop,8,701,800,73,0.954309,0.916988
Model1,3pop,8,801,900,76,0.96757,0.95464
Model1,3pop,8,901,1000,76,0.985893,0.928665
Model1,3pop,16,1,100,74,0.984495,0.980441
Model1,3pop,16,101,200,79,0.996066,0.996134
Model1,3pop,16,201,300,77,0.989442,0.980117
Model1,3pop,16,301,400,68,0.983795,0.963316
Model1,3pop,16,401,500,71,0.976392,0.938646
Model1,3pop,16,501,600,79,0.968833,0.957369
Model1,3pop,16,601,700,73,0.95863,0.942855
Model1,3pop,16,701,800,82,0.987795,0.96743
Model1,3pop,16,801,900,70,0.967879,0.939854
Model1,3pop,16,901,1000,78,0.973826,0.940502
Model1,3pop,11,1,100,76,0.965387,0.951029
Model1,3pop,11,101,200,81,0.990231,0.952821
Model1,3pop,11,201,300,73,0.967012,0.949922
Model1,3pop,11,301,400,82,0.974283,0.951851
Model1,3pop,11,401,500,75,0.958859,0.923536
Model1,3pop,11,501,600,81,0.970401,0.928161
Model1,3pop,11,601,700,79,0.981418,0.981048
Model1,3pop,11,701,800,77,0.955728,0.931899
Model1,3pop,11,801,900,68,0.95773,0.93538
Model1,3pop,11,901,1000,77,0.979095,0.941236
Model1,3pop,2,1,100,74,0.928462,0.918769
Model1,3pop,2,101,200,79,0.935863,0.876546
Model1,3pop,2,201,300,88,0.890985,0.884317
Model1,3pop,2,301,400,81,0.93117,0.937452
Model1,3pop,2,401,500,77,0.920959,0.891787
Model1,3pop,2,501,600,71,0.937748,0.919169
Model1,3pop,2,601,700,81,0.929895,0.906355
Model1,3pop,2,701,800,80,0.910606,0.903777
Model1,3pop,2,801,900,82,0.882089,0.872532
Model1,3pop,2,901,1000,73,0.875207,0.858565
Model1,3pop,16,1,100,78,0.975133,0.935775
Model1,3pop,16,101,200,76,0.992655,0.993716
Model1,3pop,16,201,300,78,0.984204,0.971757
Model1,3pop,16,301,400,78,0.991351,0.990207
Model1,3pop,16,401,500,69,0.992908,0.992662
Model1,3pop,16,501,600,69,0.989701,0.98968
Model1,3pop,16,601,700,70,0.989113,0.990258
Model1,3pop,16,701,800,74,0.990188,0.990447
Model1,3pop,16,801,900,80,0.991874,0.983838
Model1,3pop,16,901,1000,76,0.983222,0.973471
Model1,3pop,8,1,100,77,0.977822,0.964211
Model1,3pop,8,101,200,79,0.982187,0.977088
Model1,3pop,8,201,300,78,0.990699,0.96805
Model1,3pop,8,301,400,74,0.978181,0.969828
Model1,3pop,8,401,500,73,0.976301,0.953387
Model1,3pop,8,501,600,75,0.972891,0.974924
Model1,3pop,8,601,700,79,0.980574,0.962933
Model1,3pop,8,701,800,79,0.976496,0.959937
Model1,3pop,8,801,900,78,0.972871,0.918331
Model1,3pop,8,901,1000,81,0.9821,0.951791
Model1,3pop,7,1,100,80,0.932947,0.899208
Model1,3pop,7,101,200,80,0.91494,0.871577
Model1,3pop,7,201,300,75,0.888121,0.871381
Model1,3pop,7,301,400,76,0.938812,0.922813
Model1,3pop,7,401,500,79,0.929195,0.91638
Model1,3pop,7,501,600,79,0.957203,0.931356
Model1,3pop,7,601,700,68,0.920278,0.917888
Model1,3pop,7,701,800,72,0.94494,0.921825
Model1,3pop,7,801,900,81,0.935112,0.929076
Model1,3pop,7,901,1000,79,0.889619,0.864359
Model1,3pop,9,1,100,78,0.977585,0.953671
Model1,3pop,9,101,200,76,0.967166,0.931405
Model1,3pop,9,201,300,78,0.97258,0.939008
Model1,3pop,9,301,400,82,0.965124,0.952759
Model1,3pop,9,401,500,81,0.980551,0.97419
Model1,3pop,9,501,600,78,0.978554,0.942394
Model1,3pop,9,601,700,75,0.972385,0.942295
Model1,3pop,9,701,800,75,0.97234,0.94802
Model1,3pop,9,801,900,81,0.97948,0.968768
Model1,3pop,9,901,1000,75,0.97794,0.937079
Model1,3pop,17,1,100,81,0.953233,0.928333
Model1,3pop,17,101,200,81,0.967965,0.948218
Model1,3pop,17,201,300,78,0.968677,0.948221
Model1,3pop,17,301,400,75,0.961149,0.961954
Model1,3pop,17,401,500,81,0.978338,0.953037
Model1,3pop,17,501,600,89,0.984058,0.946234
Model1,3pop,17,601,700,78,0.979425,0.964823
Model1,3pop,17,701,800,81,0.954423,0.902845
Model1,3pop,17,801,900,81,0.961683,0.918652
Model1,3pop,17,901,1000,79,0.963537,0.944039
Model1,3pop,16,1,100,73,0.983065,0.975462
Model1,3pop,16,101,200,74,0.979186,0.978735
Model1,3pop,16,201,300,74,0.98228,0.947766
Model1,3pop,16,301,400,77,0.986013,0.967119
Model1,3pop,16,401,500,77,0.980491,0.91476
Model1,3pop,16,501,600,86,0.977853,0.934511
Model1,3pop,16,601,700,72,0.962077,0.952415
Model1,3pop,16,701,800,71,0.98209,0.955646
Model1,3pop,16,801,900,79,0.975134,0.940317
Model1,3pop,16,901,1000,80,0.976739,0.939393
Model1,3pop,12,1,100,70,0.97862,0.956484
Model1,3pop,12,101,200,85,0.979485,0.965641
Model1,3pop,12,201,300,74,0.981409,0.981345
Model1,3pop,12,301,400,81,0.981779,0.964164
Model1,3pop,12,401,500,75,0.990725,0.974447
Model1,3pop,12,501,600,77,0.991924,0.991781
Model1,3pop,12,601,700,71,0.989437,0.964928
Model1,3pop,12,701,800,71,0.987613,0.988851
Model1,3pop,12,801,900,72,0.979854,0.934527
Model1,3pop,12,901,1000,75,0.989527,0.964242
Model1,3pop,6,1,100,77,0.986316,0.974764
Model1,3pop,6,101,200,68,0.992052,0.978252
Model1,3pop,6,201,300,80,0.994559,0.961221
Model1,3pop,6,301,400,65,0.996974,0.988034
Model1,3pop,6,401,500,74,0.995438,0.982674
Model1,3pop,6,501,600,79,0.988816,0.951855
Model1,3pop,6,601,700,76,0.989875,0.969785
Model1,3pop,6,701,800,72,0.988085,0.967297
Model1,3pop,6,801,900,83,0.995671,0.995812
Model1,3pop,6,901,1000,85,0.99173,0.992073
Model1,3pop,10,1,100,81,0.975143,0.941147
Model1,3pop,10,101,200,83,0.968957,0.942288
Model1,3pop,10,201,300,77,0.962161,0.939918
Model1,3pop,10,301,400,80,0.975375,0.964375
Model1,3pop,10,401,500,86,0.975502,0.956633
Model1,3pop,10,501,600,79,0.956916,0.921175
Model1,3pop,10,601,700,80,0.977205,0.928244
Model1,3pop,10,701,800,68,0.958394,0.93419
Model1,3pop,10,801,900,67,0.98654,0.975131
Model1,3pop,10,901,1000,81,0.969066,0.95985
Model1,3pop,3,1,100,79,0.965045,0.947844
Model1,3pop,3,101,200,73,0.961362,0.936053
Model1,3pop,3,201,300,75,0.951185,0.926962
Model1,3pop,3,301,400,80,0.95249,0.910042
Model1,3pop,3,401,500,83,0.971829,0.967523
Model1,3pop,3,501,600,73,0.910243,0.859193
Model1,3pop,3,601,700,72,0.915128,0.910244
Model1,3pop,3,701,800,80,0.958664,0.942181
Model1,3pop,3,801,900,80,0.949522,0.914261
Model1,3pop,3,901,1000,80,0.922586,0.87149
Model1,3pop,3,1,100,80,0.993445,0.969374
Model1,3pop,3,101,200,76,0.9783,0.969336
Model1,3pop,3,201,300,74,0.972982,0.922564
Model1,3pop,3,301,400,79,0.980229,0.968826
Model1,3pop,3,401,500,71,0.973635,0.971525
Model1,3pop,3,501,600,76,0.989797,0.991539
Model1,3pop,3,601,700,76,0.973754,0.966331
Model1,3pop,3,701,800,81,0.992771,0.980657
Model1,3pop,3,801,900,75,0.990654,0.990523
Model1,3pop,3,901,1000,77,0.970532,0.962415
Model1,3pop,5,1,100,70,0.989624,0.96387
Model1,3pop,5,101,200,89,0.982512,0.951001
Model1,3pop,5,201,300,78,0.9853,0.974606
Model1,3pop,5,301,400,78,0.973637,0.952508
Model1,3pop,5,401,500,76,0.975799,0.91359
Model1,3pop,5,501,600,79,0.98855,0.955298
Model1,3pop,5,601,700,79,0.99403,0.983406
Model1,3pop,5,701,800,72,0.993126,0.981421
Model1,3pop,5,801,900,77,0.990021,0.989281
Model1,3pop,5,901,1000,80,0.976864,0.927445
Model1,3pop,14,1,100,78,0.97313,0.965212
Model1,3pop,14,101,200,81,0.966924,0.958005
Model1,3pop,14,201,300,80,0.968908,0.958947
Model1,3pop,14,301,400,78,0.964067,0.933667
Model1,3pop,14,401,500,78,0.970438,0.934738
Model1,3pop,14,501,600,84,0.96706,0.942112
Model1,3pop,14,601,700,81,0.962998,0.934473
Model1,3pop,14,701,800,78,0.973227,0.973677
Model1,3pop,14,801,900,73,0.988948,0.957873
Model1,3pop,14,901,1000,76,0.97022,0.961511
Model1,3pop,1,1,100,73,0.946468,0.927519
Model1,3pop,1,101,200,78,0.945841,0.934264
Model1,3pop,1,201,300,69,0.928545,0.90454
Model1,3pop,1,301,400,85,0.951043,0.931233
Model1,3pop,1,401,500,74,0.948094,0.936912
Model1,3pop,1,501,600,76,0.94628,0.933681
Model1,3pop,1,601,700,70,0.975409,0.947347
Model1,3pop,1,701,800,85,0.945061,0.936244
Model1,3pop,1,801,900,87,0.951915,0.941155
Model1,3pop,1,901,1000,75,0.922361,0.889451
Model1,3pop,6,1,100,71,0.981803,0.969141
Model1,3pop,6,101,200,81,0.96779,0.962639
Model1,3pop,6,201,300,79,0.964742,0.955907
Model1,3pop,6,301,400,84,0.956712,0.926932
Model1,3pop,6,401,500,76,0.952371,0.925194
Model1,3pop,6,501,600,83,0.948292,0.90422
Model1,3pop,6,601,700,75,0.9571,0.939606
Model1,3pop,6,701,800,77,0.966372,0.913928
Model1,3pop,6,801,900,73,0.971794,0.937624
Model1,3pop,6,901,1000,81,0.967098,0.937019
Model1,3pop,4,1,100,78,0.9839,0.97376
Model1,3pop,4,101,200,81,0.967376,0.968926
Model1,3pop,4,201,300,78,0.964769,0.952604
Model1,3pop,4,301,400,79,0.955127,0.938077
Model1,3pop,4,401,500,79,0.970249,0.942603
Model1,3pop,4,501,600,75,0.969985,0.938054
Model1,3pop,4,601,700,83,0.98239,0.961307
Model1,3pop,4,701,800,81,0.971461,0.945195
Model1,3pop,4,801,900,79,0.962169,0.938977
Model1,3pop,4,901,1000,71,0.970619,0.949585
Model1,3pop,1,1,100,83,0.974455,0.966269
Model1,3pop,1,101,200,82,0.969433,0.960755
Model1,3pop,1,201,300,83,0.970821,0.949204
Model1,3pop,1,301,400,79,0.978334,0.948689
Model1,3pop,1,401,500,82,0.976899,0.967557
Model1,3pop,1,501,600,71,0.978284,0.948554
Model1,3pop,1,601,700,76,0.980885,0.973012
Model1,3pop,1,701,800,80,0.985133,0.957972
Model1,3pop,1,801,900,77,0.974349,0.959074
Model1,3pop,1,901,1000,84,0.975025,0.936215
Model1,3pop,6,1,100,76,0.978439,0.957491
Model1,3pop,6,101,200,80,0.994095,0.982144
Model1,3pop,6,201,300,80,0.983417,0.972305
Model1,3pop,6,301,400,84,0.976365,0.96249
Model1,3pop,6,401,500,81,0.983245,0.947093
Model1,3pop,6,501,600,75,0.977979,0.937245
Model1,3pop,6,601,700,80,0.981193,0.960351
Model1,3pop,6,701,800,75,0.977221,0.968052
Model1,3pop,6,801,900,76,0.975519,0.961442
Model1,3pop,6,901,1000,78,0.976093,0.956588
Model1,3pop,0,1,100,78,0.974302,0.962159
Model1,3pop,0,101,200,83,0.975114,0.965767
Model1,3pop,0,201,300,76,0.982622,0.950145
Model1,3pop,0,301,400,82,0.970289,0.964256
Model1,3pop,0,401,500,77,0.978046,0.938558
Model1,3pop,0,501,600,79,0.985899,0.961536
Model1,3pop,0,601,700,76,0.969261,0.969218
Model1,3pop,0,701,800,75,0.968501,0.971484
Model1,3pop,0,801,900,78,0.973423,0.923748
Model1,3pop,0,901,1000,76,0.978661,0.964511
Model1,3pop,8,1,100,75,0.97178,0.971303
Model1,3pop,8,101,200,74,0.974509,0.949088
Model1,3pop,8,201,300,72,0.973676,0.958875
Model1,3pop,8,301,400,71,0.975984,0.970881
Model1,3pop,8,401,500,77,0.978002,0.964564
Model1,3pop,8,501,600,79,0.986298,0.980782
Model1,3pop,8,601,700,83,0.984371,0.959717
Model1,3pop,8,701,800,84,0.983307,0.962911
Model1,3pop,8,801,900,80,0.982588,0.981353
Model1,3pop,8,901,1000,73,0.977036,0.935483
Model1,3pop,12,1,100,78,0.956231,0.947824
Model1,3pop,12,101,200,83,0.968644,0.971103
Model1,3pop,12,201,300,82,0.981501,0.966895
Model1,3pop,12,301,400,79,0.969155,0.955348
Model1,3pop,12,401,500,76,0.958096,0.950778
Model1,3pop,12,501,600,70,0.963135,0.915986
Model1,3pop,12,601,700,76,0.970671,0.957494
Model1,3pop,12,701,800,73,0.974882,0.972796
Model1,3pop,12,801,900,79,0.974315,0.953775
Model1,3pop,12,901,1000,76,0.968382,0.953287
Model1,3pop,6,1,100,78,0.986439,0.976529
Model1,3pop,6,101,200,74,0.979223,0.970891
Model1,3pop,6,201,300,80,0.985398,0.970654
Model1,3pop,6,301,400,74,0.975115,0.968898
Model1,3pop,6,401,500,75,0.987304,0.963192
Model1,3pop,6,501,600,73,0.988716,0.977599
Model1,3pop,6,601,700,84,0.987203,0.953294
Model1,3pop,6,701,800,76,0.988484,0.98076
Model1,3pop,6,801,900,83,0.98676,0.967599
Model1,3pop,6,901,1000,78,0.990581,0.958422
Model1,3pop,15,1,100,75,0.954463,0.939205
Model1,3pop,15,101,200,78,0.942183,0.901105
Model1,3pop,15,201,300,78,0.955953,0.917283
Model1,3pop,15,301,400,74,0.957777,0.909979
Model1,3pop,15,401,500,77,0.962261,0.951487
Model1,3pop,15,501,600,88,0.966709,0.945895
Model1,3pop,15,601,700,71,0.956264,0.932265
Model1,3pop,15,701,800,71,0.944285,0.911125
Model1,3pop,15,801,900,75,0.964825,0.919752
Model1,3pop,15,901,1000,74,0.96688,0.969187
Model1,3pop,7,1,100,71,0.983006,0.944282
Model1,3pop,7,101,200,75,0.962597,0.935212
Model1,3pop,7,201,300,83,0.978301,0.948971
Model1,3pop,7,301,400,77,0.97053,0.912815
Model1,3pop,7,401,500,82,0.973977,0.913249
Model1,3pop,7,501,600,79,0.965958,0.941251
Model1,3pop,7,601,700,69,0.981968,0.983487
Model1,3pop,7,701,800,79,0.977544,0.954903
Model1,3pop,7,801,900,80,0.975706,0.948262
Model1,3pop,7,901,1000,80,0.974064,0.953826
Model1,3pop,2,1,100,79,0.913743,0.880696
Model1,3pop,2,101,200,81,0.959535,0.936842
Model1,3pop,2,201,300,75,0.944439,0.927723
Model1,3pop,2,301,400,83,0.950556,0.914505
Model1,3pop,2,401,500,83,0.923826,0.909758
Model1,3pop,2,501,600,80,0.955075,0.944076
Model1,3pop,2,601,700,79,0.96764,0.936926
Model1,3pop,2,701,800,79,0.966504,0.953559
Model1,3pop,2,801,900,76,0.915081,0.899229
Model1,3pop,2,901,1000,76,0.956837,0.938393
Model1,3pop,0,1,100,75,0.966007,0.934669
Model1,3pop,0,101,200,78,0.955155,0.933258
Model1,3pop,0,201,300,77,0.953515,0.925322
Model1,3pop,0,301,400,83,0.948821,0.940324
Model1,3pop,0,401,500,75,0.974871,0.953751
Model1,3pop,0,501,600,71,0.93447,0.916276
Model1,3pop,0,601,700,87,0.965672,0.944704
Model1,3pop,0,701,800,73,0.977947,0.96909
Model1,3pop,0,801,900,82,0.959499,0.928027
Model1,3pop,0,901,1000,79,0.948573,0.897105
Model1,3pop,0,1,100,83,0.961948,0.902358
Model1,3pop,0,101,200,70,0.979794,0.958957
Model1,3pop,0,201,300,84,0.963396,0.926311
Model1,3pop,0,301,400,79,0.956333,0.902184
Model1,3pop,0,401,500,77,0.955471,0.908065
Model1,3pop,0,501,600,77,0.965288,0.939384
Model1,3pop,0,601,700,87,0.958393,0.945193
Model1,3pop,0,701,800,76,0.960133,0.92974
Model1,3pop,0,801,900,87,0.975739,0.935206
Model1,3pop,0,901,1000,77,0.96643,0.92194
Model1,3pop,15,1,100,84,0.942924,0.937498
Model1,3pop,15,101,200,84,0.951672,0.9402
Model1,3pop,15,201,300,83,0.965907,0.952372
Model1,3pop,15,301,400,90,0.942274,0.927028
Model1,3pop,15,401,500,89,0.948309,0.906237
Model1,3pop,15,501,600,84,0.940148,0.94202
Model1,3pop,15,601,700,73,0.937358,0.928679
Model1,3pop,15,701,800,78,0.927001,0.896724
Model1,3pop,15,801,900,76,0.939923,0.919014
Model1,3pop,15,901,1000,68,0.953631,0.945162
Model1,3pop,14,1,100,81,0.983355,0.961655
Model1,3pop,14,101,200,76,0.943119,0.906355
Model1,3pop,14,201,300,77,0.969474,0.931071
Model1,3pop,14,301,400,80,0.956929,0.940281
Model1,3pop,14,401,500,76,0.969424,0.965393
Model1,3pop,14,501,600,82,0.977438,0.915183
Model1,3pop,14,601,700,77,0.960913,0.941156
Model1,3pop,14,701,800,78,0.96967,0.963759
Model1,3pop,14,801,900,77,0.961893,0.943025
Model1,3pop,14,901,1000,70,0.96286,0.939387
Model1,3pop,12,1,100,73,0.972267,0.959052
Model1,3pop,12,101,200,79,0.978245,0.953836
Model1,3pop,12,201,300,72,0.982608,0.966152
Model1,3pop,12,301,400,71,0.984284,0.963598
Model1,3pop,12,401,500,77,0.990055,0.950867
Model1,3pop,12,501,600,70,0.98379,0.959129
Model1,3pop,12,601,700,83,0.98674,0.976996
Model1,3pop,12,701,800,74,0.995171,0.992909
Model1,3pop,12,801,900,78,0.986164,0.94393
Model1,3pop,12,901,1000,70,0.993985,0.983493
Model1,3pop,16,1,100,76,0.963509,0.89997
Model1,3pop,16,101,200,80,0.95332,0.927413
Model1,3pop,16,201,300,77,0.943695,0.907196
Model1,3pop,16,301,400,81,0.939032,0.906028
Model1,3pop,16,401,500,77,0.953929,0.900217
Model1,3pop,16,501,600,79,0.943104,0.904837
Model1,3pop,16,601,700,83,0.937032,0.917925
Model1,3pop,16,701,800,77,0.955556,0.941817
Model1,3pop,16,801,900,81,0.952919,0.928295
Model1,3pop,16,901,1000,82,0.943335,0.917553
Model1,3pop,5,1,100,77,0.966876,0.920608
Model1,3pop,5,101,200,80,0.980976,0.961908
Model1,3pop,5,201,300,75,0.966703,0.893483
Model1,3pop,5,301,400,70,0.982403,0.969157
Model1,3pop,5,401,500,77,0.974324,0.975577
Model1,3pop,5,501,600,88,0.972076,0.93506
Model1,3pop,5,601,700,79,0.97913,0.960407
Model1,3pop,5,701,800,83,0.985343,0.977534
Model1,3pop,5,801,900,81,0.977602,0.96823
Model1,3pop,5,901,1000,68,0.987288,0.987963
Model1,3pop,0,1,100,77,0.972648,0.946654
Model1,3pop,0,101,200,73,0.993358,0.967504
Model1,3pop,0,201,300,83,0.977633,0.958149
Model1,3pop,0,301,400,75,0.979289,0.964092
Model1,3pop,0,401,500,75,0.986618,0.982389
Model1,3pop,0,501,600,77,0.980178,0.974145
Model1,3pop,0,601,700,76,0.976631,0.97501
Model1,3pop,0,701,800,70,0.976991,0.936324
Model1,3pop,0,801,900,75,0.986642,0.964251
Model1,3pop,0,901,1000,75,0.978968,0.956524
Model1,3pop,8,1,100,81,0.944175,0.91112
Model1,3pop,8,101,200,79,0.955754,0.922855
Model1,3pop,8,201,300,78,0.966539,0.932982
Model1,3pop,8,301,400,75,0.935743,0.915834
Model1,3pop,8,401,500,81,0.960975,0.935125
Model1,3pop,8,501,600,72,0.958507,0.919943
Model1,3pop,8,601,700,73,0.970205,0.952865
Model1,3pop,8,701,800,71,0.932568,0.914134
Model1,3pop,8,801,900,78,0.956968,0.910691
Model1,3pop,8,901,1000,84,0.9481,0.907478
Model1,3pop,8,1,100,82,0.966514,0.959291
Model1,3pop,8,101,200,87,0.98118,0.960656
Model1,3pop,8,201,300,80,0.946485,0.919196
Model1,3pop,8,301,400,76,0.956658,0.927596
Model1,3pop,8,401,500,77,0.967125,0.940236
Model1,3pop,8,501,600,85,0.948565,0.948397
Model1,3pop,8,601,700,85,0.950536,0.950053
Model1,3pop,8,701,800,74,0.980075,0.981572
Model1,3pop,8,801,900,76,0.950149,0.924012
Model1,3pop,8,901,1000,80,0.96106,0.954966
Model1,3pop,0,1,100,73,0.965161,0.933453
Model1,3pop,0,101,200,77,0.933736,0.905621
Model1,3pop,0,201,300,86,0.948972,0.934135
Model1,3pop,0,301,400,70,0.979415,0.959533
Model1,3pop,0,401,500,82,0.942824,0.907344
Model1,3pop,0,501,600,79,0.955564,0.929848
Model1,3pop,0,601,700,84,0.961866,0.925335
Model1,3pop,0,701,800,83,0.935345,0.920091
Model1,3pop,0,801,900,73,0.965477,0.919693
Model1,3pop,0,901,1000,85,0.959314,0.930078
Model1,3pop,4,1,100,79,0.979576,0.955269
Model1,3pop,4,101,200,75,0.981409,0.95999
Model1,3pop,4,201,300,76,0.98075,0.975564
Model1,3pop,4,301,400,78,0.988003,0.987354
Model1,3pop,4,401,500,75,0.988111,0.963497
Model1,3pop,4,501,600,77,0.989688,0.984745
Model1,3pop,4,601,700,74,0.984051,0.968948
Model1,3pop,4,701,800,77,0.983879,0.961048
Model1,3pop,4,801,900,75,0.981769,0.969145
Model1,3pop,4,901,1000,76,0.982231,0.98384
Model1,3pop,10,1,100,78,0.99551,0.995479
Model1,3pop,10,101,200,76,0.978144,0.937936
Model1,3pop,10,201,300,78,0.973074,0.927021
Model1,3pop,10,301,400,75,0.99331,0.993683
Model1,3pop,10,401,500,76,0.980563,0.964704
Model1,3pop,10,501,600,80,0.969871,0.936547
Model1,3pop,10,601,700,79,0.961439,0.944318
Model1,3pop,10,701,800,80,0.990365,0.990535
Model1,3pop,10,801,900,74,0.9857,0.973802
Model1,3pop,10,901,1000,74,0.96132,0.92248
Model1,3pop,11,1,100,80,0.973097,0.974844
Model1,3pop,11,101,200,71,0.975016,0.963911
Model1,3pop,11,201,300,73,0.945305,0.918139
Model1,3pop,11,301,400,77,0.979485,0.978467
Model1,3pop,11,401,500,77,0.958875,0.938586
Model1,3pop,11,501,600,80,0.969377,0.95758
Model1,3pop,11,601,700,76,0.979238,0.925481
Model1,3pop,11,701,800,77,0.956393,0.941155
Model1,3pop,11,801,900,81,0.979976,0.94892
Model1,3pop,11,901,1000,77,0.982859,0.955314
Model1,3pop,5,1,100,79,0.983206,0.9813
Model1,3pop,5,101,200,72,0.98588,0.973038
Model1,3pop,5,201,300,82,0.989208,0.988241
Model1,3pop,5,301,400,85,0.976122,0.955689
Model1,3pop,5,401,500,81,0.985579,0.965388
Model1,3pop,5,501,600,74,0.976748,0.934737
Model1,3pop,5,601,700,77,0.982436,0.954188
Model1,3pop,5,701,800,75,0.965019,0.934784
Model1,3pop,5,801,900,81,0.984503,0.946259
Model1,3pop,5,901,1000,73,0.971551,0.923444
Model1,3pop,2,1,100,78,0.967556,0.958342
Model1,3pop,2,101,200,76,0.945336,0.934167
Model1,3pop,2,201,300,87,0.960761,0.937689
Model1,3pop,2,301,400,81,0.966741,0.947819
Model1,3pop,2,401,500,81,0.953628,0.951842
Model1,3pop,2,501,600,86,0.97926,0.965618
Model1,3pop,2,601,700,74,0.978722,0.980216
Model1,3pop,2,701,800,73,0.970138,0.941056
Model1,3pop,2,801,900,79,0.983417,0.978488
Model1,3pop,2,901,1000,85,0.980092,0.98155
Model1,3pop,3,1,100,79,0.921437,0.925447
Model1,3pop,3,101,200,83,0.926039,0.909989
Model1,3pop,3,201,300,87,0.930721,0.898523
Model1,3pop,3,301,400,84,0.912407,0.91756
Model1,3pop,3,401,500,88,0.885401,0.854432
Model1,3pop,3,501,600,86,0.936117,0.936968
Model1,3pop,3,601,700,81,0.918353,0.888676
Model1,3pop,3,701,800,75,0.953743,0.932869
Model1,3pop,3,801,900,78,0.930648,0.919355
Model1,3pop,3,901,1000,81,0.915171,0.909307
Model1,3pop,0,1,100,77,0.983351,0.980228
Model1,3pop,0,101,200,80,0.96638,0.945287
Model1,3pop,0,201,300,82,0.974139,0.958516
Model1,3pop,0,301,400,80,0.97671,0.976211
Model1,3pop,0,401,500,68,0.976842,0.961794
Model1,3pop,0,501,600,65,0.976344,0.968676
Model1,3pop,0,601,700,72,0.964174,0.911155
Model1,3pop,0,701,800,76,0.987894,0.973643
Model1,3pop,0,801,900,69,0.967839,0.959432
Model1,3pop,0,901,1000,76,0.983877,0.984397
Model1,3pop,8,1,100,80,0.99487,0.983056
Model1,3pop,8,101,200,78,0.985489,0.985755
Model1,3pop,8,201,300,79,0.984539,0.962175
Model1,3pop,8,301,400,78,0.981565,0.949211
Model1,3pop,8,401,500,71,0.982244,0.969689
Model1,3pop,8,501,600,81,0.960702,0.949623
Model1,3pop,8,601,700,77,0.977579,0.96379
Model1,3pop,8,701,800,70,0.969381,0.961012
Model1,3pop,8,801,900,69,0.988343,0.978786
Model1,3pop,8,901,1000,71,0.968943,0.948063
Model1,3pop,9,1,100,78,0.956894,0.910916
Model1,3pop,9,101,200,85,0.95986,0.943901
Model1,3pop,9,201,300,81,0.929465,0.898005
Model1,3pop,9,301,400,83,0.970084,0.96208
Model1,3pop,9,401,500,80,0.917722,0.889195
Model1,3pop,9,501,600,82,0.927021,0.925046
Model1,3pop,9,601,700,79,0.955329,0.928196
Model1,3pop,9,701,800,85,0.931183,0.893383
Model1,3pop,9,801,900,74,0.944816,0.917056
Model1,3pop,9,901,1000,70,0.960935,0.962
Model1,3pop,15,1,100,72,0.960387,0.909176
Model1,3pop,15,101,200,80,0.992315,0.970902
Model1,3pop,15,201,300,69,0.972542,0.934906
Model1,3pop,15,301,400,80,0.977456,0.968973
Model1,3pop,15,401,500,74,0.977209,0.954294
Model1,3pop,15,501,600,79,0.966506,0.948405
Model1,3pop,15,601,700,73,0.983908,0.982086
Model1,3pop,15,701,800,79,0.966506,0.891779
Model1,3pop,15,801,900,77,0.968045,0.917026
Model1,3pop,15,901,1000,77,0.981199,0.95775
Model1,3pop,1,1,100,87,0.967861,0.924343
Model1,3pop,1,101,200,76,0.971768,0.935625
Model1,3pop,1,201,300,73,0.966508,0.927093
Model1,3pop,1,301,400,77,0.984748,0.981895
Model1,3pop,1,401,500,76,0.956008,0.916801
Model1,3pop,1,501,600,77,0.967008,0.949845
Model1,3pop,1,601,700,80,0.962343,0.963925
Model1,3pop,1,701,800,78,0.975702,0.966412
Model1,3pop,1,801,900,87,0.972183,0.936872
Model1,3pop,1,901,1000,81,0.971611,0.967326
Model1,3pop,4,1,100,78,0.98578,0.964131
Model1,3pop,4,101,200,69,0.990998,0.985734
Model1,3pop,4,201,300,79,0.977312,0.946229
Model1,3pop,4,301,400,84,0.990335,0.989793
Model1,3pop,4,401,500,76,0.985461,0.925623
Model1,3pop,4,501,600,69,0.975139,0.950934
Model1,3pop,4,601,700,77,0.98141,0.952823
Model1,3pop,4,701,800,67,0.97932,0.962715
Model1,3pop,4,801,900,77,0.972591,0.945802
Model1,3pop,4,901,1000,82,0.991639,0.969342
Model1,3pop,2,1,100,80,0.965533,0.959085
Model1,3pop,2,101,200,78,0.965058,0.960519
Model1,3pop,2,201,300,86,0.973643,0.947866
Model1,3pop,2,301,400,74,0.972285,0.944855
Model1,3pop,2,401,500,82,0.978084,0.961933
Model1,3pop,2,501,600,82,0.972773,0.942109
Model1,3pop,2,601,700,69,0.974816,0.944829
Model1,3pop,2,701,800,71,0.968575,0.914827
Model1,3pop,2,801,900,77,0.967177,0.946674
Model1,3pop,2,901,1000,80,0.97633,0.96747
Model1,3pop,1,1,100,82,0.981979,0.97041
Model1,3pop,1,101,200,77,0.981031,0.968498
Model1,3pop,1,201,300,81,0.98633,0.970738
Model1,3pop,1,301,400,70,0.970223,0.928257
Model1,3pop,1,401,500,83,0.985675,0.957112
Model1,3pop,1,501,600,76,0.977178,0.947169
Model1,3pop,1,601,700,80,0.971988,0.955089
Model1,3pop,1,701,800,84,0.975904,0.949775
Model1,3pop,1,801,900,81,0.962782,0.899574
Model1,3pop,1,901,1000,77,0.98247,0.982825
Model1,3pop,7,1,100,78,0.98464,0.961615
Model1,3pop,7,101,200,72,0.982195,0.984415
Model1,3pop,7,201,300,69,0.966692,0.961091
Model1,3pop,7,301,400,73,0.989774,0.978507
Model1,3pop,7,401,500,84,0.971422,0.946986
Model1,3pop,7,501,600,79,0.983287,0.984692
Model1,3pop,7,601,700,84,0.967776,0.926885
Model1,3pop,7,701,800,84,0.959609,0.950624
Model1,3pop,7,801,900,76,0.972307,0.958831
Model1,3pop,7,901,1000,67,0.967916,0.917112
Model1,3pop,19,1,100,85,0.961599,0.943922
Model1,3pop,19,101,200,77,0.960226,0.929191
Model1,3pop,19,201,300,79,0.976545,0.966321
Model1,3pop,19,301,400,82,0.982282,0.966891
Model1,3pop,19,401,500,75,0.927994,0.928732
Model1,3pop,19,501,600,81,0.968186,0.945863
Model1,3pop,19,601,700,78,0.981121,0.964576
Model1,3pop,19,701,800,85,0.963041,0.954571
Model1,3pop,19,801,900,71,0.983524,0.962731
Model1,3pop,19,901,1000,81,0.949013,0.928066
Model1,3pop,0,1,100,71,0.949543,0.940637
Model1,3pop,0,101,200,81,0.913367,0.90448
Model1,3pop,0,201,300,77,0.949182,0.93318
Model1,3pop,0,301,400,79,0.972708,0.941848
Model1,3pop,0,401,500,79,0.936522,0.927958
Model1,3pop,0,501,600,70,0.939636,0.897237
Model1,3pop,0,601,700,71,0.98425,0.95399
Model1,3pop,0,701,800,86,0.956234,0.954079
Model1,3pop,0,801,900,79,0.948995,0.941974
Model1,3pop,0,901,1000,83,0.963082,0.967998
Model1,3pop,11,1,100,78,0.983437,0.966683
Model1,3pop,11,101,200,83,0.990599,0.988761
Model1,3pop,11,201,300,72,0.962883,0.925476
Model1,3pop,11,301,400,83,0.948332,0.915329
Model1,3pop,11,401,500,82,0.978021,0.952971
Model1,3pop,11,501,600,75,0.973698,0.961612
Model1,3pop,11,601,700,78,0.983939,0.983023
Model1,3pop,11,701,800,75,0.979295,0.964185
Model1,3pop,11,801,900,77,0.981859,0.959935
Model1,3pop,11,901,1000,75,0.977311,0.970659
Model1,3pop,5,1,100,83,0.943375,0.919568
Model1,3pop,5,101,200,74,0.944298,0.922487
Model1,3pop,5,201,300,69,0.9571,0.935092
Model1,3pop,5,301,400,70,0.965415,0.960154
Model1,3pop,5,401,500,81,0.953157,0.952425
Model1,3pop,5,501,600,80,0.973946,0.955514
Model1,3pop,5,601,700,79,0.971272,0.955477
Model1,3pop,5,701,800,81,0.965379,0.933639
Model1,3pop,5,801,900,79,0.958327,0.940964
Model1,3pop,5,901,1000,72,0.960455,0.939914
Model1,3pop,9,1,100,80,0.948555,0.915614
Model1,3pop,9,101,200,79,0.930236,0.901582
Model1,3pop,9,201,300,77,0.914377,0.881541
Model1,3pop,9,301,400,76,0.924292,0.900155
Model1,3pop,9,401,500,81,0.897439,0.816831
Model1,3pop,9,501,600,81,0.918288,0.893285
Model1,3pop,9,601,700,90,0.96064,0.921116
Model1,3pop,9,701,800,77,0.937936,0.923643
Model1,3pop,9,801,900,79,0.920353,0.899253
Model1,3pop,9,901,1000,81,0.91327,0.901742
Model1,3pop,12,1,100,76,0.968097,0.954746
Model1,3pop,12,101,200,83,0.956166,0.906561
Model1,3pop,12,201,300,78,0.957397,0.932924
Model1,3pop,12,301,400,71,0.981334,0.96718
Model1,3pop,12,401,500,84,0.989467,0.98862
Model1,3pop,12,501,600,77,0.982386,0.940229
Model1,3pop,12,601,700,81,0.978331,0.967329
Model1,3pop,12,701,800,75,0.971758,0.933112
Model1,3pop,12,801,900,79,0.971804,0.927203
Model1,3pop,12,901,1000,77,0.980044,0.949117
Model1,3pop,0,1,100,74,0.954283,0.908893
Model1,3pop,0,101,200,78,0.963181,0.931597
Model1,3pop,0,201,300,79,0.949058,0.909857
Model1,3pop,0,301,400,72,0.957164,0.942344
Model1,3pop,0,401,500,78,0.967658,0.953526
Model1,3pop,0,501,600,81,0.942217,0.908826
Model1,3pop,0,601,700,74,0.964411,0.952632
Model1,3pop,0,701,800,77,0.96969,0.917722
Model1,3pop,0,801,900,77,0.960369,0.944226
Model1,3pop,0,901,1000,78,0.962164,0.91987
Model1,3pop,13,1,100,84,0.979467,0.950448
Model1,3pop,13,101,200,72,0.957743,0.951349
Model1,3pop,13,201,300,85,0.96741,0.957944
Model1,3pop,13,301,400,77,0.990851,0.969111
Model1,3pop,13,401,500,83,0.972586,0.954822
Model1,3pop,13,501,600,76,0.956155,0.943806
Model1,3pop,13,601,700,79,0.985209,0.973487
Model1,3pop,13,701,800,82,0.971815,0.91838
Model1,3pop,13,801,900,76,0.980398,0.965374
Model1,3pop,13,901,1000,76,0.957585,0.949203
Model1,3pop,12,1,100,69,0.981315,0.965346
Model1,3pop,12,101,200,77,0.976563,0.973988
Model1,3pop,12,201,300,79,0.983693,0.984605
Model1,3pop,12,301,400,73,0.979637,0.949807
Model1,3pop,12,401,500,81,0.988565,0.97723
Model1,3pop,12,501,600,81,0.971417,0.947117
Model1,3pop,12,601,700,79,0.959641,0.947028
Model1,3pop,12,701,800,76,0.96476,0.968063
Model1,3pop,12,801,900,82,0.969918,0.957254
Model1,3pop,12,901,1000,77,0.948715,0.921013
Model1,3pop,2,1,100,75,0.979106,0.954215
Model1,3pop,2,101,200,78,0.982448,0.946056
Model1,3pop,2,201,300,82,0.98993,0.991292
Model1,3pop,2,301,400,78,0.971301,0.926809
Model1,3pop,2,401,500,81,0.986374,0.939535
Model1,3pop,2,501,600,91,0.985749,0.956184
Model1,3pop,2,601,700,77,0.983975,0.980491
Model1,3pop,2,701,800,84,0.988887,0.949087
Model1,3pop,2,801,900,83,0.985556,0.942263
Model1,3pop,2,901,1000,78,0.983569,0.958823
Model1,3pop,17,1,100,76,0.984969,0.962169
Model1,3pop,17,101,200,74,0.976119,0.958062
Model1,3pop,17,201,300,81,0.971056,0.96195
Model1,3pop,17,301,400,77,0.971484,0.972457
Model1,3pop,17,401,500,81,0.97938,0.955809
Model1,3pop,17,501,600,77,0.972078,0.968524
Model1,3pop,17,601,700,76,0.986017,0.95968
Model1,3pop,17,701,800,76,0.973778,0.953635
Model1,3pop,17,801,900,77,0.990937,0.992058
Model1,3pop,17,901,1000,75,0.980972,0.946733
Model1,3pop,3,1,100,81,0.972127,0.950171
Model1,3pop,3,101,200,75,0.974871,0.956867
Model1,3pop,3,201,300,78,0.9761,0.957041
Model1,3pop,3,301,400,80,0.974805,0.963634
Model1,3pop,3,401,500,81,0.970514,0.956144
Model1,3pop,3,501,600,78,0.982664,0.971648
Model1,3pop,3,601,700,77,0.952769,0.899751
Model1,3pop,3,701,800,80,0.966157,0.915115
Model1,3pop,3,801,900,85,0.975144,0.940125
Model1,3pop,3,901,1000,73,0.984448,0.985124
Model1,3pop,13,1,100,81,0.967246,0.958269
Model1,3pop,13,101,200,78,0.973678,0.938992
Model1,3pop,13,201,300,73,0.971556,0.965446
Model1,3pop,13,301,400,77,0.962988,0.953496
Model1,3pop,13,401,500,79,0.991458,0.979536
Model1,3pop,13,501,600,75,0.968427,0.953308
Model1,3pop,13,601,700,79,0.976693,0.943389
Model1,3pop,13,701,800,78,0.956984,0.926038
Model1,3pop,13,801,900,81,0.964438,0.900036
Model1,3pop,13,901,1000,79,0.976604,0.957428
Model1,3pop,19,1,100,81,0.965889,0.92085
Model1,3pop,19,101,200,73,0.954447,0.911929
Model1,3pop,19,201,300,81,0.977851,0.947303
Model1,3pop,19,301,400,83,0.96586,0.918731
Model1,3pop,19,401,500,73,0.968556,0.929092
Model1,3pop,19,501,600,80,0.964099,0.913649
Model1,3pop,19,601,700,74,0.968725,0.910851
Model1,3pop,19,701,800,81,0.968909,0.952473
Model1,3pop,19,801,900,76,0.977012,0.951629
Model1,3pop,19,901,1000,80,0.944749,0.946274
Model1,3pop,19,1,100,80,0.983855,0.976072
Model1,3pop,19,101,200,79,0.974354,0.957905
Model1,3pop,19,201,300,83,0.984703,0.951613
Model1,3pop,19,301,400,87,0.972082,0.962025
Model1,3pop,19,401,500,75,0.976164,0.963872
Model1,3pop,19,501,600,76,0.987744,0.986403
Model1,3pop,19,601,700,81,0.979084,0.942493
Model1,3pop,19,701,800,75,0.97745,0.941018
Model1,3pop,19,801,900,69,0.981612,0.947818
Model1,3pop,19,901,1000,72,0.989984,0.978357
Model1,3pop,15,1,100,73,0.968193,0.924526
Model1,3pop,15,101,200,77,0.961067,0.936468
Model1,3pop,15,201,300,84,0.957376,0.936194
Model1,3pop,15,301,400,83,0.963958,0.920587
Model1,3pop,15,401,500,80,0.968963,0.94741
Model1,3pop,15,501,600,75,0.954033,0.935312
Model1,3pop,15,601,700,80,0.945747,0.912347
Model1,3pop,15,701,800,78,0.93715,0.910948
Model1,3pop,15,801,900,77,0.96177,0.940503
Model1,3pop,15,901,1000,76,0.961975,0.936458
Model1,3pop,5,1,100,82,0.967161,0.954289
Model1,3pop,5,101,200,75,0.969711,0.944347
Model1,3pop,5,201,300,86,0.978072,0.950628
Model1,3pop,5,301,400,82,0.963664,0.932545
Model1,3pop,5,401,500,80,0.97036,0.945618
Model1,3pop,5,501,600,79,0.961749,0.908925
Model1,3pop,5,601,700,79,0.958205,0.919837
Model1,3pop,5,701,800,66,0.986127,0.967245
Model1,3pop,5,801,900,80,0.976956,0.930726
Model1,3pop,5,901,1000,72,0.97603,0.970442
Model1,3pop,18,1,100,73,0.953852,0.926265
Model1,3pop,18,101,200,82,0.963996,0.921661
Model1,3pop,18,201,300,81,0.969189,0.913363
Model1,3pop,18,301,400,70,0.961943,0.92342
Model1,3pop,18,401,500,81,0.951915,0.901461
Model1,3pop,18,501,600,76,0.964367,0.966924
Model1,3pop,18,601,700,74,0.964319,0.92721
Model1,3pop,18,701,800,83,0.973971,0.955374
Model1,3pop,18,801,900,84,0.968396,0.92704
Model1,3pop,18,901,1000,82,0.974069,0.937256
Model1,3pop,18,1,100,74,0.990585,0.957794
Model1,3pop,18,101,200,70,0.992318,0.992824
Model1,3pop,18,201,300,80,0.981526,0.971246
Model1,3pop,18,301,400,81,0.991592,0.981882
Model1,3pop,18,401,500,83,0.979143,0.96069
Model1,3pop,18,501,600,81,0.984897,0.946367
Model1,3pop,18,601,700,84,0.980864,0.958292
Model1,3pop,18,701,800,78,0.976766,0.957487
Model1,3pop,18,801,900,81,0.970917,0.969975
Model1,3pop,18,901,1000,80,0.978546,0.949048
Model1,3pop,10,1,100,77,0.979595,0.960808
Model1,3pop,10,101,200,75,0.975948,0.969854
Model1,3pop,10,201,300,75,0.966328,0.937119
Model1,3pop,10,301,400,86,0.971983,0.946451
Model1,3pop,10,401,500,80,0.944345,0.910268
Model1,3pop,10,501,600,77,0.948884,0.936248
Model1,3pop,10,601,700,79,0.979545,0.956658
Model1,3pop,10,701,800,80,0.976248,0.950377
Model1,3pop,10,801,900,72,0.98217,0.957725
Model1,3pop,10,901,1000,77,0.980378,0.96846
Model1,3pop,2,1,100,79,0.948768,0.934115
Model1,3pop,2,101,200,84,0.939708,0.906423
Model1,3pop,2,201,300,73,0.963864,0.926631
Model1,3pop,2,301,400,79,0.946306,0.916345
Model1,3pop,2,401,500,82,0.948669,0.921592
Model1,3pop,2,501,600,82,0.949088,0.897617
Model1,3pop,2,601,700,83,0.954706,0.946109
Model1,3pop,2,701,800,79,0.947934,0.915804
Model1,3pop,2,801,900,74,0.951347,0.95033
Model1,3pop,2,901,1000,79,0.952849,0.926854
Model1,3pop,13,1,100,76,0.967967,0.955915
Model1,3pop,13,101,200,76,0.955761,0.927137
Model1,3pop,13,201,300,80,0.972894,0.926071
Model1,3pop,13,301,400,77,0.985118,0.980853
Model1,3pop,13,401,500,70,0.981133,0.946469
Model1,3pop,13,501,600,70,0.978012,0.955046
Model1,3pop,13,601,700,84,0.971443,0.932212
Model1,3pop,13,701,800,81,0.974898,0.944444
Model1,3pop,13,801,900,84,0.980144,0.937002
Model1,3pop,13,901,1000,74,0.976838,0.959636
Model1,3pop,19,1,100,71,0.964843,0.929656
Model1,3pop,19,101,200,74,0.964257,0.944361
Model1,3pop,19,201,300,85,0.964062,0.953212
Model1,3pop,19,301,400,73,0.961772,0.91078
Model1,3pop,19,401,500,77,0.980559,0.962216
Model1,3pop,19,501,600,79,0.98125,0.966592
Model1,3pop,19,601,700,79,0.961971,0.91043
Model1,3pop,19,701,800,68,0.959984,0.934378
Model1,3pop,19,801,900,83,0.954163,0.928452
Model1,3pop,19,901,1000,82,0.962032,0.948015
Model1,3pop,13,1,100,83,0.962327,0.944959
Model1,3pop,13,101,200,74,0.946109,0.918304
Model1,3pop,13,201,300,72,0.989407,0.972048
Model1,3pop,13,301,400,73,0.977323,0.94739
Model1,3pop,13,401,500,80,0.984518,0.985851
Model1,3pop,13,501,600,73,0.958545,0.940164
Model1,3pop,13,601,700,76,0.989241,0.990136
Model1,3pop,13,701,800,75,0.962178,0.944558
Model1,3pop,13,801,900,73,0.988196,0.955014
Model1,3pop,13,901,1000,82,0.981329,0.942864
Model1,3pop,9,1,100,79,0.977675,0.978871
Model1,3pop,9,101,200,75,0.959273,0.924271
Model1,3pop,9,201,300,73,0.968173,0.960696
Model1,3pop,9,301,400,78,0.971207,0.955798
Model1,3pop,9,401,500,77,0.967068,0.935951
Model1,3pop,9,501,600,75,0.990913,0.987858
Model1,3pop,9,601,700,84,0.966978,0.954958
Model1,3pop,9,701,800,82,0.960983,0.932561
Model1,3pop,9,801,900,76,0.970406,0.927279
Model1,3pop,9,901,1000,76,0.968947,0.927431
Model1,3pop,9,1,100,82,0.980365,0.96895
Model1,3pop,9,101,200,74,0.979902,0.960066
Model1,3pop,9,201,300,78,0.96737,0.95645
Model1,3pop,9,301,400,83,0.984681,0.967322
Model1,3pop,9,401,500,81,0.976239,0.957416
Model1,3pop,9,501,600,75,0.982498,0.940667
Model1,3pop,9,601,700,80,0.966945,0.945077
Model1,3pop,9,701,800,80,0.973526,0.954701
Model1,3pop,9,801,900,77,0.974918,0.964848
Model1,3pop,9,901,1000,74,0.977716,0.975922
Model1,3pop,9,1,100,73,0.983456,0.935807
Model1,3pop,9,101,200,78,0.983507,0.973584
Model1,3pop,9,201,300,72,0.988596,0.975594
Model1,3pop,9,301,400,74,0.980467,0.938273
Model1,3pop,9,401,500,79,0.986806,0.966846
Model1,3pop,9,501,600,86,0.986548,0.964327
Model1,3pop,9,601,700,74,0.988688,0.976267
Model1,3pop,9,701,800,75,0.983007,0.945517
Model1,3pop,9,801,900,76,0.983155,0.978072
Model1,3pop,9,901,1000,81,0.978534,0.93453
Model1,3pop,2,1,100,80,0.963935,0.966736
Model1,3pop,2,101,200,81,0.951954,0.933774
Model1,3pop,2,201,300,79,0.923923,0.916378
Model1,3pop,2,301,400,77,0.963765,0.960874
Model1,3pop,2,401,500,74,0.946637,0.909564
Model1,3pop,2,501,600,73,0.947693,0.896689
Model1,3pop,2,601,700,79,0.939779,0.905898
Model1,3pop,2,701,800,81,0.975112,0.964842
Model1,3pop,2,801,900,78,0.957543,0.92957
Model1,3pop,2,901,1000,79,0.956519,0.929356
Model1,3pop,14,1,100,80,0.916659,0.847233
Model1,3pop,14,101,200,80,0.922139,0.923427
Model1,3pop,14,201,300,75,0.934361,0.91595
Model1,3pop,14,301,400,84,0.932722,0.928085
Model1,3pop,14,401,500,74,0.967663,0.955921
Model1,3pop,14,501,600,75,0.924351,0.895363
Model1,3pop,14,601,700,81,0.908419,0.89802
Model1,3pop,14,701,800,82,0.93485,0.902105
Model1,3pop,14,801,900,78,0.961296,0.964167
Model1,3pop,14,901,1000,73,0.942996,0.914954
Model1,3pop,13,1,100,84,0.979111,0.97549
Model1,3pop,13,101,200,69,0.967281,0.967753
Model1,3pop,13,201,300,76,0.979646,0.943096
Model1,3pop,13,301,400,78,0.976961,0.94591
Model1,3pop,13,401,500,77,0.969183,0.958288
Model1,3pop,13,501,600,79,0.967023,0.9145
Model1,3pop,13,601,700,81,0.963865,0.953865
Model1,3pop,13,701,800,77,0.971305,0.937916
Model1,3pop,13,801,900,78,0.971721,0.961082
Model1,3pop,13,901,1000,91,0.97476,0.976185
Model1,3pop,14,1,100,75,0.914701,0.859386
Model1,3pop,14,101,200,76,0.93887,0.926235
Model1,3pop,14,201,300,81,0.935939,0.911654
Model1,3pop,14,301,400,88,0.919159,0.898373
Model1,3pop,14,401,500,86,0.924165,0.911074
Model1,3pop,14,501,600,81,0.934549,0.900621
Model1,3pop,14,601,700,81,0.906305,0.887869
Model1,3pop,14,701,800,84,0.893495,0.864501
Model1,3pop,14,801,900,83,0.919225,0.903377
Model1,3pop,14,901,1000,80,0.906064,0.874223
Model1,3pop,11,1,100,78,0.984345,0.984496
Model1,3pop,11,101,200,85,0.985128,0.974768
Model1,3pop,11,201,300,77,0.985511,0.951438
Model1,3pop,11,301,400,74,0.973562,0.946778
Model1,3pop,11,401,500,82,0.969938,0.945829
Model1,3pop,11,501,600,76,0.982122,0.92576
Model1,3pop,11,601,700,76,0.981852,0.966867
Model1,3pop,11,701,800,72,0.969103,0.946456
Model1,3pop,11,801,900,80,0.984869,0.974861
Model1,3pop,11,901,1000,83,0.981164,0.958433
Model1,3pop,13,1,100,77,0.986104,0.967679
Model1,3pop,13,101,200,79,0.973575,0.950461
Model1,3pop,13,201,300,74,0.983181,0.983906
Model1,3pop,13,301,400,84,0.986217,0.963552
Model1,3pop,13,401,500,75,0.980953,0.946682
Model1,3pop,13,501,600,80,0.984132,0.969278
Model1,3pop,13,601,700,80,0.979486,0.944469
Model1,3pop,13,701,800,76,0.991614,0.986422
Model1,3pop,13,801,900,76,0.990231,0.983869
Model1,3pop,13,901,1000,75,0.969915,0.952228
Model1,3pop,7,1,100,74,0.98044,0.972177
Model1,3pop,7,101,200,79,0.97471,0.976876
Model1,3pop,7,201,300,77,0.9852,0.980053
Model1,3pop,7,301,400,74,0.983213,0.960687
Model1,3pop,7,401,500,85,0.991121,0.962869
Model1,3pop,7,501,600,72,0.978715,0.957344
Model1,3pop,7,601,700,72,0.985928,0.954068
Model1,3pop,7,701,800,73,0.985066,0.96154
Model1,3pop,7,801,900,77,0.996252,0.996322
Model1,3pop,7,901,1000,71,0.984825,0.946038
Model1,3pop,11,1,100,73,0.966396,0.940101
Model1,3pop,11,101,200,74,0.973436,0.975059
Model1,3pop,11,201,300,85,0.944067,0.91416
Model1,3pop,11,301,400,77,0.981849,0.958288
Model1,3pop,11,401,500,76,0.965085,0.915181
Model1,3pop,11,501,600,82,0.957677,0.951777
Model1,3pop,11,601,700,76,0.972576,0.956087
Model1,3pop,11,701,800,76,0.969228,0.926676
Model1,3pop,11,801,900,78,0.948358,0.937266
Model1,3pop,11,901,1000,81,0.975872,0.961696
Model1,3pop,1,1,100,73,0.981961,0.982067
Model1,3pop,1,101,200,76,0.977501,0.967127
Model1,3pop,1,201,300,72,0.967287,0.941228
Model1,3pop,1,301,400,79,0.973767,0.925402
Model1,3pop,1,401,500,72,0.964488,0.953087
Model1,3pop,1,501,600,76,0.976871,0.93843
Model1,3pop,1,601,700,83,0.957921,0.923375
Model1,3pop,1,701,800,77,0.979174,0.96464
Model1,3pop,1,801,900,78,0.96841,0.927213
Model1,3pop,1,901,1000,80,0.966491,0.9533
Model1,3pop,18,1,100,74,0.946131,0.932953
Model1,3pop,18,101,200,78,0.96644,0.91277
Model1,3pop,18,201,300,70,0.962435,0.949114
Model1,3pop,18,301,400,67,0.963153,0.951486
Model1,3pop,18,401,500,72,0.983574,0.980335
Model1,3pop,18,501,600,75,0.980515,0.971708
Model1,3pop,18,601,700,75,0.978038,0.964552
Model1,3pop,18,701,800,77,0.976082,0.969918
Model1,3pop,18,801,900,80,0.969022,0.943124
Model1,3pop,18,901,1000,74,0.957567,0.942842
Model1,3pop,6,1,100,87,0.967535,0.95426
Model1,3pop,6,101,200,77,0.972399,0.973462
Model1,3pop,6,201,300,81,0.962515,0.958651
Model1,3pop,6,301,400,75,0.965821,0.935984
Model1,3pop,6,401,500,85,0.984834,0.964993
Model1,3pop,6,501,600,75,0.971714,0.94781
Model1,3pop,6,601,700,74,0.963502,0.959435
Model1,3pop,6,701,800,71,0.972439,0.955383
Model1,3pop,6,801,900,74,0.971477,0.951471
Model1,3pop,6,901,1000,76,0.963076,0.956236
Model1,3pop,14,1,100,82,0.986179,0.952879
Model1,3pop,14,101,200,76,0.98394,0.977149
Model1,3pop,14,201,300,77,0.982015,0.974853
Model1,3pop,14,301,400,69,0.975309,0.945926
Model1,3pop,14,401,500,77,0.984512,0.977579
Model1,3pop,14,501,600,71,0.972863,0.947583
Model1,3pop,14,601,700,78,0.968954,0.963055
Model1,3pop,14,701,800,76,0.980241,0.953832
Model1,3pop,14,801,900,77,0.979661,0.965726
Model1,3pop,14,901,1000,80,0.984993,0.98393
Model1,3pop,11,1,100,71,0.97169,0.946235
Model1,3pop,11,101,200,81,0.984482,0.977096
Model1,3pop,11,201,300,77,0.971648,0.936482
Model1,3pop,11,301,400,73,0.964009,0.950413
Model1,3pop,11,401,500,72,0.988798,0.96355
Model1,3pop,11,501,600,82,0.970167,0.950913
Model1,3pop,11,601,700,77,0.981353,0.971027
Model1,3pop,11,701,800,83,0.963213,0.915699
Model1,3pop,11,801,900,77,0.969317,0.931604
Model1,3pop,11,901,1000,80,0.974973,0.963218
Model1,3pop,14,1,100,77,0.962775,0.942553
Model1,3pop,14,101,200,81,0.946016,0.925509
Model1,3pop,14,201,300,66,0.956352,0.920212
Model1,3pop,14,301,400,81,0.955172,0.926238
Model1,3pop,14,401,500,83,0.956061,0.941472
Model1,3pop,14,501,600,71,0.980062,0.97018
Model1,3pop,14,601,700,82,0.95395,0.922843
Model1,3pop,14,701,800,82,0.960867,0.940922
Model1,3pop,14,801,900,74,0.975095,0.93565
Model1,3pop,14,901,1000,84,0.976956,0.970485
Model1,3pop,10,1,100,80,0.95397,0.938266
Model1,3pop,10,101,200,72,0.955993,0.944628
Model1,3pop,10,201,300,80,0.972329,0.953123
Model1,3pop,10,301,400,79,0.966013,0.949228
Model1,3pop,10,401,500,73,0.982377,0.963644
Model1,3pop,10,501,600,68,0.974398,0.962458
Model1,3pop,10,601,700,78,0.968648,0.932392
Model1,3pop,10,701,800,72,0.960803,0.918498
Model1,3pop,10,801,900,77,0.963193,0.937608
Model1,3pop,10,901,1000,80,0.959773,0.92568
Model1,3pop,15,1,100,69,0.979894,0.966834
Model1,3pop,15,101,200,74,0.98386,0.952435
Model1,3pop,15,201,300,74,0.985859,0.95171
Model1,3pop,15,301,400,74,0.991617,0.978573
Model1,3pop,15,401,500,79,0.982393,0.973712
Model1,3pop,15,501,600,71,0.984382,0.984475
Model1,3pop,15,601,700,79,0.981213,0.962464
Model1,3pop,15,701,800,80,0.978106,0.934862
Model1,3pop,15,801,900,81,0.973894,0.948797
Model1,3pop,15,901,1000,82,0.984285,0.961787
Model1,3pop,3,1,100,78,0.969384,0.95623
Model1,3pop,3,101,200,78,0.985035,0.966903
Model1,3pop,3,201,300,71,0.979634,0.920244
Model1,3pop,3,301,400,79,0.976953,0.933844
Model1,3pop,3,401,500,79,0.974881,0.952331
Model1,3pop,3,501,600,80,0.986888,0.955867
Model1,3pop,3,601,700,73,0.953904,0.941044
Model1,3pop,3,701,800,78,0.967062,0.962693
Model1,3pop,3,801,900,80,0.984678,0.972614
Model1,3pop,3,901,1000,73,0.985933,0.955568
Model1,3pop,8,1,100,77,0.984664,0.951314
Model1,3pop,8,101,200,77,0.986264,0.952018
Model1,3pop,8,201,300,78,0.982976,0.954819
Model1,3pop,8,301,400,82,0.98339,0.942737
Model1,3pop,8,401,500,84,0.975306,0.969292
Model1,3pop,8,501,600,85,0.984322,0.973717
Model1,3pop,8,601,700,80,0.972112,0.942629
Model1,3pop,8,701,800,80,0.971628,0.941035
Model1,3pop,8,801,900,80,0.978864,0.929897
Model1,3pop,8,901,1000,77,0.982198,0.952378
Model1,3pop,19,1,100,73,0.963272,0.859707
Model1,3pop,19,101,200,83,0.966688,0.940173
Model1,3pop,19,201,300,77,0.938089,0.875498
Model1,3pop,19,301,400,83,0.937006,0.904921
Model1,3pop,19,401,500,81,0.963492,0.955762
Model1,3pop,19,501,600,74,0.987352,0.965002
Model1,3pop,19,601,700,79,0.974632,0.975029
Model1,3pop,19,701,800,84,0.96627,0.950147
Model1,3pop,19,801,900,84,0.947406,0.897754
Model1,3pop,19,901,1000,74,0.975734,0.973967
Model1,3pop,7,1,100,80,0.98706,0.93789
Model1,3pop,7,101,200,77,0.976817,0.964255
Model1,3pop,7,201,300,73,0.983917,0.963937
Model1,3pop,7,301,400,72,0.971988,0.947354
Model1,3pop,7,401,500,83,0.974741,0.968522
Model1,3pop,7,501,600,75,0.981237,0.971741
Model1,3pop,7,601,700,79,0.98017,0.944941
Model1,3pop,7,701,800,76,0.976378,0.94481
Model1,3pop,7,801,900,75,0.979791,0.933519
Model1,3pop,7,901,1000,73,0.974446,0.969224
Model1,3pop,10,1,100,80,0.983198,0.955724
Model1,3pop,10,101,200,77,0.981478,0.967101
Model1,3pop,10,201,300,82,0.982713,0.95784
Model1,3pop,10,301,400,75,0.958923,0.911711
Model1,3pop,10,401,500,83,0.97731,0.949116
Model1,3pop,10,501,600,72,0.967103,0.95572
Model1,3pop,10,601,700,69,0.975863,0.94846
Model1,3pop,10,701,800,84,0.958032,0.937093
Model1,3pop,10,801,900,84,0.969176,0.960747
Model1,3pop,10,901,1000,73,0.97531,0.97011
Model1,3pop,10,1,100,77,0.980874,0.95847
Model1,3pop,10,101,200,86,0.978238,0.93651
Model1,3pop,10,201,300,84,0.967252,0.953735
Model1,3pop,10,301,400,80,0.961938,0.950647
Model1,3pop,10,401,500,83,0.981996,0.954134
Model1,3pop,10,501,600,70,0.970457,0.95951
Model1,3pop,10,601,700,78,0.969713,0.946441
Model1,3pop,10,701,800,83,0.964327,0.941689
Model1,3pop,10,801,900,84,0.959683,0.932048
Model1,3pop,10,901,1000,81,0.970776,0.973865
Model1,3pop,17,1,100,79,0.970591,0.942746
Model1,3pop,17,101,200,76,0.971445,0.953123
Model1,3pop,17,201,300,77,0.976696,0.967119
Model1,3pop,17,301,400,79,0.973918,0.938644
Model1,3pop,17,401,500,79,0.971919,0.932299
Model1,3pop,17,501,600,79,0.95568,0.910881
Model1,3pop,17,601,700,77,0.968693,0.945814
Model1,3pop,17,701,800,83,0.958622,0.934664
Model1,3pop,17,801,900,79,0.963843,0.926071
Model1,3pop,17,901,1000,81,0.979015,0.946499
Model1,3pop,6,1,100,80,0.970996,0.957042
Model1,3pop,6,101,200,69,0.989604,0.98303
Model1,3pop,6,201,300,78,0.991618,0.973147
Model1,3pop,6,301,400,84,0.972472,0.947314
Model1,3pop,6,401,500,72,0.966999,0.95069
Model1,3pop,6,501,600,73,0.99123,0.978775
Model1,3pop,6,601,700,78,0.977258,0.93308
Model1,3pop,6,701,800,73,0.980567,0.946486
Model1,3pop,6,801,900,77,0.954964,0.920644
Model1,3pop,6,901,1000,79,0.980209,0.957314
Model1,3pop,16,1,100,76,0.96334,0.914972
Model1,3pop,16,101,200,82,0.951549,0.924071
Model1,3pop,16,201,300,69,0.942587,0.901185
Model1,3pop,16,301,400,77,0.955705,0.908896
Model1,3pop,16,401,500,84,0.931393,0.906967
Model1,3pop,16,501,600,72,0.963378,0.94881
Model1,3pop,16,601,700,77,0.959083,0.933585
Model1,3pop,16,701,800,85,0.947803,0.914466
Model1,3pop,16,801,900,83,0.965866,0.963437
Model1,3pop,16,901,1000,79,0.962494,0.90026
Model1,3pop,5,1,100,74,0.9572,0.934456
Model1,3pop,5,101,200,78,0.970694,0.967944
Model1,3pop,5,201,300,72,0.968043,0.912864
Model1,3pop,5,301,400,79,0.970405,0.942136
Model1,3pop,5,401,500,74,0.954292,0.948512
Model1,3pop,5,501,600,83,0.967467,0.955931
Model1,3pop,5,601,700,76,0.947238,0.895579
Model1,3pop,5,701,800,73,0.978411,0.934491
Model1,3pop,5,801,900,75,0.985899,0.973638
Model1,3pop,5,901,1000,76,0.95865,0.955787
Model1,3pop,18,1,100,87,0.979668,0.94194
Model1,3pop,18,101,200,79,0.972155,0.948876
Model1,3pop,18,201,300,78,0.962817,0.936804
Model1,3pop,18,301,400,80,0.972055,0.971035
Model1,3pop,18,401,500,75,0.944163,0.921094
Model1,3pop,18,501,600,75,0.963347,0.946251
Model1,3pop,18,601,700,74,0.973259,0.935772
Model1,3pop,18,701,800,72,0.956116,0.960851
Model1,3pop,18,801,900,82,0.974995,0.975147
Model1,3pop,18,901,1000,83,0.984971,0.986529
Model1,3pop,3,1,100,75,0.984152,0.973294
Model1,3pop,3,101,200,77,0.974711,0.961299
Model1,3pop,3,201,300,75,0.980532,0.956339
Model1,3pop,3,301,400,83,0.973754,0.957859
Model1,3pop,3,401,500,74,0.963437,0.934891
Model1,3pop,3,501,600,75,0.975809,0.95422
Model1,3pop,3,601,700,79,0.984582,0.986921
Model1,3pop,3,701,800,84,0.97392,0.966339
Model1,3pop,3,801,900,72,0.963353,0.955142
Model1,3pop,3,901,1000,81,0.984884,0.983476
Model1,3pop,18,1,100,79,0.941632,0.892859
Model1,3pop,18,101,200,80,0.971052,0.927154
Model1,3pop,18,201,300,79,0.981064,0.913511
Model1,3pop,18,301,400,75,0.975933,0.953379
Model1,3pop,18,401,500,78,0.959457,0.908251
Model1,3pop,18,501,600,82,0.968336,0.869902
Model1,3pop,18,601,700,74,0.969559,0.921535
Model1,3pop,18,701,800,78,0.974436,0.919063
Model1,3pop,18,801,900,71,0.9785,0.904914
Model1,3pop,18,901,1000,73,0.964122,0.928864
Model1,3pop,17,1,100,73,0.974052,0.967361
Model1,3pop,17,101,200,80,0.960359,0.956384
Model1,3pop,17,201,300,80,0.972072,0.960725
Model1,3pop,17,301,400,76,0.981271,0.96798
Model1,3pop,17,401,500,87,0.958331,0.923671
Model1,3pop,17,501,600,79,0.981122,0.949582
Model1,3pop,17,601,700,80,0.977996,0.972326
Model1,3pop,17,701,800,72,0.951372,0.913616
Model1,3pop,17,801,900,86,0.967818,0.958233
Model1,3pop,17,901,1000,74,0.967992,0.950733
Model1,3pop,16,1,100,75,0.946011,0.915697
Model1,3pop,16,101,200,78,0.949271,0.935933
Model1,3pop,16,201,300,76,0.942946,0.906357
Model1,3pop,16,301,400,71,0.979235,0.967325
Model1,3pop,16,401,500,80,0.958698,0.942253
Model1,3pop,16,501,600,78,0.972131,0.946467
Model1,3pop,16,601,700,80,0.957753,0.958412
Model1,3pop,16,701,800,82,0.947995,0.909598
Model1,3pop,16,801,900,83,0.960726,0.936077
Model1,3pop,16,901,1000,74,0.974331,0.954291
Model1,3pop,17,1,100,81,0.978745,0.949202
Model1,3pop,17,101,200,78,0.974893,0.93619
Model1,3pop,17,201,300,75,0.976434,0.960627
Model1,3pop,17,301,400,73,0.971517,0.946536
Model1,3pop,17,401,500,75,0.987872,0.973375
Model1,3pop,17,501,600,81,0.992021,0.948626
Model1,3pop,17,601,700,68,0.981233,0.947357
Model1,3pop,17,701,800,75,0.972529,0.95476
Model1,3pop,17,801,900,77,0.994657,0.994583
Model1,3pop,17,901,1000,77,0.990327,0.983876
Model1,3pop,12,1,100,77,0.949874,0.920808
Model1,3pop,12,101,200,83,0.93992,0.912974
Model1,3pop,12,201,300,77,0.941015,0.927716
Model1,3pop,12,301,400,79,0.944375,0.931518
Model1,3pop,12,401,500,79,0.94804,0.936836
Model1,3pop,12,501,600,82,0.932484,0.901751
Model1,3pop,12,601,700,78,0.943695,0.926742
Model1,3pop,12,701,800,81,0.9536,0.920986
Model1,3pop,12,801,900,83,0.970842,0.939339
Model1,3pop,12,901,1000,75,0.940229,0.917864
Model1,3pop,12,1,100,80,0.985513,0.964968
Model1,3pop,12,101,200,84,0.959354,0.935076
Model1,3pop,12,201,300,74,0.96153,0.922309
Model1,3pop,12,301,400,79,0.96916,0.915704
Model1,3pop,12,401,500,78,0.975274,0.946411
Model1,3pop,12,501,600,83,0.994999,0.983813
Model1,3pop,12,601,700,69,0.969737,0.945998
Model1,3pop,12,701,800,67,0.993527,0.993167
Model1,3pop,12,801,900,75,0.987988,0.956608
Model1,3pop,12,901,1000,82,0.984429,0.945539
Model1,3pop,6,1,100,81,0.962849,0.960107
Model1,3pop,6,101,200,78,0.966401,0.951686
Model1,3pop,6,201,300,78,0.972513,0.935827
Model1,3pop,6,301,400,79,0.935653,0.887597
Model1,3pop,6,401,500,78,0.958785,0.927051
Model1,3pop,6,501,600,78,0.959693,0.935133
Model1,3pop,6,601,700,78,0.956441,0.934009
Model1,3pop,6,701,800,81,0.966654,0.943752
Model1,3pop,6,801,900,76,0.943044,0.891954
Model1,3pop,6,901,1000,78,0.950098,0.853083
Model1,3pop,1,1,100,89,0.971781,0.955918
Model1,3pop,1,101,200,73,0.942766,0.923253
Model1,3pop,1,201,300,80,0.946994,0.891887
Model1,3pop,1,301,400,77,0.973481,0.976254
Model1,3pop,1,401,500,84,0.955399,0.920337
Model1,3pop,1,501,600,74,0.949174,0.896112
Model1,3pop,1,601,700,74,0.933662,0.927918
Model1,3pop,1,701,800,78,0.978649,0.959758
Model1,3pop,1,801,900,83,0.959924,0.939377
Model1,3pop,1,901,1000,80,0.947249,0.903277
Model1,3pop,10,1,100,80,0.963122,0.944961
Model1,3pop,10,101,200,86,0.976226,0.931492
Model1,3pop,10,201,300,79,0.970331,0.939694
Model1,3pop,10,301,400,75,0.978856,0.953179
Model1,3pop,10,401,500,76,0.977211,0.96827
Model1,3pop,10,501,600,81,0.965029,0.947718
Model1,3pop,10,601,700,75,0.97452,0.964636
Model1,3pop,10,701,800,81,0.96799,0.946178
Model1,3pop,10,801,900,73,0.972739,0.973687
Model1,3pop,10,901,1000,81,0.960968,0.939415
Model1,3pop,14,1,100,80,0.970679,0.938964
Model1,3pop,14,101,200,76,0.988882,0.989951
Model1,3pop,14,201,300,63,0.965711,0.950492
Model1,3pop,14,301,400,77,0.970803,0.948479
Model1,3pop,14,401,500,79,0.981926,0.940113
Model1,3pop,14,501,600,72,0.974318,0.93815
Model1,3pop,14,601,700,78,0.976952,0.950449
Model1,3pop,14,701,800,80,0.966289,0.933994
Model1,3pop,14,801,900,71,0.985159,0.981608
Model1,3pop,14,901,1000,75,0.959909,0.927825
Model1,3pop,15,1,100,82,0.901089,0.853564
Model1,3pop,15,101,200,82,0.930058,0.899664
Model1,3pop,15,201,300,81,0.911739,0.889103
Model1,3pop,15,301,400,73,0.936475,0.93319
Model1,3pop,15,401,500,75,0.948555,0.944949
Model1,3pop,15,501,600,78,0.9195,0.902262
Model1,3pop,15,601,700,79,0.935282,0.917515
Model1,3pop,15,701,800,81,0.944549,0.928274
Model1,3pop,15,801,900,82,0.920853,0.90116
Model1,3pop,15,901,1000,82,0.922277,0.899162
Model1,3pop,11,1,100,76,0.977694,0.96889
Model1,3pop,11,101,200,76,0.965034,0.927681
Model1,3pop,11,201,300,84,0.973888,0.94084
Model1,3pop,11,301,400,74,0.952106,0.916171
Model1,3pop,11,401,500,73,0.967536,0.948308
Model1,3pop,11,501,600,76,0.983973,0.965479
Model1,3pop,11,601,700,76,0.978324,0.957838
Model1,3pop,11,701,800,73,0.94966,0.939891
Model1,3pop,11,801,900,84,0.961489,0.960333
Model1,3pop,11,901,1000,73,0.959659,0.944877
Model1,3pop,15,1,100,74,0.962931,0.967962
Model1,3pop,15,101,200,82,0.929296,0.897699
Model1,3pop,15,201,300,80,0.939429,0.906225
Model1,3pop,15,301,400,75,0.966762,0.940534
Model1,3pop,15,401,500,80,0.958742,0.909702
Model1,3pop,15,501,600,78,0.950944,0.922361
Model1,3pop,15,601,700,75,0.970961,0.967526
Model1,3pop,15,701,800,83,0.963434,0.921139
Model1,3pop,15,801,900,78,0.969494,0.933197
Model1,3pop,15,901,1000,76,0.965909,0.954703
Model1,3pop,18,1,100,78,0.973756,0.952688
Model1,3pop,18,101,200,74,0.970096,0.931274
Model1,3pop,18,201,300,81,0.967209,0.931148
Model1,3pop,18,301,400,75,0.962078,0.924368
Model1,3pop,18,401,500,70,0.970708,0.899501
Model1,3pop,18,501,600,73,0.976682,0.961403
Model1,3pop,18,601,700,75,0.961652,0.920545
Model1,3pop,18,701,800,74,0.971943,0.949925
Model1,3pop,18,801,900,83,0.971727,0.943206
Model1,3pop,18,901,1000,79,0.983975,0.940613
Model1,3pop,4,1,100,74,0.953649,0.907427
Model1,3pop,4,101,200,80,0.966171,0.958301
Model1,3pop,4,201,300,79,0.974758,0.972122
Model1,3pop,4,301,400,81,0.967037,0.95209
Model1,3pop,4,401,500,72,0.958826,0.910077
Model1,3pop,4,501,600,75,0.985974,0.968438
Model1,3pop,4,601,700,75,0.965406,0.943631
Model1,3pop,4,701,800,82,0.98676,0.976547
Model1,3pop,4,801,900,70,0.975822,0.977744
Model1,3pop,4,901,1000,74,0.974668,0.951949
Model1,3pop,9,1,100,76,0.980052,0.980031
Model1,3pop,9,101,200,74,0.973043,0.953901
Model1,3pop,9,201,300,79,0.958946,0.915429
Model1,3pop,9,301,400,75,0.980229,0.974799
Model1,3pop,9,401,500,74,0.978458,0.96151
Model1,3pop,9,501,600,80,0.959954,0.914934
Model1,3pop,9,601,700,78,0.974822,0.975558
Model1,3pop,9,701,800,71,0.981119,0.928499
Model1,3pop,9,801,900,79,0.965316,0.93879
Model1,3pop,9,901,1000,84,0.966601,0.947387
Model1,3pop,17,1,100,81,0.986879,0.976613
Model1,3pop,17,101,200,77,0.985192,0.973286
Model1,3pop,17,201,300,77,0.977879,0.959405
Model1,3pop,17,301,400,86,0.979762,0.951234
Model1,3pop,17,401,500,74,0.982659,0.940248
Model1,3pop,17,501,600,79,0.98547,0.975565
Model1,3pop,17,601,700,88,0.978634,0.935366
Model1,3pop,17,701,800,78,0.978446,0.955223
Model1,3pop,17,801,900,76,0.989164,0.983236
Model1,3pop,17,901,1000,71,0.992066,0.970205
Model1,3pop,19,1,100,77,0.975917,0.950836
Model1,3pop,19,101,200,83,0.982265,0.976809
Model1,3pop,19,201,300,73,0.975073,0.961043
Model1,3pop,19,301,400,80,0.983312,0.969784
Model1,3pop,19,401,500,71,0.943279,0.906722
Model1,3pop,19,501,600,85,0.980071,0.959293
Model1,3pop,19,601,700,70,0.970322,0.95321
Model1,3pop,19,701,800,82,0.973672,0.968171
Model1,3pop,19,801,900,80,0.954439,0.932031
Model1,3pop,19,901,1000,81,0.967011,0.952137
Model1,3pop,3,1,100,78,0.980319,0.981528
Model1,3pop,3,101,200,83,0.962129,0.940157
Model1,3pop,3,201,300,74,0.979765,0.979721
Model1,3pop,3,301,400,77,0.97836,0.966635
Model1,3pop,3,401,500,74,0.979519,0.958037
Model1,3pop,3,501,600,82,0.956774,0.942263
Model1,3pop,3,601,700,80,0.977283,0.950004
Model1,3pop,3,701,800,71,0.964994,0.931365
Model1,3pop,3,801,900,73,0.960838,0.939853
Model1,3pop,3,901,1000,80,0.963558,0.9458
Model1,3pop,9,1,100,78,0.973286,0.947447
Model1,3pop,9,101,200,75,0.977855,0.976983
Model1,3pop,9,201,300,84,0.991463,0.99113
Model1,3pop,9,301,400,75,0.978058,0.961166
Model1,3pop,9,401,500,84,0.975639,0.963899
Model1,3pop,9,501,600,81,0.979557,0.96875
Model1,3pop,9,601,700,75,0.986885,0.960812
Model1,3pop,9,701,800,71,0.978329,0.969604
Model1,3pop,9,801,900,72,0.992356,0.964434
Model1,3pop,9,901,1000,74,0.967669,0.919653
Model1,3pop,11,1,100,75,0.957237,0.935588
Model1,3pop,11,101,200,80,0.958048,0.930396
Model1,3pop,11,201,300,80,0.963352,0.915545
Model1,3pop,11,301,400,74,0.964156,0.94915
Model1,3pop,11,401,500,77,0.96831,0.936797
Model1,3pop,11,501,600,77,0.968013,0.929314
Model1,3pop,11,601,700,78,0.952089,0.927403
Model1,3pop,11,701,800,74,0.954173,0.958346
Model1,3pop,11,801,900,80,0.963642,0.954497
Model1,3pop,11,901,1000,81,0.944303,0.927157
Model1,3pop,6,1,100,76,0.966799,0.952307
Model1,3pop,6,101,200,76,0.964337,0.938494
Model1,3pop,6,201,300,78,0.975293,0.945453
Model1,3pop,6,301,400,77,0.963639,0.931404
Model1,3pop,6,401,500,79,0.9678,0.915293
Model1,3pop,6,501,600,76,0.982645,0.9466
Model1,3pop,6,601,700,76,0.983063,0.974884
Model1,3pop,6,701,800,85,0.974799,0.962435
Model1,3pop,6,801,900,74,0.985548,0.973648
Model1,3pop,6,901,1000,72,0.962536,0.929723
Model1,3pop,10,1,100,79,0.970323,0.957186
Model1,3pop,10,101,200,75,0.981475,0.948753
Model1,3pop,10,201,300,80,0.959883,0.946613
Model1,3pop,10,301,400,76,0.952623,0.933864
Model1,3pop,10,401,500,80,0.966818,0.952892
Model1,3pop,10,501,600,84,0.973267,0.939523
Model1,3pop,10,601,700,73,0.955968,0.92698
Model1,3pop,10,701,800,78,0.973201,0.967906
Model1,3pop,10,801,900,81,0.966935,0.933661
Model1,3pop,10,901,1000,76,0.959617,0.906629
Model1,3pop,19,1,100,78,0.987569,0.960703
Model1,3pop,19,101,200,83,0.964017,0.933734
Model1,3pop,19,201,300,76,0.990254,0.975294
Model1,3pop,19,301,400,74,0.96947,0.961536
Model1,3pop,19,401,500,80,0.982441,0.954229
Model1,3pop,19,501,600,77,0.976047,0.936352
Model1,3pop,19,601,700,80,0.981378,0.958218
Model1,3pop,19,701,800,75,0.966139,0.946471
Model1,3pop,19,801,900,79,0.96904,0.953127
Model1,3pop,19,901,1000,71,0.988695,0.965463
Model1,3pop,17,1,100,76,0.964848,0.946435
Model1,3pop,17,101,200,80,0.977655,0.965929
Model1,3pop,17,201,300,77,0.993528,0.994201
Model1,3pop,17,301,400,81,0.976607,0.96349
Model1,3pop,17,401,500,75,0.983597,0.966476
Model1,3pop,17,501,600,72,0.979677,0.91336
Model1,3pop,17,601,700,76,0.993638,0.982529
Model1,3pop,17,701,800,76,0.993133,0.993161
Model1,3pop,17,801,900,77,0.993425,0.981169
Model1,3pop,17,901,1000,77,0.979725,0.981755
Model1,3pop,3,1,100,78,0.976594,0.961281
Model1,3pop,3,101,200,80,0.97088,0.944521
Model1,3pop,3,201,300,79,0.962786,0.925984
Model1,3pop,3,301,400,73,0.97,0.936621
Model1,3pop,3,401,500,75,0.956057,0.918882
Model1,3pop,3,501,600,78,0.983856,0.976769
Model1,3pop,3,601,700,73,0.974573,0.953059
Model1,3pop,3,701,800,76,0.972658,0.930553
Model1,3pop,3,801,900,74,0.970133,0.943545
Model1,3pop,3,901,1000,85,0.974486,0.953736
Model1,3pop,3,1,100,81,0.986984,0.965684
Model1,3pop,3,101,200,74,0.993609,0.968154
Model1,3pop,3,201,300,70,0.994651,0.968334
Model1,3pop,3,301,400,79,0.982209,0.975911
Model1,3pop,3,401,500,76,0.988649,0.978222
Model1,3pop,3,501,600,71,0.98566,0.936011
Model1,3pop,3,601,700,72,0.989274,0.986588
Model1,3pop,3,701,800,74,0.984694,0.958818
Model1,3pop,3,801,900,76,0.993097,0.993643
Model1,3pop,3,901,1000,71,0.984694,0.976859
Model1,3pop,11,1,100,85,0.967205,0.951431
Model1,3pop,11,101,200,66,0.969503,0.911273
Model1,3pop,11,201,300,76,0.969106,0.970691
Model1,3pop,11,301,400,72,0.962857,0.940998
Model1,3pop,11,401,500,69,0.961513,0.938526
Model1,3pop,11,501,600,79,0.97214,0.943359
Model1,3pop,11,601,700,77,0.978016,0.944211
Model1,3pop,11,701,800,82,0.963667,0.930392
Model1,3pop,11,801,900,78,0.954954,0.938656
Model1,3pop,11,901,1000,73,0.967562,0.903343
Model1,3pop,17,1,100,72,0.964532,0.919196
Model1,3pop,17,101,200,79,0.955044,0.923174
Model1,3pop,17,201,300,81,0.95688,0.938707
Model1,3pop,17,301,400,83,0.974942,0.944538
Model1,3pop,17,401,500,76,0.976228,0.953849
Model1,3pop,17,501,600,81,0.943815,0.908428
Model1,3pop,17,601,700,75,0.946703,0.909607
Model1,3pop,17,701,800,75,0.961635,0.945019
Model1,3pop,17,801,900,79,0.970819,0.951716
Model1,3pop,17,901,1000,82,0.971291,0.948018
Model1,3pop,2,1,100,71,0.9621,0.893531
Model1,3pop,2,101,200,72,0.958315,0.955697
Model1,3pop,2,201,300,81,0.965251,0.941819
Model1,3pop,2,301,400,78,0.96436,0.958176
Model1,3pop,2,401,500,82,0.959644,0.931349
Model1,3pop,2,501,600,84,0.974593,0.946827
Model1,3pop,2,601,700,82,0.979093,0.973836
Model1,3pop,2,701,800,76,0.951581,0.930342
Model1,3pop,2,801,900,83,0.945687,0.899636
Model1,3pop,2,901,1000,81,0.962407,0.937247
Model1,3pop,0,1,100,86,0.955796,0.924092
Model1,3pop,0,101,200,76,0.980612,0.970136
Model1,3pop,0,201,300,74,0.967978,0.947414
Model1,3pop,0,301,400,80,0.966131,0.940896
Model1,3pop,0,401,500,78,0.960055,0.947417
Model1,3pop,0,501,600,77,0.946467,0.90263
Model1,3pop,0,601,700,80,0.966245,0.96042
Model1,3pop,0,701,800,81,0.965926,0.940525
Model1,3pop,0,801,900,79,0.959661,0.941772
Model1,3pop,0,901,1000,81,0.954028,0.930755
Model1,3pop,0,1,100,76,0.957077,0.932581
Model1,3pop,0,101,200,77,0.984074,0.963183
Model1,3pop,0,201,300,75,0.966679,0.948128
Model1,3pop,0,301,400,74,0.989961,0.987228
Model1,3pop,0,401,500,80,0.985553,0.958581
Model1,3pop,0,501,600,77,0.985425,0.966518
Model1,3pop,0,601,700,80,0.974955,0.972167
Model1,3pop,0,701,800,76,0.985552,0.946166
Model1,3pop,0,801,900,72,0.975843,0.943397
Model1,3pop,0,901,1000,77,0.971403,0.933982
Model1,3pop,19,1,100,79,0.969573,0.939824
Model1,3pop,19,101,200,84,0.959305,0.936414
Model1,3pop,19,201,300,81,0.972373,0.968451
Model1,3pop,19,301,400,72,0.952025,0.920296
Model1,3pop,19,401,500,80,0.951036,0.936962
Model1,3pop,19,501,600,72,0.967307,0.962431
Model1,3pop,19,601,700,76,0.981228,0.967917
Model1,3pop,19,701,800,83,0.972283,0.975066
Model1,3pop,19,801,900,76,0.975814,0.969314
Model1,3pop,19,901,1000,70,0.973543,0.945944
Model1,3pop,17,1,100,75,0.983317,0.979632
Model1,3pop,17,101,200,84,0.978281,0.977755
Model1,3pop,17,201,300,81,0.962074,0.949646
Model1,3pop,17,301,400,81,0.972035,0.953498
Model1,3pop,17,401,500,75,0.982043,0.948349
Model1,3pop,17,501,600,79,0.971883,0.960194
Model1,3pop,17,601,700,78,0.962722,0.959593
Model1,3pop,17,701,800,78,0.947644,0.914114
Model1,3pop,17,801,900,78,0.966154,0.949183
Model1,3pop,17,901,1000,73,0.958122,0.929715
Model1,3pop,12,1,100,77,0.88497,0.873859
Model1,3pop,12,101,200,79,0.885445,0.866592
Model1,3pop,12,201,300,85,0.860694,0.830064
Model1,3pop,12,301,400,86,0.89051,0.872114
Model1,3pop,12,401,500,78,0.846673,0.817596
Model1,3pop,12,501,600,84,0.902582,0.855152
Model1,3pop,12,601,700,76,0.893588,0.887573
Model1,3pop,12,701,800,79,0.927476,0.907038
Model1,3pop,12,801,900,87,0.909391,0.90105
Model1,3pop,12,901,1000,81,0.897913,0.88083
Model1,3pop,16,1,100,78,0.952806,0.900729
Model1,3pop,16,101,200,77,0.965516,0.943857
Model1,3pop,16,201,300,84,0.97333,0.964781
Model1,3pop,16,301,400,74,0.968923,0.967136
Model1,3pop,16,401,500,79,0.964813,0.937506
Model1,3pop,16,501,600,71,0.929497,0.908839
Model1,3pop,16,601,700,73,0.960439,0.923913
Model1,3pop,16,701,800,72,0.933332,0.904294
Model1,3pop,16,801,900,75,0.965405,0.937599
Model1,3pop,16,901,1000,79,0.950214,0.944363
Model1,3pop,2,1,100,80,0.938173,0.906761
Model1,3pop,2,101,200,72,0.944254,0.902377
Model1,3pop,2,201,300,82,0.938526,0.919099
Model1,3pop,2,301,400,76,0.934993,0.910751
Model1,3pop,2,401,500,72,0.920541,0.912566
Model1,3pop,2,501,600,72,0.948232,0.931223
Model1,3pop,2,601,700,78,0.972309,0.952257
Model1,3pop,2,701,800,83,0.941748,0.92868
Model1,3pop,2,801,900,81,0.974262,0.944252
Model1,3pop,2,901,1000,77,0.932627,0.878462
Model1,3pop,12,1,100,72,0.955549,0.943809
Model1,3pop,12,101,200,77,0.973658,0.944285
Model1,3pop,12,201,300,84,0.977724,0.957991
Model1,3pop,12,301,400,74,0.973111,0.974277
Model1,3pop,12,401,500,82,0.971219,0.952981
Model1,3pop,12,501,600,84,0.97548,0.964561
Model1,3pop,12,601,700,80,0.984149,0.970234
Model1,3pop,12,701,800,76,0.966759,0.949295
Model1,3pop,12,801,900,77,0.983136,0.960473
Model1,3pop,12,901,1000,76,0.969495,0.966606
Model1,3pop,5,1,100,75,0.978765,0.947274
Model1,3pop,5,101,200,77,0.978052,0.932056
Model1,3pop,5,201,300,80,0.97679,0.938998
Model1,3pop,5,301,400,80,0.977071,0.96133
Model1,3pop,5,401,500,84,0.990344,0.969276
Model1,3pop,5,501,600,75,0.986407,0.964097
Model1,3pop,5,601,700,80,0.984659,0.983516
Model1,3pop,5,701,800,70,0.980966,0.965766
Model1,3pop,5,801,900,85,0.978523,0.94318
Model1,3pop,5,901,1000,79,0.98737,0.976755
Model1,3pop,4,1,100,77,0.975301,0.95919
Model1,3pop,4,101,200,77,0.967197,0.91933
Model1,3pop,4,201,300,80,0.964119,0.930448
Model1,3pop,4,301,400,73,0.965914,0.942403
Model1,3pop,4,401,500,83,0.954094,0.928583
Model1,3pop,4,501,600,81,0.972939,0.940582
Model1,3pop,4,601,700,81,0.980077,0.938453
Model1,3pop,4,701,800,80,0.975178,0.975796
Model1,3pop,4,801,900,79,0.9698,0.945303
Model1,3pop,4,901,1000,77,0.969928,0.941294
Model1,3pop,16,1,100,85,0.972016,0.944864
Model1,3pop,16,101,200,80,0.983412,0.984869
Model1,3pop,16,201,300,81,0.964187,0.948617
Model1,3pop,16,301,400,78,0.968506,0.943024
Model1,3pop,16,401,500,80,0.980191,0.969555
Model1,3pop,16,501,600,78,0.966602,0.918621
Model1,3pop,16,601,700,77,0.960066,0.93324
Model1,3pop,16,701,800,77,0.966797,0.932484
Model1,3pop,16,801,900,71,0.974425,0.953717
Model1,3pop,16,901,1000,77,0.972668,0.933085
Model1,3pop,7,1,100,75,0.976783,0.947876
Model1,3pop,7,101,200,75,0.976644,0.935381
Model1,3pop,7,201,300,71,0.97933,0.981517
Model1,3pop,7,301,400,77,0.972419,0.942898
Model1,3pop,7,401,500,77,0.975715,0.952288
Model1,3pop,7,501,600,71,0.980311,0.947842
Model1,3pop,7,601,700,65,0.986795,0.97226
Model1,3pop,7,701,800,72,0.984446,0.974039
Model1,3pop,7,801,900,75,0.992426,0.968901
Model1,3pop,7,901,1000,68,0.966434,0.932886
Model1,3pop,9,1,100,68,0.980129,0.970048
Model1,3pop,9,101,200,73,0.97988,0.957556
Model1,3pop,9,201,300,76,0.979594,0.970965
Model1,3pop,9,301,400,73,0.970421,0.955835
Model1,3pop,9,401,500,77,0.991973,0.991466
Model1,3pop,9,501,600,77,0.984978,0.976651
Model1,3pop,9,601,700,82,0.984962,0.969466
Model1,3pop,9,701,800,78,0.987031,0.96872
Model1,3pop,9,801,900,74,0.987157,0.988176
Model1,3pop,9,901,1000,71,0.985006,0.9602
Model1,3pop,17,1,100,75,0.980558,0.95004
Model1,3pop,17,101,200,75,0.982949,0.982708
Model1,3pop,17,201,300,78,0.974953,0.939987
Model1,3pop,17,301,400,72,0.977656,0.959596
Model1,3pop,17,401,500,81,0.9756,0.949628
Model1,3pop,17,501,600,81,0.978613,0.969736
Model1,3pop,17,601,700,78,0.98645,0.986952
Model1,3pop,17,701,800,73,0.991784,0.991872
Model1,3pop,17,801,900,80,0.978552,0.968601
Model1,3pop,17,901,1000,79,0.952439,0.928035
Model1,3pop,18,1,100,75,0.967973,0.916858
Model1,3pop,18,101,200,77,0.964689,0.940305
Model1,3pop,18,201,300,83,0.980116,0.968613
Model1,3pop,18,301,400,82,0.985199,0.962915
Model1,3pop,18,401,500,79,0.976748,0.959133
Model1,3pop,18,501,600,81,0.954454,0.941245
Model1,3pop,18,601,700,77,0.975147,0.950742
Model1,3pop,18,701,800,73,0.985228,0.980523
Model1,3pop,18,801,900,81,0.973439,0.962031
Model1,3pop,18,901,1000,76,0.967152,0.939413
Model1,3pop,5,1,100,76,0.991481,0.991634
Model1,3pop,5,101,200,79,0.983472,0.965866
Model1,3pop,5,201,300,87,0.989297,0.960283
Model1,3pop,5,301,400,83,0.987046,0.949947
Model1,3pop,5,401,500,79,0.990299,0.978695
Model1,3pop,5,501,600,82,0.989233,0.98978
Model1,3pop,5,601,700,75,0.983586,0.930963
Model1,3pop,5,701,800,86,0.993641,0.971774
Model1,3pop,5,801,900,74,0.988069,0.963143
Model1,3pop,5,901,1000,77,0.986685,0.975698
Model1,3pop,18,1,100,83,0.948144,0.889757
Model1,3pop,18,101,200,88,0.945883,0.894728
Model1,3pop,18,201,300,75,0.939511,0.872257
Model1,3pop,18,301,400,77,0.961435,0.915326
Model1,3pop,18,401,500,80,0.95863,0.902119
Model1,3pop,18,501,600,80,0.956951,0.927714
Model1,3pop,18,601,700,77,0.958156,0.911883
Model1,3pop,18,701,800,79,0.947308,0.910161
Model1,3pop,18,801,900,76,0.947133,0.916347
Model1,3pop,18,901,1000,79,0.967131,0.935803
Model1,3pop,13,1,100,81,0.954144,0.921213
Model1,3pop,13,101,200,87,0.95937,0.959537
Model1,3pop,13,201,300,83,0.957667,0.947288
Model1,3pop,13,301,400,81,0.945748,0.907369
Model1,3pop,13,401,500,82,0.951983,0.901044
Model1,3pop,13,501,600,85,0.93547,0.889458
Model1,3pop,13,601,700,82,0.937496,0.90503
Model1,3pop,13,701,800,80,0.952041,0.927861
Model1,3pop,13,801,900,76,0.946106,0.889049
Model1,3pop,13,901,1000,75,0.965783,0.958663
Model1,3pop,2,1,100,79,0.9868,0.956121
Model1,3pop,2,101,200,78,0.979527,0.969945
Model1,3pop,2,201,300,85,0.979086,0.937006
Model1,3pop,2,301,400,77,0.982142,0.940163
Model1,3pop,2,401,500,77,0.985373,0.975743
Model1,3pop,2,501,600,75,0.982127,0.956059
Model1,3pop,2,601,700,73,0.990033,0.990468
Model1,3pop,2,701,800,72,0.981788,0.948615
Model1,3pop,2,801,900,75,0.983247,0.96637
Model1,3pop,2,901,1000,72,0.976728,0.96061
Model1,3pop,1,1,100,73,0.985721,0.983152
Model1,3pop,1,101,200,76,0.973463,0.928066
Model1,3pop,1,201,300,80,0.971787,0.963719
Model1,3pop,1,301,400,77,0.981297,0.946085
Model1,3pop,1,401,500,86,0.977745,0.955724
Model1,3pop,1,501,600,83,0.984373,0.965643
Model1,3pop,1,601,700,76,0.98094,0.971753
Model1,3pop,1,701,800,77,0.969791,0.95046
Model1,3pop,1,801,900,79,0.976559,0.967756
Model1,3pop,1,901,1000,81,0.97171,0.931934
Model1,3pop,13,1,100,78,0.939361,0.916679
Model1,3pop,13,101,200,78,0.921674,0.897354
Model1,3pop,13,201,300,78,0.929138,0.900119
Model1,3pop,13,301,400,81,0.931082,0.913271
Model1,3pop,13,401,500,80,0.921489,0.885694
Model1,3pop,13,501,600,82,0.919888,0.89161
Model1,3pop,13,601,700,80,0.914044,0.899529
Model1,3pop,13,701,800,79,0.922947,0.897673
Model1,3pop,13,801,900,86,0.918898,0.901925
Model1,3pop,13,901,1000,75,0.900128,0.852296
Model1,3pop,8,1,100,87,0.971946,0.95809
Model1,3pop,8,101,200,78,0.977763,0.973024
Model1,3pop,8,201,300,77,0.960932,0.924126
Model1,3pop,8,301,400,77,0.970753,0.971839
Model1,3pop,8,401,500,79,0.973447,0.93352
Model1,3pop,8,501,600,78,0.969423,0.940953
Model1,3pop,8,601,700,75,0.970089,0.948446
Model1,3pop,8,701,800,84,0.970756,0.946433
Model1,3pop,8,801,900,72,0.953418,0.914362
Model1,3pop,8,901,1000,71,0.945391,0.917858
Model1,3pop,15,1,100,76,0.921213,0.866735
Model1,3pop,15,101,200,82,0.926325,0.849156
Model1,3pop,15,201,300,81,0.943886,0.929783
Model1,3pop,15,301,400,78,0.958492,0.932774
Model1,3pop,15,401,500,83,0.961118,0.91327
Model1,3pop,15,501,600,80,0.926355,0.890827
Model1,3pop,15,601,700,73,0.942141,0.905196
Model1,3pop,15,701,800,71,0.948051,0.910968
Model1,3pop,15,801,900,79,0.966418,0.956064
Model1,3pop,15,901,1000,82,0.947232,0.918934
Model1,3pop,4,1,100,69,0.963127,0.925174
Model1,3pop,4,101,200,81,0.971679,0.951212
Model1,3pop,4,201,300,72,0.988163,0.974514
Model1,3pop,4,301,400,73,0.982265,0.970368
Model1,3pop,4,401,500,75,0.982272,0.977721
Model1,3pop,4,501,600,78,0.984348,0.968197
Model1,3pop,4,601,700,71,0.982332,0.953319
Model1,3pop,4,701,800,77,0.97962,0.944791
Model1,3pop,4,801,900,78,0.97483,0.963667
Model1,3pop,4,901,1000,75,0.982759,0.957261
Model1,3pop,7,1,100,76,0.949297,0.910611
Model1,3pop,7,101,200,84,0.975685,0.962579
Model1,3pop,7,201,300,76,0.973849,0.946096
Model1,3pop,7,301,400,68,0.954044,0.885023
Model1,3pop,7,401,500,80,0.976141,0.963698
Model1,3pop,7,501,600,75,0.971758,0.94367
Model1,3pop,7,601,700,75,0.967199,0.958723
Model1,3pop,7,701,800,77,0.975192,0.957806
Model1,3pop,7,801,900,73,0.971106,0.91879
Model1,3pop,7,901,1000,77,0.957374,0.937245
Model1,3pop,8,1,100,77,0.980737,0.961001
Model1,3pop,8,101,200,84,0.978838,0.975917
Model1,3pop,8,201,300,79,0.97134,0.964925
Model1,3pop,8,301,400,76,0.973062,0.961838
Model1,3pop,8,401,500,77,0.987164,0.986625
Model1,3pop,8,501,600,81,0.990098,0.970296
Model1,3pop,8,601,700,83,0.97251,0.952063
Model1,3pop,8,701,800,77,0.989052,0.969621
Model1,3pop,8,801,900,78,0.973876,0.946869
Model1,3pop,8,901,1000,79,0.986224,0.964343
Model1,3pop,4,1,100,75,0.972965,0.971974
Model1,3pop,4,101,200,77,0.951568,0.911785
Model1,3pop,4,201,300,79,0.970503,0.928255
Model1,3pop,4,301,400,78,0.965743,0.922879
Model1,3pop,4,401,500,77,0.961806,0.959552
Model1,3pop,4,501,600,75,0.930296,0.890065
Model1,3pop,4,601,700,77,0.986434,0.987224
Model1,3pop,4,701,800,80,0.963906,0.935366
Model1,3pop,4,801,900,85,0.974126,0.96739
Model1,3pop,4,901,1000,74,0.93441,0.877678
Model1,3pop,7,1,100,80,0.983215,0.972472
Model1,3pop,7,101,200,78,0.980079,0.97302
Model1,3pop,7,201,300,73,0.971929,0.933257
Model1,3pop,7,301,400,71,0.977328,0.909107
Model1,3pop,7,401,500,81,0.987723,0.987758
Model1,3pop,7,501,600,74,0.969067,0.946391
Model1,3pop,7,601,700,75,0.98344,0.971754
Model1,3pop,7,701,800,78,0.977586,0.930877
Model1,3pop,7,801,900,85,0.985477,0.983868
Model1,3pop,7,901,1000,77,0.954966,0.910271
Model1,3pop,1,1,100,64,0.952091,0.904515
Model1,3pop,1,101,200,78,0.960004,0.955379
Model1,3pop,1,201,300,76,0.962599,0.93446
Model1,3pop,1,301,400,79,0.958545,0.944648
Model1,3pop,1,401,500,84,0.957623,0.896128
Model1,3pop,1,501,600,72,0.943641,0.914567
Model1,3pop,1,601,700,75,0.955364,0.931948
Model1,3pop,1,701,800,73,0.969355,0.940545
Model1,3pop,1,801,900,73,0.960482,0.904478
Model1,3pop,1,901,1000,72,0.978873,0.969334
Model1,3pop,19,1,100,79,0.971818,0.953494
Model1,3pop,19,101,200,68,0.976419,0.928386
Model1,3pop,19,201,300,68,0.980156,0.959041
Model1,3pop,19,301,400,71,0.958805,0.934999
Model1,3pop,19,401,500,72,0.97589,0.957283
Model1,3pop,19,501,600,75,0.961287,0.929329
Model1,3pop,19,601,700,77,0.97308,0.963561
Model1,3pop,19,701,800,85,0.977905,0.948591
Model1,3pop,19,801,900,75,0.96693,0.945167
Model1,3pop,19,901,1000,79,0.973857,0.966886
Model1,3pop,4,1,100,73,0.954445,0.935053
Model1,3pop,4,101,200,89,0.981079,0.952001
Model1,3pop,4,201,300,70,0.976566,0.970355
Model1,3pop,4,301,400,68,0.964923,0.938028
Model1,3pop,4,401,500,79,0.965077,0.941583
Model1,3pop,4,501,600,79,0.985409,0.970336
Model1,3pop,4,601,700,76,0.979385,0.960127
Model1,3pop,4,701,800,73,0.951123,0.896849
Model1,3pop,4,801,900,81,0.963521,0.922608
Model1,3pop,4,901,1000,83,0.965999,0.935797
Model1,3pop,3,1,100,78,0.954195,0.931826
Model1,3pop,3,101,200,78,0.954522,0.913198
Model1,3pop,3,201,300,81,0.934235,0.888149
Model1,3pop,3,301,400,77,0.957423,0.888555
Model1,3pop,3,401,500,77,0.93486,0.924838
Model1,3pop,3,501,600,82,0.941509,0.913145
Model1,3pop,3,601,700,81,0.942661,0.942971
Model1,3pop,3,701,800,77,0.958676,0.928801
Model1,3pop,3,801,900,80,0.976626,0.976261
Model1,3pop,3,901,1000,79,0.98144,0.946539
Model1,3pop,13,1,100,77,0.927733,0.909706
Model1,3pop,13,101,200,80,0.952067,0.946488
Model1,3pop,13,201,300,77,0.986478,0.988021
Model1,3pop,13,301,400,81,0.957878,0.958151
Model1,3pop,13,401,500,83,0.971877,0.970299
Model1,3pop,13,501,600,75,0.981058,0.981517
Model1,3pop,13,601,700,74,0.960487,0.961474
Model1,3pop,13,701,800,76,0.970244,0.968734
Model1,3pop,13,801,900,77,0.98136,0.965452
Model1,3pop,13,901,1000,77,0.967333,0.96973
Model1,3pop,12,1,100,76,0.963112,0.915111
Model1,3pop,12,101,200,81,0.978569,0.954787
Model1,3pop,12,201,300,82,0.968671,0.938391
Model1,3pop,12,301,400,78,0.969173,0.959381
Model1,3pop,12,401,500,76,0.973187,0.929948
Model1,3pop,12,501,600,78,0.950363,0.945783
Model1,3pop,12,601,700,79,0.963018,0.931126
Model1,3pop,12,701,800,86,0.981721,0.976931
Model1,3pop,12,801,900,81,0.972577,0.95473
Model1,3pop,12,901,1000,73,0.976765,0.91075
Model1,3pop,5,1,100,74,0.968963,0.943096
Model1,3pop,5,101,200,79,0.976546,0.937818
Model1,3pop,5,201,300,74,0.965449,0.942078
Model1,3pop,5,301,400,78,0.991319,0.979698
Model1,3pop,5,401,500,77,0.972578,0.956697
Model1,3pop,5,501,600,77,0.979054,0.955413
Model1,3pop,5,601,700,72,0.974819,0.956346
Model1,3pop,5,701,800,75,0.983055,0.980223
Model1,3pop,5,801,900,76,0.970719,0.960629
Model1,3pop,5,901,1000,82,0.978874,0.979233
Model1,3pop,14,1,100,79,0.977626,0.978424
Model1,3pop,14,101,200,73,0.971379,0.948656
Model1,3pop,14,201,300,76,0.980404,0.982272
Model1,3pop,14,301,400,76,0.978653,0.946708
Model1,3pop,14,401,500,67,0.982548,0.972983
Model1,3pop,14,501,600,69,0.980427,0.969144
Model1,3pop,14,601,700,81,0.982082,0.975254
Model1,3pop,14,701,800,74,0.984977,0.957768
Model1,3pop,14,801,900,79,0.983643,0.981116
Model1,3pop,14,901,1000,74,0.983316,0.982966
Model1,3pop,10,1,100,78,0.981257,0.969845
Model1,3pop,10,101,200,79,0.967261,0.952706
Model1,3pop,10,201,300,79,0.97446,0.963828
Model1,3pop,10,301,400,78,0.985661,0.975632
Model1,3pop,10,401,500,82,0.974413,0.941222
Model1,3pop,10,501,600,75,0.978273,0.946507
Model1,3pop,10,601,700,79,0.983435,0.973938
Model1,3pop,10,701,800,76,0.975668,0.967217
Model1,3pop,10,801,900,76,0.979887,0.969424
Model1,3pop,10,901,1000,67,0.983583,0.963956
Model1,3pop,14,1,100,72,0.969543,0.939814
Model1,3pop,14,101,200,80,0.987435,0.952758
Model1,3pop,14,201,300,78,0.970601,0.952923
Model1,3pop,14,301,400,74,0.954038,0.926525
Model1,3pop,14,401,500,72,0.95093,0.924055
Model1,3pop,14,501,600,78,0.942526,0.905178
Model1,3pop,14,601,700,91,0.975655,0.967595
Model1,3pop,14,701,800,74,0.971648,0.960714
Model1,3pop,14,801,900,74,0.986307,0.986025
Model1,3pop,14,901,1000,72,0.971597,0.942078
Model1,3pop,9,1,100,81,0.965149,0.958196
Model1,3pop,9,101,200,76,0.981708,0.981509
Model1,3pop,9,201,300,72,0.993379,0.985419
Model1,3pop,9,301,400,73,0.985587,0.985912
Model1,3pop,9,401,500,77,0.985112,0.982219
Model1,3pop,9,501,600,72,0.985634,0.96163
Model1,3pop,9,601,700,76,0.982819,0.958224
Model1,3pop,9,701,800,76,0.975857,0.961251
Model1,3pop,9,801,900,80,0.983722,0.97873
Model1,3pop,9,901,1000,79,0.985018,0.937469
Model1,3pop,6,1,100,70,0.983933,0.95801
Model1,3pop,6,101,200,75,0.978101,0.957688
Model1,3pop,6,201,300,75,0.982249,0.962571
Model1,3pop,6,301,400,76,0.977142,0.942172
Model1,3pop,6,401,500,70,0.98324,0.93036
Model1,3pop,6,501,600,82,0.966129,0.92501
Model1,3pop,6,601,700,75,0.969259,0.934136
Model1,3pop,6,701,800,79,0.958481,0.879696
Model1,3pop,6,801,900,75,0.978655,0.973696
Model1,3pop,6,901,1000,70,0.96487,0.95083
Model1,3pop,10,1,100,79,0.977505,0.935756
Model1,3pop,10,101,200,73,0.958314,0.927292
Model1,3pop,10,201,300,76,0.969238,0.947578
Model1,3pop,10,301,400,85,0.963898,0.915044
Model1,3pop,10,401,500,68,0.969861,0.957069
Model1,3pop,10,501,600,78,0.959855,0.907879
Model1,3pop,10,601,700,86,0.965727,0.936565
Model1,3pop,10,701,800,77,0.966104,0.931462
Model1,3pop,10,801,900,74,0.966419,0.935093
Model1,3pop,10,901,1000,77,0.952271,0.923584
Model1,3pop,6,1,100,73,0.970349,0.970739
Model1,3pop,6,101,200,76,0.969056,0.945832
Model1,3pop,6,201,300,74,0.974983,0.94928
Model1,3pop,6,301,400,80,0.983481,0.97101
Model1,3pop,6,401,500,82,0.95888,0.918686
Model1,3pop,6,501,600,81,0.984713,0.974941
Model1,3pop,6,601,700,81,0.972109,0.972102
Model1,3pop,6,701,800,74,0.972775,0.967334
Model1,3pop,6,801,900,79,0.984134,0.968055
Model1,3pop,6,901,1000,83,0.979416,0.965764
Model1,3pop,19,1,100,76,0.99372,0.994044
Model1,3pop,19,101,200,74,0.992091,0.979352
Model1,3pop,19,201,300,76,0.993424,0.962862
Model1,3pop,19,301,400,77,0.985233,0.956626
Model1,3pop,19,401,500,81,0.98979,0.978766
Model1,3pop,19,501,600,84,0.994852,0.984786
Model1,3pop,19,601,700,81,0.991616,0.990684
Model1,3pop,19,701,800,74,0.992494,0.983769
Model1,3pop,19,801,900,75,0.983519,0.960637
Model1,3pop,19,901,1000,80,0.995723,0.98589
Model1,3pop,15,1,100,73,0.977115,0.970137
Model1,3pop,15,101,200,74,0.993261,0.993555
Model1,3pop,15,201,300,82,0.98005,0.969141
Model1,3pop,15,301,400,76,0.98038,0.973148
Model1,3pop,15,401,500,81,0.968768,0.951209
Model1,3pop,15,501,600,76,0.992053,0.9924
Model1,3pop,15,601,700,78,0.981878,0.97335
Model1,3pop,15,701,800,70,0.978072,0.958294
Model1,3pop,15,801,900,83,0.972352,0.936934
Model1,3pop,15,901,1000,77,0.975907,0.925253
Model1,3pop,18,1,100,72,0.973701,0.967633
Model1,3pop,18,101,200,83,0.976972,0.979286
Model1,3pop,18,201,300,83,0.943253,0.938293
Model1,3pop,18,301,400,82,0.953903,0.918894
Model1,3pop,18,401,500,78,0.951583,0.907027
Model1,3pop,18,501,600,73,0.955628,0.954661
Model1,3pop,18,601,700,80,0.93268,0.904078
Model1,3pop,18,701,800,85,0.978919,0.958545
Model1,3pop,18,801,900,75,0.955275,0.943871
Model1,3pop,18,901,1000,73,0.949858,0.925858
Model1,3pop,4,1,100,73,0.962566,0.952818
Model1,3pop,4,101,200,85,0.956209,0.934487
Model1,3pop,4,201,300,78,0.987591,0.988262
Model1,3pop,4,301,400,87,0.960749,0.895727
Model1,3pop,4,401,500,80,0.970859,0.942925
Model1,3pop,4,501,600,81,0.962518,0.936148
Model1,3pop,4,601,700,74,0.965389,0.875353
Model1,3pop,4,701,800,74,0.981228,0.95065
Model1,3pop,4,801,900,79,0.956227,0.881851
Model1,3pop,4,901,1000,77,0.941259,0.893425
Model1,3pop,8,1,100,81,0.967265,0.94294
Model1,3pop,8,101,200,68,0.951398,0.939341
Model1,3pop,8,201,300,76,0.978831,0.943002
Model1,3pop,8,301,400,77,0.963059,0.93947
Model1,3pop,8,401,500,83,0.959566,0.904547
Model1,3pop,8,501,600,81,0.955534,0.936517
Model1,3pop,8,601,700,77,0.961438,0.928468
Model1,3pop,8,701,800,80,0.975713,0.941228
Model1,3pop,8,801,900,76,0.961023,0.950222
Model1,3pop,8,901,1000,81,0.961477,0.925293
Model1,3pop,16,1,100,77,0.951023,0.885226
Model1,3pop,16,101,200,79,0.979559,0.945859
Model1,3pop,16,201,300,80,0.961108,0.955605
Model1,3pop,16,301,400,83,0.972958,0.92899
Model1,3pop,16,401,500,79,0.957406,0.942456
Model1,3pop,16,501,600,83,0.965878,0.929351
Model1,3pop,16,601,700,77,0.971663,0.95676
Model1,3pop,16,701,800,81,0.95976,0.939616
Model1,3pop,16,801,900,84,0.964289,0.949355
Model1,3pop,16,901,1000,85,0.964125,0.951444
Model1,3pop,16,1,100,85,0.938147,0.903482
Model1,3pop,16,101,200,80,0.941959,0.917653
Model1,3pop,16,201,300,78,0.967759,0.949894
Model1,3pop,16,301,400,85,0.934572,0.897958
Model1,3pop,16,401,500,81,0.977334,0.949619
Model1,3pop,16,501,600,89,0.936888,0.877589
Model1,3pop,16,601,700,81,0.946181,0.915608
Model1,3pop,16,701,800,76,0.955462,0.92627
Model1,3pop,16,801,900,84,0.951752,0.931647
Model1,3pop,16,901,1000,78,0.939793,0.904883
Model1,3pop,14,1,100,78,0.986807,0.984395
Model1,3pop,14,101,200,77,0.97962,0.958919
Model1,3pop,14,201,300,65,0.988574,0.962478
Model1,3pop,14,301,400,71,0.986548,0.987537
Model1,3pop,14,401,500,79,0.988066,0.965373
Model1,3pop,14,501,600,73,0.986838,0.975852
Model1,3pop,14,601,700,71,0.986114,0.984446
Model1,3pop,14,701,800,86,0.98561,0.964365
Model1,3pop,14,801,900,77,0.996747,0.972208
Model1,3pop,14,901,1000,79,0.983451,0.953712
Model1,3pop,11,1,100,79,0.958315,0.937141
Model1,3pop,11,101,200,77,0.950483,0.944592
Model1,3pop,11,201,300,78,0.961733,0.938418
Model1,3pop,11,301,400,82,0.964172,0.938392
Model1,3pop,11,401,500,79,0.965103,0.934377
Model1,3pop,11,501,600,77,0.969372,0.939422
Model1,3pop,11,601,700,77,0.952457,0.938356
Model1,3pop,11,701,800,77,0.971084,0.965521
Model1,3pop,11,801,900,75,0.959966,0.918661
Model1,3pop,11,901,1000,82,0.965998,0.949146
Model1,3pop,5,1,100,80,0.949482,0.923877
Model1,3pop,5,101,200,77,0.961108,0.948863
Model1,3pop,5,201,300,74,0.897784,0.884082
Model1,3pop,5,301,400,77,0.955686,0.938357
Model1,3pop,5,401,500,84,0.958806,0.92692
Model1,3pop,5,501,600,76,0.948641,0.916622
Model1,3pop,5,601,700,78,0.952088,0.940708
Model1,3pop,5,701,800,74,0.939687,0.92121
Model1,3pop,5,801,900,82,0.957289,0.941659
Model1,3pop,5,901,1000,74,0.923112,0.890641
Model1,3pop,4,1,100,72,0.962243,0.949955
Model1,3pop,4,101,200,76,0.973821,0.972917
Model1,3pop,4,201,300,78,0.970489,0.927434
Model1,3pop,4,301,400,77,0.969408,0.958925
Model1,3pop,4,401,500,73,0.944234,0.914569
Model1,3pop,4,501,600,81,0.976673,0.943147
Model1,3pop,4,601,700,81,0.965611,0.955559
Model1,3pop,4,701,800,81,0.949099,0.898363
Model1,3pop,4,801,900,68,0.964809,0.931019
Model1,3pop,4,901,1000,75,0.981551,0.969999
Model1,3pop,13,1,100,82,0.953102,0.935555
Model1,3pop,13,101,200,77,0.961871,0.941414
Model1,3pop,13,201,300,87,0.973881,0.966129
Model1,3pop,13,301,400,73,0.962875,0.943609
Model1,3pop,13,401,500,77,0.969674,0.952678
Model1,3pop,13,501,600,76,0.958802,0.95449
Model1,3pop,13,601,700,77,0.947839,0.914148
Model1,3pop,13,701,800,81,0.950889,0.924675
Model1,3pop,13,801,900,81,0.960686,0.956556
Model1,3pop,13,901,1000,70,0.974094,0.972901
Model1,3pop,1,1,100,84,0.950938,0.921392
Model1,3pop,1,101,200,81,0.956671,0.921015
Model1,3pop,1,201,300,72,0.957204,0.948714
Model1,3pop,1,301,400,81,0.941381,0.923476
Model1,3pop,1,401,500,78,0.948942,0.915889
Model1,3pop,1,501,600,81,0.945668,0.92572
Model1,3pop,1,601,700,84,0.973819,0.959706
Model1,3pop,1,701,800,75,0.975091,0.973525
Model1,3pop,1,801,900,76,0.965935,0.939151
Model1,3pop,1,901,1000,86,0.965999,0.944219
Model1,3pop,15,1,100,72,0.984757,0.982527
Model1,3pop,15,101,200,76,0.98824,0.967125
Model1,3pop,15,201,300,74,0.988822,0.968025
Model1,3pop,15,301,400,72,0.977075,0.95251
Model1,3pop,15,401,500,77,0.991178,0.979134
Model1,3pop,15,501,600,76,0.982623,0.948048
Model1,3pop,15,601,700,78,0.982027,0.978513
Model1,3pop,15,701,800,76,0.982024,0.965564
Model1,3pop,15,801,900,71,0.990668,0.980263
Model1,3pop,15,901,1000,83,0.997658,0.997672
Model1,3pop,18,1,100,75,0.970738,0.945098
Model1,3pop,18,101,200,82,0.966342,0.94787
Model1,3pop,18,201,300,81,0.993598,0.958609
Model1,3pop,18,301,400,73,0.978902,0.962297
Model1,3pop,18,401,500,72,0.983402,0.967349
Model1,3pop,18,501,600,79,0.981265,0.961393
Model1,3pop,18,601,700,84,0.969013,0.947022
Model1,3pop,18,701,800,74,0.984785,0.974152
Model1,3pop,18,801,900,77,0.975089,0.957841
Model1,3pop,18,901,1000,72,0.976465,0.941312
Model1,3pop,1,1,100,73,0.97907,0.95226
Model1,3pop,1,101,200,83,0.984066,0.926179
Model1,3pop,1,201,300,73,0.980262,0.969381
Model1,3pop,1,301,400,79,0.99045,0.979087
Model1,3pop,1,401,500,75,0.981256,0.959718
Model1,3pop,1,501,600,80,0.977673,0.970834
Model1,3pop,1,601,700,77,0.972372,0.941487
Model1,3pop,1,701,800,77,0.981944,0.947267
Model1,3pop,1,801,900,74,0.971602,0.961464
Model1,3pop,1,901,1000,76,0.974831,0.939224
