CHROM,BIN_START,BIN_END,N_VARIANTS,PI
1,1,100,14,0.0379379
1,101,200,10,0.021209
1,201,300,11,0.0112938
1,301,400,13,0.0293333
1,401,500,12,0.0313955
1,501,600,11,0.0320904
1,601,700,17,0.0385254
1,701,800,13,0.0278927
1,801,900,13,0.0252768
1,901,1000,8,0.0277514
3,1,100,12,0.024678
3,101,200,6,0.0153672
3,201,300,10,0.0146158
3,301,400,7,0.0135593
3,401,500,14,0.0193333
3,501,600,13,0.0251582
3,601,700,9,0.015226
3,701,800,10,0.0189096
3,801,900,13,0.0245085
3,901,1000,5,0.0126158
19,1,100,9,0.0265537
19,101,200,14,0.0378531
19,201,300,16,0.0580904
19,301,400,16,0.0431525
19,401,500,12,0.0317062
19,501,600,7,0.0134915
19,601,700,11,0.0315028
19,701,800,13,0.0334972
19,801,900,14,0.0391977
19,901,1000,15,0.0512881
13,1,100,10,0.0147966
13,101,200,8,0.0102147
13,201,300,7,0.0122938
13,301,400,5,0.00348588
13,401,500,7,0.0199661
13,501,600,5,0.0130791
13,601,700,9,0.0226667
13,701,800,7,0.0138079
13,801,900,6,0.0120791
13,901,1000,4,0.00769492
14,1,100,14,0.0532147
14,101,200,18,0.0520847
14,201,300,18,0.0384237
14,301,400,13,0.0323164
14,401,500,18,0.0526949
14,501,600,13,0.0420734
14,601,700,23,0.0733785
14,701,800,10,0.0352712
14,801,900,11,0.0328757
14,901,1000,19,0.050774
16,1,100,16,0.0229548
16,101,200,4,0.00437288
16,201,300,11,0.0144802
16,301,400,16,0.0256215
16,401,500,3,0.00452542
16,501,600,3,0.00588701
16,601,700,11,0.0104463
16,701,800,11,0.0135254
16,801,900,5,0.00881356
16,901,1000,12,0.0177853
17,1,100,8,0.0158983
17,101,200,8,0.0102655
17,201,300,14,0.0143446
17,301,400,11,0.0137797
17,401,500,13,0.0137853
17,501,600,19,0.0174859
17,601,700,10,0.0200282
17,701,800,13,0.0120113
17,801,900,14,0.0243785
17,901,1000,7,0.00548588
11,1,100,14,0.0448305
11,101,200,9,0.0342486
11,201,300,14,0.0330791
11,301,400,4,0.0160678
11,401,500,19,0.0558644
11,501,600,16,0.0499209
11,601,700,11,0.0408701
11,701,800,16,0.058226
11,801,900,12,0.0368249
11,901,1000,11,0.0344181
19,1,100,16,0.0455311
19,101,200,19,0.0627684
19,201,300,21,0.0742825
19,301,400,15,0.0451695
19,401,500,18,0.0551582
19,501,600,18,0.0610847
19,601,700,9,0.0275819
19,701,800,13,0.0350113
19,801,900,12,0.0389887
19,901,1000,15,0.0504237
8,1,100,7,0.00677401
8,101,200,13,0.0256441
8,201,300,5,0.00617514
8,301,400,8,0.0127345
8,401,500,14,0.0259605
8,501,600,11,0.0237345
8,601,700,13,0.0188757
8,701,800,13,0.00706215
8,801,900,10,0.0177175
8,901,1000,13,0.027435
7,1,100,10,0.012226
7,101,200,12,0.0126384
7,201,300,14,0.0286384
7,301,400,20,0.0271864
7,401,500,20,0.0306554
7,501,600,20,0.0332034
7,601,700,17,0.0294407
7,701,800,20,0.0409944
7,801,900,13,0.0264746
7,901,1000,14,0.0211582
1,1,100,16,0.0387571
1,101,200,9,0.0288475
1,201,300,17,0.0355367
1,301,400,17,0.0395763
1,401,500,12,0.0247175
1,501,600,14,0.0346384
1,601,700,12,0.0355876
1,701,800,13,0.0355932
1,801,900,16,0.0339435
1,901,1000,9,0.0216836
18,1,100,22,0.0289153
18,101,200,11,0.0244237
18,201,300,15,0.0205424
18,301,400,17,0.0266045
18,401,500,17,0.0289096
18,501,600,21,0.0413333
18,601,700,15,0.0168927
18,701,800,20,0.0384972
18,801,900,17,0.0200282
18,901,1000,18,0.0264294
14,1,100,15,0.0153785
14,101,200,18,0.038774
14,201,300,10,0.0123559
14,301,400,15,0.0164011
14,401,500,15,0.0164802
14,501,600,18,0.0201412
14,601,700,12,0.0115763
14,701,800,20,0.026226
14,801,900,17,0.021678
14,901,1000,16,0.0193785
8,1,100,13,0.0222542
8,101,200,14,0.0148757
8,201,300,15,0.019226
8,301,400,17,0.0344068
8,401,500,18,0.0305876
8,501,600,15,0.0376271
8,601,700,18,0.0349435
8,701,800,14,0.0212203
8,801,900,21,0.0371243
8,901,1000,18,0.0314859
18,1,100,10,0.0244689
18,101,200,9,0.0227345
18,201,300,11,0.0285141
18,301,400,10,0.0280791
18,401,500,10,0.029452
18,501,600,8,0.0183051
18,601,700,12,0.0183955
18,701,800,16,0.0493333
18,801,900,10,0.0248983
18,901,1000,10,0.0264068
5,1,100,15,0.0297684
5,101,200,19,0.0389379
5,201,300,16,0.0230508
5,301,400,15,0.0359774
5,401,500,15,0.0445085
5,501,600,14,0.0337062
5,601,700,11,0.0211356
5,701,800,11,0.0243672
5,801,900,14,0.0204746
5,901,1000,16,0.0243277
17,1,100,9,0.0195141
17,101,200,17,0.0244972
17,201,300,14,0.0232034
17,301,400,9,0.025226
17,401,500,15,0.0303446
17,501,600,7,0.0115085
17,601,700,14,0.0356893
17,701,800,9,0.0165989
17,801,900,14,0.0390678
17,901,1000,12,0.0272034
13,1,100,21,0.079678
13,101,200,18,0.0625537
13,201,300,18,0.0479661
13,301,400,11,0.0464576
13,401,500,19,0.0755876
13,501,600,16,0.0718983
13,601,700,19,0.0573051
13,701,800,12,0.0360113
13,801,900,16,0.0572316
13,901,1000,15,0.052
9,1,100,10,0.0105198
9,101,200,10,0.0149492
9,201,300,10,0.00787006
9,301,400,7,0.00984746
9,401,500,10,0.00876271
9,501,600,7,0.00725424
9,601,700,7,0.00750282
9,701,800,10,0.0123559
9,801,900,10,0.0121186
9,901,1000,6,0.010452
5,1,100,15,0.0358136
5,101,200,14,0.0255424
5,201,300,12,0.0302034
5,301,400,15,0.0298079
5,401,500,12,0.0177401
5,501,600,10,0.0224802
5,601,700,21,0.0420395
5,701,800,17,0.0253785
5,801,900,17,0.0417401
5,901,1000,15,0.0382316
3,1,100,13,0.0193898
3,101,200,10,0.0111582
3,201,300,6,0.0039096
3,301,400,9,0.0130904
3,401,500,15,0.0256836
3,501,600,10,0.0223785
3,601,700,7,0.00662712
3,701,800,10,0.0101243
3,801,900,15,0.0274802
3,901,1000,11,0.0123616
19,1,100,10,0.0251356
19,101,200,20,0.0420282
19,201,300,20,0.0447288
19,301,400,17,0.0546045
19,401,500,18,0.0467684
19,501,600,19,0.0428362
19,601,700,13,0.0340565
19,701,800,23,0.0523333
19,801,900,21,0.036322
19,901,1000,14,0.0296384
17,1,100,10,0.0239153
17,101,200,15,0.0357514
17,201,300,7,0.0130904
17,301,400,3,0.00810169
17,401,500,11,0.0272938
17,501,600,11,0.022435
17,601,700,7,0.0090339
17,701,800,16,0.0290395
17,801,900,7,0.0212542
17,901,1000,13,0.0310169
0,1,100,9,0.0160621
0,101,200,10,0.0117966
0,201,300,9,0.0118079
0,301,400,13,0.0256949
0,401,500,8,0.0131525
0,501,600,11,0.0185537
0,601,700,12,0.0172599
0,701,800,13,0.0205876
0,801,900,13,0.0191017
0,901,1000,11,0.0149944
15,1,100,16,0.0397345
15,101,200,13,0.0289322
15,201,300,14,0.0317684
15,301,400,16,0.0365141
15,401,500,20,0.0432147
15,501,600,12,0.0331638
15,601,700,10,0.0195819
15,701,800,15,0.024226
15,801,900,13,0.028
15,901,1000,11,0.0301299
2,1,100,17,0.0364294
2,101,200,11,0.0217119
2,201,300,16,0.0262994
2,301,400,14,0.0261243
2,401,500,18,0.0451073
2,501,600,14,0.0278249
2,601,700,13,0.0216554
2,701,800,12,0.0293107
2,801,900,13,0.026904
2,901,1000,9,0.0156949
1,1,100,10,0.015904
1,101,200,10,0.0153164
1,201,300,13,0.0151638
1,301,400,12,0.0259266
1,401,500,10,0.0183842
1,501,600,9,0.015339
1,601,700,11,0.0255989
1,701,800,4,0.0103107
1,801,900,13,0.0311921
1,901,1000,7,0.00629944
19,1,100,12,0.0276554
19,101,200,17,0.0311073
19,201,300,9,0.0148531
19,301,400,14,0.018
19,401,500,8,0.0146554
19,501,600,11,0.0199887
19,601,700,15,0.0187062
19,701,800,15,0.0343616
19,801,900,9,0.0121808
19,901,1000,10,0.0166271
4,1,100,8,0.0177006
4,101,200,11,0.0148475
4,201,300,10,0.0169548
4,301,400,7,0.0118927
4,401,500,14,0.0258475
4,501,600,13,0.0187966
4,601,700,9,0.0144068
4,701,800,20,0.0388644
4,801,900,11,0.0155028
4,901,1000,12,0.0195141
1,1,100,14,0.0438927
1,101,200,16,0.0449435
1,201,300,17,0.0384181
1,301,400,8,0.0186893
1,401,500,16,0.0427119
1,501,600,20,0.0550904
1,601,700,16,0.0388927
1,701,800,11,0.0184859
1,801,900,17,0.0436384
1,901,1000,13,0.0257853
17,1,100,12,0.016904
17,101,200,14,0.0237514
17,201,300,15,0.0219096
17,301,400,15,0.0255706
17,401,500,17,0.0343955
17,501,600,9,0.0161695
17,601,700,13,0.0199548
17,701,800,9,0.0201186
17,801,900,17,0.0343672
17,901,1000,15,0.030339
8,1,100,24,0.0984859
8,101,200,25,0.0784972
8,201,300,23,0.0859379
8,301,400,21,0.0773842
8,401,500,27,0.106102
8,501,600,32,0.11713
8,601,700,24,0.0854124
8,701,800,27,0.104401
8,801,900,29,0.103282
8,901,1000,19,0.0755763
18,1,100,22,0.0660734
18,101,200,21,0.0681356
18,201,300,31,0.127599
18,301,400,20,0.0756158
18,401,500,21,0.0625254
18,501,600,34,0.130288
18,601,700,22,0.0749153
18,701,800,24,0.0900339
18,801,900,24,0.0765537
18,901,1000,21,0.0721808
11,1,100,15,0.0181073
11,101,200,12,0.0340847
11,201,300,13,0.0275706
11,301,400,10,0.0250508
11,401,500,9,0.019322
11,501,600,15,0.0234915
11,601,700,13,0.0236271
11,701,800,12,0.0293277
11,801,900,15,0.0284407
11,901,1000,10,0.0206893
3,1,100,20,0.0536271
3,101,200,13,0.0314237
3,201,300,19,0.0725367
3,301,400,15,0.0380734
3,401,500,19,0.0652938
3,501,600,17,0.0594181
3,601,700,15,0.0450113
3,701,800,16,0.0567458
3,801,900,16,0.0528983
3,901,1000,18,0.043661
10,1,100,11,0.0156271
10,101,200,15,0.0308644
10,201,300,13,0.0400678
10,301,400,18,0.0449548
10,401,500,14,0.0318475
10,501,600,17,0.0281582
10,601,700,12,0.0203616
10,701,800,20,0.0329322
10,801,900,17,0.0465311
10,901,1000,21,0.0444237
12,1,100,15,0.0419322
12,101,200,9,0.0181469
12,201,300,6,0.0106893
12,301,400,12,0.0264463
12,401,500,15,0.0327571
12,501,600,14,0.0223051
12,601,700,13,0.029452
12,701,800,15,0.0438983
12,801,900,12,0.0355989
12,901,1000,18,0.0514237
18,1,100,8,0.00517514
18,101,200,12,0.00714689
18,201,300,10,0.0120621
18,301,400,5,0.00479096
18,401,500,6,0.00497175
18,501,600,8,0.00864407
18,601,700,7,0.010565
18,701,800,5,0.00536158
18,801,900,5,0.00356497
18,901,1000,5,0.00848023
14,1,100,19,0.0519944
14,101,200,27,0.0934407
14,201,300,21,0.0623164
14,301,400,17,0.0507797
14,401,500,20,0.0642203
14,501,600,14,0.0437966
14,601,700,23,0.0695085
14,701,800,34,0.108763
14,801,900,28,0.0860452
14,901,1000,22,0.0664746
18,1,100,27,0.0622825
18,101,200,15,0.0342373
18,201,300,18,0.0505367
18,301,400,33,0.081339
18,401,500,22,0.0539831
18,501,600,20,0.0485706
18,601,700,17,0.0358927
18,701,800,20,0.0486836
18,801,900,20,0.0464746
18,901,1000,15,0.0275706
11,1,100,18,0.0319209
11,101,200,28,0.0696554
11,201,300,22,0.0441299
11,301,400,21,0.047452
11,401,500,13,0.0232147
11,501,600,16,0.0243277
11,601,700,18,0.0367458
11,701,800,16,0.0367458
11,801,900,19,0.0335876
11,901,1000,20,0.0458701
13,1,100,16,0.0332655
13,101,200,17,0.0420339
13,201,300,17,0.0458418
13,301,400,14,0.0481864
13,401,500,20,0.050565
13,501,600,20,0.0582147
13,601,700,17,0.0578757
13,701,800,22,0.0568927
13,801,900,14,0.0320508
13,901,1000,13,0.0248475
12,1,100,12,0.0232373
12,101,200,13,0.0236949
12,201,300,10,0.0164181
12,301,400,7,0.0142938
12,401,500,10,0.026678
12,501,600,12,0.0253446
12,601,700,12,0.0256949
12,701,800,8,0.0123672
12,801,900,9,0.0165763
12,901,1000,8,0.0181864
6,1,100,5,0.00736723
6,101,200,9,0.0109266
6,201,300,14,0.0220395
6,301,400,13,0.0192147
6,401,500,11,0.0223842
6,501,600,7,0.0128701
6,601,700,6,0.00263277
6,701,800,8,0.0101808
6,801,900,6,0.00940113
6,901,1000,11,0.0169266
2,1,100,15,0.0317458
2,101,200,4,0.0102712
2,201,300,9,0.0139831
2,301,400,10,0.0166328
2,401,500,10,0.0262938
2,501,600,7,0.0137345
2,601,700,11,0.028678
2,701,800,9,0.0173842
2,801,900,14,0.0316441
2,901,1000,11,0.023548
10,1,100,10,0.0213842
10,101,200,7,0.0109661
10,201,300,15,0.0474068
10,301,400,17,0.0380508
10,401,500,15,0.0350395
10,501,600,17,0.0323503
10,601,700,19,0.0482825
10,701,800,15,0.0275367
10,801,900,11,0.0245989
10,901,1000,14,0.0359435
2,1,100,11,0.033113
2,101,200,12,0.0250621
2,201,300,9,0.0154068
2,301,400,7,0.0245706
2,401,500,12,0.0300791
2,501,600,12,0.0398249
2,601,700,17,0.0385593
2,701,800,18,0.0360847
2,801,900,13,0.023322
2,901,1000,13,0.0291638
16,1,100,14,0.0224972
16,101,200,10,0.015661
16,201,300,10,0.0140452
16,301,400,6,0.0166045
16,401,500,11,0.0117853
16,501,600,9,0.0120226
16,601,700,15,0.0212599
16,701,800,13,0.0240847
16,801,900,11,0.0107966
16,901,1000,11,0.0120904
0,1,100,11,0.0135989
0,101,200,10,0.0164124
0,201,300,11,0.0151751
0,301,400,5,0.00559322
0,401,500,7,0.009
0,501,600,15,0.0225424
0,601,700,11,0.0154407
0,701,800,14,0.0192542
0,801,900,10,0.018904
0,901,1000,6,0.00681356
18,1,100,12,0.0199209
18,101,200,9,0.0224181
18,201,300,14,0.0405876
18,301,400,11,0.0225141
18,401,500,9,0.014887
18,501,600,8,0.0126158
18,601,700,10,0.0261638
18,701,800,17,0.0357288
18,801,900,12,0.0305198
18,901,1000,15,0.031435
2,1,100,13,0.033322
2,101,200,11,0.0214068
2,201,300,19,0.0248192
2,301,400,14,0.0328475
2,401,500,13,0.0281751
2,501,600,13,0.0223503
2,601,700,7,0.0140113
2,701,800,10,0.0105819
2,801,900,14,0.0340282
2,901,1000,17,0.0219492
5,1,100,2,0.000666667
5,101,200,12,0.0132599
5,201,300,10,0.0188249
5,301,400,12,0.00932768
5,401,500,7,0.0115198
5,501,600,11,0.00966667
5,601,700,9,0.0161808
5,701,800,11,0.0120395
5,801,900,11,0.0183164
5,901,1000,10,0.0213107
19,1,100,13,0.0218701
19,101,200,13,0.0359435
19,201,300,13,0.0335085
19,301,400,11,0.0420339
19,401,500,14,0.0294124
19,501,600,16,0.0499887
19,601,700,13,0.034339
19,701,800,21,0.0638531
19,801,900,17,0.0420734
19,901,1000,10,0.0203503
13,1,100,12,0.0226949
13,101,200,7,0.00455367
13,201,300,13,0.0201356
13,301,400,14,0.0282655
13,401,500,14,0.0323672
13,501,600,10,0.0241356
13,601,700,6,0.00958757
13,701,800,6,0.0160678
13,801,900,12,0.0283842
13,901,1000,9,0.0199379
8,1,100,10,0.0130678
8,101,200,9,0.00761582
8,201,300,9,0.0132994
8,301,400,8,0.00887571
8,401,500,10,0.0167119
8,501,600,9,0.0131017
8,601,700,5,0.00342938
8,701,800,7,0.00874011
8,801,900,5,0.0099435
8,901,1000,9,0.0089774
9,1,100,15,0.0199379
9,101,200,19,0.025452
9,201,300,23,0.0253955
9,301,400,22,0.0331186
9,401,500,23,0.0329266
9,501,600,16,0.0169831
9,601,700,15,0.0226667
9,701,800,19,0.0288588
9,801,900,17,0.0231186
9,901,1000,20,0.0368418
19,1,100,18,0.0492203
19,101,200,13,0.0320452
19,201,300,11,0.0399718
19,301,400,10,0.037548
19,401,500,12,0.0355141
19,501,600,14,0.0430847
19,601,700,21,0.0646949
19,701,800,16,0.0518023
19,801,900,14,0.0443277
19,901,1000,20,0.0649096
18,1,100,10,0.0149944
18,101,200,16,0.0243333
18,201,300,23,0.0407571
18,301,400,15,0.0213333
18,401,500,15,0.0242429
18,501,600,7,0.0116723
18,601,700,13,0.0258136
18,701,800,8,0.00678531
18,801,900,11,0.0150847
18,901,1000,15,0.0219661
5,1,100,13,0.0559944
5,101,200,16,0.061
5,201,300,23,0.0754181
5,301,400,23,0.0859209
5,401,500,17,0.0461582
5,501,600,16,0.049661
5,601,700,15,0.05
5,701,800,23,0.063435
5,801,900,21,0.0563842
5,901,1000,13,0.0344124
16,1,100,18,0.0439774
16,101,200,16,0.0377175
16,201,300,11,0.0366893
16,301,400,12,0.0202203
16,401,500,15,0.0327232
16,501,600,12,0.0248927
16,601,700,14,0.0380565
16,701,800,13,0.0380508
16,801,900,12,0.0251977
16,901,1000,8,0.0246893
16,1,100,18,0.0453729
16,101,200,15,0.0549661
16,201,300,14,0.0403503
16,301,400,11,0.0374011
16,401,500,9,0.0316949
16,501,600,11,0.0259266
16,601,700,15,0.0444407
16,701,800,15,0.0486158
16,801,900,14,0.0532825
16,901,1000,8,0.023096
5,1,100,14,0.0266949
5,101,200,27,0.0544181
5,201,300,19,0.0659548
5,301,400,15,0.0318305
5,401,500,20,0.0404746
5,501,600,19,0.0334237
5,601,700,14,0.0345198
5,701,800,16,0.039565
5,801,900,15,0.041678
5,901,1000,18,0.0407062
13,1,100,10,0.0370339
13,101,200,16,0.0445989
13,201,300,10,0.025096
13,301,400,12,0.0187006
13,401,500,12,0.0372599
13,501,600,11,0.0291751
13,601,700,7,0.00727684
13,701,800,7,0.0174915
13,801,900,7,0.0216497
13,901,1000,13,0.0289209
3,1,100,18,0.0356158
3,101,200,16,0.0286893
3,201,300,14,0.0377797
3,301,400,11,0.0235876
3,401,500,20,0.0384633
3,501,600,13,0.025548
3,601,700,20,0.0543729
3,701,800,18,0.0397458
3,801,900,17,0.0368023
3,901,1000,21,0.0464237
7,1,100,12,0.0226949
7,101,200,7,0.00455367
7,201,300,13,0.0201356
7,301,400,14,0.0282655
7,401,500,14,0.0323672
7,501,600,10,0.0241356
7,601,700,6,0.00958757
7,701,800,6,0.0160678
7,801,900,12,0.0283842
7,901,1000,9,0.0199379
8,1,100,14,0.0370678
8,101,200,15,0.0364294
8,201,300,13,0.0257006
8,301,400,17,0.0351243
8,401,500,16,0.0227288
8,501,600,15,0.0351525
8,601,700,9,0.0188701
8,701,800,12,0.0289096
8,801,900,13,0.0355763
8,901,1000,18,0.0252034
19,1,100,20,0.041435
19,101,200,22,0.060113
19,201,300,13,0.0335085
19,301,400,20,0.0471695
19,401,500,20,0.0473559
19,501,600,16,0.0395706
19,601,700,22,0.0602881
19,701,800,17,0.0593559
19,801,900,19,0.0403333
19,901,1000,18,0.0482034
16,1,100,10,0.0192768
16,101,200,13,0.0430508
16,201,300,17,0.059339
16,301,400,14,0.031226
16,401,500,16,0.034791
16,501,600,9,0.035904
16,601,700,15,0.0519209
16,701,800,8,0.0134181
16,801,900,9,0.0225028
16,901,1000,13,0.0147627
6,1,100,16,0.0361695
6,101,200,12,0.0178983
6,201,300,16,0.0451695
6,301,400,15,0.0241186
6,401,500,11,0.0224802
6,501,600,10,0.0178983
6,601,700,12,0.0304915
6,701,800,13,0.0220169
6,801,900,14,0.0278192
6,901,1000,19,0.0322768
4,1,100,10,0.0340734
4,101,200,11,0.0259435
4,201,300,10,0.0183277
4,301,400,10,0.0174407
4,401,500,7,0.0166723
4,501,600,5,0.0108531
4,601,700,12,0.0227288
4,701,800,15,0.041452
4,801,900,6,0.0111695
4,901,1000,13,0.0304915
16,1,100,14,0.0341017
16,101,200,19,0.0497175
16,201,300,11,0.0254068
16,301,400,17,0.0310847
16,401,500,13,0.0311186
16,501,600,16,0.0572768
16,601,700,13,0.0313277
16,701,800,14,0.0336497
16,801,900,11,0.0310226
16,901,1000,8,0.0132881
19,1,100,12,0.00879096
19,101,200,12,0.0121864
19,201,300,13,0.00901695
19,301,400,8,0.00854237
19,401,500,15,0.0175424
19,501,600,14,0.0131808
19,601,700,11,0.0129605
19,701,800,16,0.0155593
19,801,900,14,0.00719774
19,901,1000,13,0.0105932
10,1,100,13,0.029548
10,101,200,20,0.0399548
10,201,300,12,0.0220056
10,301,400,6,0.0142768
10,401,500,16,0.0381356
10,501,600,13,0.0201864
10,601,700,13,0.0205141
10,701,800,16,0.0316554
10,801,900,12,0.023678
10,901,1000,16,0.044113
12,1,100,11,0.0216271
12,101,200,8,0.0126102
12,201,300,10,0.00960452
12,301,400,17,0.0333164
12,401,500,11,0.0216893
12,501,600,11,0.0224181
12,601,700,9,0.016339
12,701,800,11,0.0220395
12,801,900,13,0.0346949
12,901,1000,15,0.0175819
0,1,100,19,0.026774
0,101,200,14,0.0318362
0,201,300,8,0.012209
0,301,400,13,0.0163898
0,401,500,9,0.00605085
0,501,600,8,0.0147232
0,601,700,8,0.0210113
0,701,800,15,0.022904
0,801,900,10,0.0148644
0,901,1000,15,0.0227175
12,1,100,14,0.0378644
12,101,200,20,0.0593446
12,201,300,14,0.0437288
12,301,400,18,0.0533616
12,401,500,20,0.0503785
12,501,600,15,0.0355876
12,601,700,12,0.031452
12,701,800,13,0.0326723
12,801,900,16,0.0366271
12,901,1000,15,0.0512034
12,1,100,13,0.0372825
12,101,200,14,0.0283785
12,201,300,11,0.0153898
12,301,400,8,0.00897175
12,401,500,8,0.00787571
12,501,600,8,0.0123729
12,601,700,13,0.0238757
12,701,800,10,0.00919774
12,801,900,14,0.0212316
12,901,1000,11,0.0111017
1,1,100,15,0.0482599
1,101,200,12,0.0359887
1,201,300,19,0.0536384
1,301,400,17,0.0486271
1,401,500,18,0.0623446
1,501,600,16,0.0550678
1,601,700,16,0.0621638
1,701,800,14,0.0473842
1,801,900,18,0.068774
1,901,1000,20,0.0661017
2,1,100,2,0.00848588
2,101,200,9,0.0214972
2,201,300,8,0.0207345
2,301,400,11,0.0139718
2,401,500,12,0.0160339
2,501,600,14,0.0328927
2,601,700,9,0.0169718
2,701,800,9,0.0234633
2,801,900,13,0.023548
2,901,1000,16,0.0272655
17,1,100,15,0.0373503
17,101,200,17,0.0279096
17,201,300,16,0.0384915
17,301,400,18,0.0291638
17,401,500,17,0.0444237
17,501,600,12,0.0314859
17,601,700,14,0.0274915
17,701,800,11,0.0278531
17,801,900,12,0.0290452
17,901,1000,9,0.0159096
9,1,100,12,0.0217627
9,101,200,12,0.0263446
9,201,300,12,0.0244915
9,301,400,7,0.0090226
9,401,500,13,0.0359153
9,501,600,10,0.0231017
9,601,700,12,0.0209548
9,701,800,16,0.0315254
9,801,900,14,0.0318079
9,901,1000,19,0.0292542
16,1,100,12,0.0315989
16,101,200,13,0.0230508
16,201,300,13,0.0396271
16,301,400,17,0.0347684
16,401,500,7,0.00784746
16,501,600,10,0.0315763
16,601,700,11,0.0131299
16,701,800,14,0.029774
16,801,900,14,0.0460226
16,901,1000,13,0.0302147
5,1,100,12,0.0397345
5,101,200,15,0.0361977
5,201,300,17,0.0451808
5,301,400,17,0.0583616
5,401,500,8,0.0175932
5,501,600,17,0.0457571
5,601,700,12,0.0261582
5,701,800,10,0.0336949
5,801,900,17,0.0460791
5,901,1000,14,0.0452542
15,1,100,14,0.026452
15,101,200,13,0.0250904
15,201,300,14,0.0179209
15,301,400,8,0.0101186
15,401,500,10,0.0155932
15,501,600,13,0.0279379
15,601,700,7,0.0103503
15,701,800,15,0.0314124
15,801,900,9,0.00778531
15,901,1000,9,0.0118983
0,1,100,9,0.0109492
0,101,200,10,0.0159887
0,201,300,7,0.0143559
0,301,400,7,0.0138644
0,401,500,15,0.016548
0,501,600,14,0.0233164
0,601,700,9,0.0143672
0,701,800,6,0.0106949
0,801,900,2,0.00348023
0,901,1000,7,0.0147797
9,1,100,18,0.0299774
9,101,200,13,0.0309266
9,201,300,13,0.0254633
9,301,400,10,0.00774011
9,401,500,13,0.0191638
9,501,600,15,0.0286384
9,601,700,11,0.0279492
9,701,800,8,0.0145989
9,801,900,15,0.0217119
9,901,1000,9,0.0170339
12,1,100,12,0.024452
12,101,200,10,0.0201299
12,201,300,17,0.0371864
12,301,400,19,0.0446554
12,401,500,14,0.0268701
12,501,600,11,0.0261243
12,601,700,21,0.0451977
12,701,800,17,0.0342542
12,801,900,14,0.0238418
12,901,1000,16,0.0368023
10,1,100,21,0.0559322
10,101,200,18,0.0537232
10,201,300,19,0.0504972
10,301,400,13,0.0321695
10,401,500,28,0.0833842
10,501,600,11,0.0248023
10,601,700,16,0.0443616
10,701,800,15,0.0583051
10,801,900,25,0.0721921
10,901,1000,22,0.067678
2,1,100,13,0.045791
2,101,200,9,0.0223051
2,201,300,15,0.042548
2,301,400,17,0.0483559
2,401,500,17,0.0346158
2,501,600,17,0.0385763
2,601,700,13,0.0276158
2,701,800,12,0.0197853
2,801,900,8,0.0139153
2,901,1000,14,0.0427797
11,1,100,14,0.029113
11,101,200,14,0.0293842
11,201,300,14,0.0355311
11,301,400,5,0.0164915
11,401,500,8,0.0234407
11,501,600,16,0.0361751
11,601,700,12,0.0380452
11,701,800,13,0.0353051
11,801,900,13,0.0239944
11,901,1000,14,0.0306271
13,1,100,13,0.053226
13,101,200,18,0.0660734
13,201,300,9,0.0291525
13,301,400,12,0.0473333
13,401,500,21,0.0664859
13,501,600,19,0.0712825
13,601,700,24,0.094548
13,701,800,16,0.065209
13,801,900,14,0.0465763
13,901,1000,19,0.0717627
9,1,100,20,0.0379209
9,101,200,13,0.0278418
9,201,300,19,0.0589548
9,301,400,11,0.0303729
9,401,500,16,0.0463729
9,501,600,18,0.0410226
9,601,700,27,0.0667627
9,701,800,22,0.0597006
9,801,900,13,0.0282486
9,901,1000,17,0.0448305
0,1,100,10,0.0185141
0,101,200,10,0.0166328
0,201,300,15,0.0484576
0,301,400,13,0.0321638
0,401,500,12,0.0224802
0,501,600,12,0.0230056
0,601,700,10,0.0197175
0,701,800,8,0.0130621
0,801,900,7,0.00953672
0,901,1000,7,0.0108192
19,1,100,14,0.0509096
19,101,200,25,0.0970113
19,201,300,19,0.0734068
19,301,400,22,0.0638644
19,401,500,22,0.0860113
19,501,600,19,0.0746328
19,601,700,28,0.107616
19,701,800,24,0.0780621
19,801,900,23,0.0662373
19,901,1000,26,0.102119
3,1,100,8,0.0190395
3,101,200,5,0.00911299
3,201,300,10,0.0142881
3,301,400,9,0.0201808
3,401,500,9,0.0206836
3,501,600,12,0.0310169
3,601,700,8,0.0285706
3,701,800,10,0.0174576
3,801,900,11,0.0203842
3,901,1000,7,0.0150508
12,1,100,9,0.0224915
12,101,200,7,0.0116102
12,201,300,11,0.0308362
12,301,400,9,0.0116102
12,401,500,6,0.0106667
12,501,600,14,0.0222147
12,601,700,9,0.0158983
12,701,800,9,0.0122881
12,801,900,6,0.017565
12,901,1000,12,0.020887
4,1,100,15,0.0472599
4,101,200,15,0.0275706
4,201,300,16,0.0535028
4,301,400,13,0.03
4,401,500,17,0.0665254
4,501,600,10,0.0288983
4,601,700,15,0.0483559
4,701,800,14,0.0384463
4,801,900,15,0.0499548
4,901,1000,23,0.0824576
18,1,100,15,0.0445028
18,101,200,19,0.0584972
18,201,300,23,0.0539492
18,301,400,11,0.0282034
18,401,500,17,0.0435989
18,501,600,20,0.0533333
18,601,700,23,0.0635028
18,701,800,19,0.0385028
18,801,900,18,0.0512034
18,901,1000,8,0.0183616
0,1,100,6,0.00734463
0,101,200,9,0.0200226
0,201,300,11,0.0192147
0,301,400,6,0.013661
0,401,500,6,0.00874576
0,501,600,12,0.0213333
0,601,700,9,0.0127514
0,701,800,5,0.00989266
0,801,900,8,0.0100565
0,901,1000,10,0.0201243
15,1,100,10,0.011096
15,101,200,6,0.0176102
15,201,300,9,0.0105367
15,301,400,11,0.0238757
15,401,500,12,0.0251921
15,501,600,11,0.029678
15,601,700,6,0.010565
15,701,800,17,0.0479774
15,801,900,11,0.0300395
15,901,1000,16,0.034774
7,1,100,14,0.0300113
7,101,200,9,0.013661
7,201,300,14,0.0262655
7,301,400,13,0.0399096
7,401,500,10,0.0230904
7,501,600,16,0.0336384
7,601,700,14,0.0381469
7,701,800,9,0.0206328
7,801,900,14,0.0316893
7,901,1000,9,0.0252203
7,1,100,5,0.00966667
7,101,200,13,0.0176554
7,201,300,15,0.029678
7,301,400,13,0.0348531
7,401,500,11,0.0161921
7,501,600,11,0.0283616
7,601,700,7,0.0188136
7,701,800,10,0.00984181
7,801,900,13,0.0206384
7,901,1000,10,0.0119944
5,1,100,10,0.0223898
5,101,200,18,0.0328418
5,201,300,20,0.0380678
5,301,400,17,0.0363333
5,401,500,16,0.0343729
5,501,600,13,0.029774
5,601,700,16,0.0256667
5,701,800,17,0.0364802
5,801,900,16,0.032226
5,901,1000,16,0.043678
7,1,100,5,0.00768927
7,101,200,6,0.002
7,201,300,9,0.00866667
7,301,400,9,0.0117288
7,401,500,7,0.0142373
7,501,600,10,0.0183842
7,601,700,8,0.00932203
7,701,800,8,0.0147458
7,801,900,8,0.00484181
7,901,1000,7,0.00662712
14,1,100,10,0.0183277
14,101,200,6,0.0185819
14,201,300,15,0.0262034
14,301,400,8,0.0200791
14,401,500,11,0.0230904
14,501,600,8,0.0225367
14,601,700,14,0.0169096
14,701,800,14,0.0242373
14,801,900,17,0.0350395
14,901,1000,13,0.0275876
8,1,100,13,0.0228701
8,101,200,12,0.0311073
8,201,300,14,0.0205706
8,301,400,14,0.0254859
8,401,500,16,0.0391864
8,501,600,14,0.0259548
8,601,700,7,0.0200113
8,701,800,8,0.0169209
8,801,900,14,0.030887
8,901,1000,10,0.022548
15,1,100,14,0.0196949
15,101,200,15,0.0150791
15,201,300,14,0.0145593
15,301,400,12,0.0195593
15,401,500,14,0.0342147
15,501,600,15,0.025904
15,601,700,11,0.0133277
15,701,800,13,0.0140565
15,801,900,13,0.0179887
15,901,1000,21,0.0217232
0,1,100,20,0.052565
0,101,200,16,0.0314237
0,201,300,18,0.0338079
0,301,400,27,0.0589944
0,401,500,17,0.0230508
0,501,600,20,0.0423277
0,601,700,22,0.0540452
0,701,800,21,0.0448531
0,801,900,15,0.0309605
0,901,1000,17,0.0355593
4,1,100,9,0.0268531
4,101,200,13,0.0394576
4,201,300,9,0.0182599
4,301,400,11,0.0270621
4,401,500,7,0.022322
4,501,600,17,0.0476215
4,601,700,17,0.0451977
4,701,800,9,0.0235367
4,801,900,7,0.0201921
4,901,1000,11,0.027435
13,1,100,17,0.0605424
13,101,200,28,0.094322
13,201,300,13,0.0424972
13,301,400,25,0.0847401
13,401,500,21,0.071661
13,501,600,16,0.0497288
13,601,700,16,0.0461695
13,701,800,19,0.059096
13,801,900,19,0.0651073
13,901,1000,23,0.0654633
8,1,100,15,0.029096
8,101,200,18,0.0251751
8,201,300,13,0.0260226
8,301,400,11,0.0201525
8,401,500,17,0.0254972
8,501,600,15,0.0299209
8,601,700,15,0.0212938
8,701,800,12,0.0233446
8,801,900,19,0.0403051
8,901,1000,12,0.0156328
5,1,100,19,0.0570791
5,101,200,18,0.0698192
5,201,300,22,0.0653277
5,301,400,15,0.0436384
5,401,500,14,0.042904
5,501,600,16,0.0589831
5,601,700,10,0.0298079
5,701,800,14,0.0495141
5,801,900,12,0.0266158
5,901,1000,12,0.0327853
18,1,100,11,0.0235028
18,101,200,14,0.030322
18,201,300,12,0.0278983
18,301,400,10,0.0158362
18,401,500,14,0.0370565
18,501,600,14,0.0310508
18,601,700,16,0.0481921
18,701,800,14,0.0397514
18,801,900,14,0.0269774
18,901,1000,19,0.0394746
3,1,100,16,0.037096
3,101,200,13,0.0268079
3,201,300,12,0.0185593
3,301,400,7,0.0132599
3,401,500,16,0.0313785
3,501,600,12,0.0261808
3,601,700,14,0.0272429
3,701,800,12,0.0223559
3,801,900,12,0.0404407
3,901,1000,13,0.026209
17,1,100,7,0.0103955
17,101,200,10,0.0242712
17,201,300,13,0.0228362
17,301,400,11,0.0366328
17,401,500,13,0.0258475
17,501,600,11,0.0238305
17,601,700,8,0.0109266
17,701,800,11,0.0233955
17,801,900,12,0.026774
17,901,1000,7,0.021548
6,1,100,16,0.0255028
6,101,200,11,0.0241412
6,201,300,11,0.0232147
6,301,400,14,0.0221977
6,401,500,10,0.0130282
6,501,600,19,0.0232768
6,601,700,14,0.0276215
6,701,800,11,0.022661
6,801,900,12,0.0185198
6,901,1000,9,0.0079661
8,1,100,8,0.0118701
8,101,200,14,0.023096
8,201,300,8,0.0181582
8,301,400,16,0.0341977
8,401,500,14,0.0218023
8,501,600,4,0.00399435
8,601,700,13,0.0229548
8,701,800,13,0.0182825
8,801,900,17,0.0331017
8,901,1000,15,0.0255819
17,1,100,8,0.012452
17,101,200,9,0.020565
17,201,300,10,0.0275198
17,301,400,10,0.0364633
17,401,500,13,0.0420508
17,501,600,9,0.0164463
17,601,700,10,0.0190113
17,701,800,9,0.027774
17,801,900,6,0.00961017
17,901,1000,13,0.0322599
9,1,100,13,0.0432373
9,101,200,16,0.0278531
9,201,300,16,0.0355254
9,301,400,12,0.0263107
9,401,500,14,0.0243898
9,501,600,14,0.0384689
9,601,700,16,0.0335311
9,701,800,17,0.0399379
9,801,900,13,0.0289661
9,901,1000,18,0.0373051
7,1,100,10,0.0121525
7,101,200,11,0.0388757
7,201,300,3,0.0019322
7,301,400,5,0.00822034
7,401,500,12,0.0231017
7,501,600,7,0.0134972
7,601,700,7,0.00911864
7,701,800,7,0.0129548
7,801,900,14,0.028209
7,901,1000,9,0.011904
4,1,100,8,0.0155367
4,101,200,10,0.0254237
4,201,300,8,0.0280169
4,301,400,11,0.0147062
4,401,500,8,0.0130226
4,501,600,15,0.0242429
4,601,700,15,0.0192373
4,701,800,15,0.0298531
4,801,900,10,0.028
4,901,1000,12,0.0127966
9,1,100,16,0.0361525
9,101,200,16,0.0266045
9,201,300,19,0.0402034
9,301,400,14,0.020435
9,401,500,8,0.0242542
9,501,600,19,0.0339379
9,601,700,12,0.0233672
9,701,800,19,0.0395932
9,801,900,14,0.0247853
9,901,1000,17,0.0312938
8,1,100,13,0.0261073
8,101,200,14,0.0274124
8,201,300,16,0.0294746
8,301,400,11,0.0256441
8,401,500,14,0.033791
8,501,600,16,0.0318927
8,601,700,14,0.0315085
8,701,800,7,0.0179153
8,801,900,15,0.0364068
8,901,1000,20,0.0466554
4,1,100,10,0.0260282
4,101,200,12,0.0335876
4,201,300,10,0.0272655
4,301,400,17,0.0506045
4,401,500,13,0.034661
4,501,600,15,0.044678
4,601,700,10,0.0329548
4,701,800,16,0.045791
4,801,900,7,0.0307062
4,901,1000,13,0.0335932
10,1,100,17,0.0292034
10,101,200,16,0.0387853
10,201,300,16,0.0372938
10,301,400,19,0.0469605
10,401,500,12,0.0226893
10,501,600,16,0.0383729
10,601,700,17,0.031565
10,701,800,18,0.0513333
10,801,900,19,0.0387401
10,901,1000,16,0.0304181
11,1,100,9,0.0250282
11,101,200,9,0.0115593
11,201,300,11,0.022661
11,301,400,10,0.0181186
11,401,500,10,0.0199718
11,501,600,16,0.0299096
11,601,700,12,0.0260169
11,701,800,12,0.0271864
11,801,900,9,0.015452
11,901,1000,11,0.0273051
3,1,100,16,0.0248418
3,101,200,10,0.0229661
3,201,300,6,0.00600565
3,301,400,13,0.0270169
3,401,500,13,0.0247966
3,501,600,13,0.0189096
3,601,700,13,0.026887
3,701,800,8,0.0159435
3,801,900,8,0.0115367
3,901,1000,8,0.0289379
9,1,100,8,0.0245141
9,101,200,13,0.0389322
9,201,300,10,0.0232768
9,301,400,15,0.0343503
9,401,500,20,0.0549887
9,501,600,14,0.0359153
9,601,700,12,0.0320565
9,701,800,15,0.0393051
9,801,900,19,0.0356328
9,901,1000,12,0.0300113
8,1,100,9,0.00917514
8,101,200,15,0.0107119
8,201,300,11,0.0129887
8,301,400,7,0.00691525
8,401,500,10,0.00814124
8,501,600,10,0.0135593
8,601,700,10,0.0122147
8,701,800,10,0.0121695
8,801,900,13,0.0100565
8,901,1000,15,0.011548
11,1,100,16,0.0381582
11,101,200,24,0.0580508
11,201,300,21,0.0629322
11,301,400,21,0.0535593
11,401,500,21,0.0552599
11,501,600,19,0.0455254
11,601,700,20,0.044096
11,701,800,15,0.0382203
11,801,900,16,0.0361695
11,901,1000,22,0.0497345
14,1,100,10,0.00817514
14,101,200,4,0.00228814
14,201,300,7,0.00628249
14,301,400,8,0.0113503
14,401,500,8,0.00856497
14,501,600,10,0.0145085
14,601,700,9,0.011452
14,701,800,6,0.00820904
14,801,900,3,0.00225424
14,901,1000,9,0.0129548
17,1,100,10,0.0110847
17,101,200,7,0.00265537
17,201,300,10,0.0208023
17,301,400,10,0.00676271
17,401,500,12,0.0195989
17,501,600,10,0.0168418
17,601,700,8,0.0149774
17,701,800,6,0.0070339
17,801,900,10,0.00494915
17,901,1000,9,0.0197853
5,1,100,25,0.0723616
5,101,200,20,0.055
5,201,300,23,0.0531017
5,301,400,9,0.0300791
5,401,500,18,0.0557853
5,501,600,17,0.0360734
5,601,700,12,0.0326893
5,701,800,19,0.0391808
5,801,900,11,0.0282994
5,901,1000,19,0.059904
7,1,100,12,0.0198531
7,101,200,8,0.0149379
7,201,300,9,0.0139831
7,301,400,12,0.0145311
7,401,500,10,0.0102542
7,501,600,14,0.021791
7,601,700,8,0.0123672
7,701,800,13,0.0128305
7,801,900,12,0.0176441
7,901,1000,9,0.00946328
0,1,100,11,0.0203107
0,101,200,14,0.0181243
0,201,300,13,0.0272825
0,301,400,17,0.0362373
0,401,500,17,0.0285085
0,501,600,13,0.0290169
0,601,700,10,0.0165819
0,701,800,12,0.0163898
0,801,900,14,0.0207684
0,901,1000,11,0.0147175
3,1,100,8,0.00972881
3,101,200,13,0.0220508
3,201,300,8,0.0150226
3,301,400,15,0.0274407
3,401,500,9,0.018565
3,501,600,3,0.00227684
3,601,700,9,0.0246045
3,701,800,12,0.0222768
3,801,900,6,0.00497175
3,901,1000,11,0.014435
3,1,100,18,0.0530339
3,101,200,17,0.0485141
3,201,300,14,0.0384463
3,301,400,18,0.0500226
3,401,500,15,0.0453333
3,501,600,16,0.0410169
3,601,700,20,0.0473107
3,701,800,18,0.0410565
3,801,900,6,0.0155424
3,901,1000,18,0.0456441
10,1,100,13,0.0136158
10,101,200,9,0.0201243
10,201,300,11,0.016435
10,301,400,7,0.016209
10,401,500,14,0.0164407
10,501,600,13,0.0185141
10,601,700,19,0.028322
10,701,800,11,0.0203729
10,801,900,17,0.0314689
10,901,1000,17,0.0335763
0,1,100,30,0.0661073
0,101,200,16,0.0380508
0,201,300,21,0.0482486
0,301,400,22,0.0470734
0,401,500,10,0.0220904
0,501,600,18,0.0384915
0,601,700,24,0.055339
0,701,800,16,0.0418305
0,801,900,21,0.0528983
0,901,1000,15,0.034887
4,1,100,17,0.0501921
4,101,200,20,0.0656667
4,201,300,11,0.039887
4,301,400,9,0.0152203
4,401,500,11,0.0215706
4,501,600,11,0.0238192
4,601,700,12,0.0224124
4,701,800,13,0.0444802
4,801,900,15,0.0463503
4,901,1000,10,0.0180113
11,1,100,10,0.020904
11,101,200,10,0.0242316
11,201,300,9,0.014209
11,301,400,4,0.00657627
11,401,500,10,0.0161977
11,501,600,6,0.0100339
11,601,700,6,0.0099322
11,701,800,7,0.00861017
11,801,900,18,0.0431469
11,901,1000,7,0.0136497
0,1,100,14,0.0282938
0,101,200,12,0.0237401
0,201,300,20,0.0361017
0,301,400,12,0.0264746
0,401,500,8,0.012887
0,501,600,9,0.0191921
0,601,700,11,0.0222881
0,701,800,14,0.0336836
0,801,900,17,0.037226
0,901,1000,15,0.025226
9,1,100,12,0.0236328
9,101,200,16,0.0377006
9,201,300,12,0.0164124
9,301,400,9,0.0194237
9,401,500,12,0.0311864
9,501,600,11,0.0348136
9,601,700,10,0.0292203
9,701,800,9,0.0138079
9,801,900,9,0.0254972
9,901,1000,9,0.0226158
11,1,100,13,0.0148644
11,101,200,11,0.022678
11,201,300,19,0.0408362
11,301,400,8,0.0200678
11,401,500,13,0.0311751
11,501,600,11,0.0207966
11,601,700,14,0.0337232
11,701,800,11,0.02
11,801,900,12,0.0190169
11,901,1000,18,0.0374633
7,1,100,14,0.0341017
7,101,200,18,0.0403446
7,201,300,10,0.0214237
7,301,400,7,0.017565
7,401,500,7,0.0170678
7,501,600,17,0.0403559
7,601,700,13,0.0266497
7,701,800,13,0.0177853
7,801,900,15,0.0296045
7,901,1000,5,0.00563842
4,1,100,10,0.0165424
4,101,200,14,0.0290339
4,201,300,18,0.0263333
4,301,400,9,0.0181017
4,401,500,17,0.0413446
4,501,600,11,0.0269322
4,601,700,11,0.0195763
4,701,800,13,0.0289944
4,801,900,9,0.0224237
4,901,1000,16,0.0409548
16,1,100,12,0.0242147
16,101,200,13,0.0277797
16,201,300,11,0.0339605
16,301,400,10,0.0244463
16,401,500,1,0.000655367
16,501,600,12,0.0134181
16,601,700,12,0.0187175
16,701,800,6,0.013791
16,801,900,14,0.0281582
16,901,1000,14,0.0298757
1,1,100,26,0.0457006
1,101,200,14,0.0305367
1,201,300,18,0.0394576
1,301,400,21,0.0371017
1,401,500,22,0.0541412
1,501,600,21,0.0328588
1,601,700,17,0.0292768
1,701,800,12,0.0217797
1,801,900,16,0.022887
1,901,1000,16,0.0213559
19,1,100,11,0.0209548
19,101,200,8,0.0156328
19,201,300,18,0.0407571
19,301,400,12,0.0235706
19,401,500,12,0.0389605
19,501,600,6,0.0106158
19,601,700,6,0.0141921
19,701,800,12,0.0223955
19,801,900,9,0.0099435
19,901,1000,7,0.0157119
6,1,100,19,0.0301073
6,101,200,14,0.0131299
6,201,300,11,0.00989831
6,301,400,15,0.0207514
6,401,500,18,0.0239266
6,501,600,14,0.0186045
6,601,700,5,0.00763277
6,701,800,14,0.0213955
6,801,900,17,0.0184859
6,901,1000,21,0.0320508
12,1,100,9,0.0186836
12,101,200,10,0.00957627
12,201,300,10,0.0130734
12,301,400,11,0.0165763
12,401,500,10,0.00800565
12,501,600,10,0.0150734
12,601,700,13,0.0210169
12,701,800,10,0.0143333
12,801,900,19,0.0287119
12,901,1000,8,0.0127627
6,1,100,10,0.0312147
6,101,200,11,0.0239322
6,201,300,14,0.0343729
6,301,400,15,0.0218249
6,401,500,15,0.0373277
6,501,600,14,0.034226
6,601,700,12,0.028209
6,701,800,11,0.0342938
6,801,900,14,0.0274746
6,901,1000,14,0.0377006
15,1,100,8,0.0132599
15,101,200,17,0.0279831
15,201,300,11,0.0199548
15,301,400,11,0.0276045
15,401,500,8,0.0115763
15,501,600,15,0.0475085
15,601,700,16,0.0347514
15,701,800,12,0.028661
15,801,900,11,0.0178249
15,901,1000,16,0.0451017
1,1,100,7,0.0191356
1,101,200,11,0.0166723
1,201,300,7,0.0151017
1,301,400,11,0.0281808
1,401,500,12,0.00681921
1,501,600,11,0.0160678
1,601,700,11,0.0157232
1,701,800,8,0.0223446
1,801,900,7,0.016113
1,901,1000,3,0.0113955
3,1,100,10,0.0204802
3,101,200,8,0.0148418
3,201,300,11,0.024548
3,301,400,13,0.0257853
3,401,500,4,0.00938418
3,501,600,11,0.0251808
3,601,700,6,0.0102712
3,701,800,3,0.00722599
3,801,900,6,0.0135932
3,901,1000,9,0.0112938
6,1,100,13,0.034904
6,101,200,16,0.0428983
6,201,300,11,0.0249266
6,301,400,17,0.0536723
6,401,500,15,0.0417232
6,501,600,16,0.0304576
6,601,700,13,0.0425254
6,701,800,11,0.0239718
6,801,900,14,0.0226554
6,901,1000,19,0.0635932
18,1,100,15,0.0481073
18,101,200,6,0.0197458
18,201,300,7,0.00849718
18,301,400,11,0.0164859
18,401,500,10,0.0114915
18,501,600,11,0.0195537
18,601,700,5,0.0178192
18,701,800,7,0.0119548
18,801,900,14,0.0400113
18,901,1000,14,0.0361299
14,1,100,11,0.0270621
14,101,200,16,0.0411921
14,201,300,14,0.0302147
14,301,400,9,0.0180621
14,401,500,7,0.0195706
14,501,600,15,0.0298531
14,601,700,10,0.0288475
14,701,800,13,0.034548
14,801,900,13,0.0396441
14,901,1000,15,0.0359266
10,1,100,24,0.054548
10,101,200,16,0.0271525
10,201,300,15,0.0317627
10,301,400,18,0.0536893
10,401,500,17,0.0571525
10,501,600,16,0.0428588
10,601,700,22,0.0676441
10,701,800,15,0.0190904
10,801,900,18,0.0467345
10,901,1000,15,0.024113
15,1,100,10,0.0174859
15,101,200,10,0.0208757
15,201,300,12,0.015
15,301,400,13,0.0247345
15,401,500,11,0.0221356
15,501,600,11,0.0253842
15,601,700,13,0.0226667
15,701,800,15,0.0254915
15,801,900,10,0.0244068
15,901,1000,17,0.0260452
4,1,100,22,0.0782429
4,101,200,19,0.0382429
4,201,300,20,0.0588249
4,301,400,20,0.0591808
4,401,500,15,0.0504294
4,501,600,27,0.0929718
4,601,700,20,0.0695537
4,701,800,15,0.0546893
4,801,900,19,0.066791
4,901,1000,18,0.0590339
15,1,100,12,0.0189661
15,101,200,16,0.0344689
15,201,300,13,0.0357232
15,301,400,16,0.0447684
15,401,500,13,0.0385876
15,501,600,14,0.0418644
15,601,700,13,0.0246497
15,701,800,16,0.0559322
15,801,900,19,0.0509209
15,901,1000,12,0.0232486
7,1,100,10,0.0197119
7,101,200,13,0.014452
7,201,300,6,0.0125537
7,301,400,9,0.0127232
7,401,500,7,0.0143559
7,501,600,4,0.00457062
7,601,700,8,0.0151073
7,701,800,12,0.0211186
7,801,900,7,0.0168079
7,901,1000,5,0.00748588
12,1,100,11,0.0194463
12,101,200,9,0.0137401
12,201,300,5,0.0105141
12,301,400,11,0.0234802
12,401,500,20,0.0415706
12,501,600,10,0.0350226
12,601,700,7,0.0189435
12,701,800,8,0.0203559
12,801,900,13,0.0387627
12,901,1000,8,0.0146158
6,1,100,15,0.0419322
6,101,200,9,0.0181469
6,201,300,6,0.0106893
6,301,400,12,0.0264463
6,401,500,15,0.0327571
6,501,600,14,0.0223051
6,601,700,13,0.029452
6,701,800,15,0.0438983
6,801,900,12,0.0355989
6,901,1000,18,0.0514237
1,1,100,16,0.0351864
1,101,200,16,0.0523051
1,201,300,15,0.035096
1,301,400,10,0.0289266
1,401,500,17,0.0340339
1,501,600,12,0.0278983
1,601,700,17,0.0371412
1,701,800,16,0.0290621
1,801,900,14,0.0338588
1,901,1000,16,0.0371582
12,1,100,7,0.0193333
12,101,200,9,0.0255367
12,201,300,13,0.0269322
12,301,400,14,0.0227175
12,401,500,6,0.0108927
12,501,600,10,0.0210056
12,601,700,10,0.0270678
12,701,800,12,0.0251864
12,801,900,7,0.0155763
12,901,1000,14,0.0263503
13,1,100,10,0.0234294
13,101,200,9,0.0143898
13,201,300,17,0.0312994
13,301,400,9,0.0152203
13,401,500,11,0.012322
13,501,600,8,0.0175819
13,601,700,16,0.0233107
13,701,800,14,0.0135989
13,801,900,11,0.0189831
13,901,1000,21,0.0301525
1,1,100,12,0.0383051
1,101,200,7,0.0164576
1,201,300,13,0.0357345
1,301,400,14,0.0263616
1,401,500,17,0.0395028
1,501,600,11,0.0295932
1,601,700,14,0.0247966
1,701,800,17,0.0339548
1,801,900,16,0.0398983
1,901,1000,9,0.0170904
14,1,100,12,0.0307119
14,101,200,14,0.0285424
14,201,300,16,0.0353955
14,301,400,11,0.0253107
14,401,500,14,0.0187853
14,501,600,16,0.0383333
14,601,700,19,0.0486949
14,701,800,10,0.0200056
14,801,900,11,0.0213842
14,901,1000,18,0.0334407
11,1,100,13,0.0272655
11,101,200,9,0.0118588
11,201,300,15,0.0288814
11,301,400,10,0.0333898
11,401,500,4,0.0107345
11,501,600,5,0.0113955
11,601,700,7,0.0146554
11,701,800,12,0.0126158
11,801,900,5,0.0152542
11,901,1000,5,0.0103785
10,1,100,7,0.00484181
10,101,200,14,0.0136384
10,201,300,14,0.0218079
10,301,400,8,0.00876836
10,401,500,11,0.0189831
10,501,600,9,0.00861582
10,601,700,12,0.0122938
10,701,800,12,0.0183107
10,801,900,11,0.0131412
10,901,1000,7,0.00579661
6,1,100,9,0.0213333
6,101,200,9,0.0099209
6,201,300,19,0.0229718
6,301,400,16,0.0289548
6,401,500,11,0.021548
6,501,600,4,0.00762147
6,601,700,8,0.011565
6,701,800,16,0.0172542
6,801,900,12,0.0178418
6,901,1000,11,0.0114407
10,1,100,10,0.0181921
10,101,200,10,0.0288701
10,201,300,20,0.0579492
10,301,400,17,0.0333672
10,401,500,11,0.0210226
10,501,600,12,0.0213729
10,601,700,11,0.0244915
10,701,800,13,0.0256836
10,801,900,12,0.0278814
10,901,1000,11,0.0264181
14,1,100,9,0.0172429
14,101,200,4,0.00479096
14,201,300,6,0.00676836
14,301,400,6,0.00818644
14,401,500,7,0.00987571
14,501,600,6,0.00667797
14,601,700,5,0.00424859
14,701,800,7,0.0128927
14,801,900,5,0.0019887
14,901,1000,9,0.0177797
16,1,100,19,0.0294915
16,101,200,14,0.0225593
16,201,300,8,0.0215876
16,301,400,17,0.0280734
16,401,500,20,0.0538531
16,501,600,18,0.0330678
16,601,700,23,0.0391695
16,701,800,17,0.0258192
16,801,900,13,0.0271356
16,901,1000,14,0.0270113
2,1,100,15,0.0297345
2,101,200,12,0.0226102
2,201,300,14,0.0264181
2,301,400,15,0.0304011
2,401,500,13,0.0265424
2,501,600,15,0.0372203
2,601,700,8,0.0125593
2,701,800,11,0.0205198
2,801,900,15,0.0178249
2,901,1000,11,0.0152203
2,1,100,12,0.0251412
2,101,200,15,0.0396554
2,201,300,22,0.0540169
2,301,400,15,0.0247571
2,401,500,10,0.0214237
2,501,600,10,0.0228983
2,601,700,19,0.059113
2,701,800,20,0.0589492
2,801,900,13,0.0296158
2,901,1000,13,0.0269831
11,1,100,16,0.0428927
11,101,200,10,0.0236271
11,201,300,10,0.0306949
11,301,400,11,0.0247232
11,401,500,11,0.0222486
11,501,600,10,0.0270904
11,601,700,8,0.0138249
11,701,800,9,0.0213616
11,801,900,11,0.0208701
11,901,1000,14,0.0278249
6,1,100,10,0.0159492
6,101,200,9,0.020322
6,201,300,9,0.0193616
6,301,400,7,0.0148305
6,401,500,10,0.0246723
6,501,600,18,0.0355254
6,601,700,7,0.0125085
6,701,800,6,0.00408475
6,801,900,11,0.0129379
6,901,1000,13,0.0218305
16,1,100,10,0.0149718
16,101,200,17,0.0358023
16,201,300,13,0.0188023
16,301,400,17,0.0350565
16,401,500,17,0.0269718
16,501,600,10,0.0158249
16,601,700,9,0.0179435
16,701,800,11,0.017096
16,801,900,14,0.025774
16,901,1000,17,0.0195085
4,1,100,8,0.0120056
4,101,200,8,0.00699435
4,201,300,12,0.0101356
4,301,400,17,0.0272373
4,401,500,9,0.00967797
4,501,600,6,0.0106441
4,601,700,17,0.0239322
4,701,800,7,0.0123672
4,801,900,10,0.00923729
4,901,1000,14,0.0168475
2,1,100,8,0.0226667
2,101,200,5,0.00478531
2,201,300,6,0.011565
2,301,400,5,0.00800565
2,401,500,5,0.0119661
2,501,600,12,0.018113
2,601,700,7,0.0126949
2,701,800,13,0.0190847
2,801,900,9,0.0126949
2,901,1000,9,0.013774
2,1,100,9,0.0195254
2,101,200,10,0.0201073
2,201,300,11,0.0186102
2,301,400,9,0.00644068
2,401,500,15,0.0268475
2,501,600,14,0.0262825
2,601,700,15,0.0217062
2,701,800,8,0.0107175
2,801,900,14,0.0218362
2,901,1000,15,0.0155989
7,1,100,12,0.0291299
7,101,200,29,0.0624294
7,201,300,17,0.0382655
7,301,400,25,0.0589774
7,401,500,17,0.0320678
7,501,600,26,0.0577288
7,601,700,10,0.0193559
7,701,800,21,0.0486441
7,801,900,18,0.0414124
7,901,1000,17,0.0429379
14,1,100,15,0.052887
14,101,200,12,0.0406102
14,201,300,17,0.0374859
14,301,400,9,0.016565
14,401,500,13,0.031774
14,501,600,10,0.0309266
14,601,700,23,0.0567458
14,701,800,14,0.044774
14,801,900,12,0.0373164
14,901,1000,19,0.0588362
15,1,100,18,0.039678
15,101,200,20,0.035887
15,201,300,10,0.0195198
15,301,400,19,0.0355424
15,401,500,20,0.0406158
15,501,600,17,0.0525819
15,601,700,16,0.042322
15,701,800,10,0.0212825
15,801,900,14,0.0308305
15,901,1000,17,0.0408136
14,1,100,14,0.0386554
14,101,200,13,0.0232542
14,201,300,11,0.0238023
14,301,400,12,0.0275537
14,401,500,14,0.0282712
14,501,600,10,0.0189266
14,601,700,12,0.0107232
14,701,800,12,0.015452
14,801,900,8,0.0235593
14,901,1000,17,0.0439605
13,1,100,11,0.0243898
13,101,200,12,0.0210621
13,201,300,16,0.0305989
13,301,400,14,0.0210508
13,401,500,14,0.0245989
13,501,600,14,0.0145141
13,601,700,10,0.0224407
13,701,800,13,0.0252486
13,801,900,11,0.0148079
13,901,1000,12,0.0298644
9,1,100,14,0.0282881
9,101,200,11,0.0179774
9,201,300,15,0.027452
9,301,400,20,0.0368644
9,401,500,16,0.0292655
9,501,600,16,0.0263051
9,601,700,18,0.0324181
9,701,800,20,0.0349605
9,801,900,13,0.0241525
9,901,1000,16,0.032661
5,1,100,15,0.0304237
5,101,200,20,0.0303729
5,201,300,8,0.0152994
5,301,400,16,0.0169153
5,401,500,15,0.0335537
5,501,600,13,0.0128983
5,601,700,17,0.0340339
5,701,800,12,0.0176836
5,801,900,21,0.0308983
5,901,1000,13,0.0146045
15,1,100,32,0.127147
15,101,200,33,0.115712
15,201,300,17,0.0611638
15,301,400,21,0.0514068
15,401,500,22,0.0802429
15,501,600,26,0.093678
15,601,700,22,0.070774
15,701,800,32,0.116593
15,801,900,24,0.0560791
15,901,1000,20,0.0716102
17,1,100,18,0.0184689
17,101,200,18,0.0224068
17,201,300,21,0.0318023
17,301,400,6,0.00970056
17,401,500,18,0.0242034
17,501,600,16,0.021
17,601,700,9,0.0177119
17,701,800,17,0.0220565
17,801,900,12,0.0124068
17,901,1000,13,0.0144859
15,1,100,16,0.043548
15,101,200,11,0.0269661
15,201,300,9,0.0155141
15,301,400,12,0.0224068
15,401,500,21,0.0473333
15,501,600,16,0.0294068
15,601,700,13,0.0267175
15,701,800,14,0.0247514
15,801,900,12,0.0315876
15,901,1000,12,0.0183277
17,1,100,8,0.0187571
17,101,200,12,0.0177345
17,201,300,11,0.0154689
17,301,400,7,0.0172486
17,401,500,10,0.0219379
17,501,600,11,0.0221299
17,601,700,13,0.0351808
17,701,800,7,0.0133842
17,801,900,18,0.0383616
17,901,1000,10,0.0193616
6,1,100,27,0.027452
6,101,200,25,0.022887
6,201,300,27,0.0280904
6,301,400,22,0.034339
6,401,500,21,0.0217853
6,501,600,27,0.034322
6,601,700,29,0.0295424
6,701,800,25,0.0231751
6,801,900,37,0.0464407
6,901,1000,31,0.0315989
13,1,100,13,0.0321525
13,101,200,10,0.0202655
13,201,300,12,0.0302655
13,301,400,12,0.0366271
13,401,500,6,0.0187684
13,501,600,11,0.0252486
13,601,700,8,0.0197514
13,701,800,10,0.0387006
13,801,900,17,0.0424802
13,901,1000,14,0.0482147
10,1,100,15,0.0364915
10,101,200,20,0.0658475
10,201,300,11,0.0403729
10,301,400,20,0.0910847
10,401,500,19,0.0533333
10,501,600,17,0.0730621
10,601,700,12,0.0410847
10,701,800,15,0.0583785
10,801,900,19,0.0463051
10,901,1000,14,0.0508305
1,1,100,10,0.0169661
1,101,200,15,0.0233955
1,201,300,11,0.0210395
1,301,400,12,0.0201751
1,401,500,9,0.0197401
1,501,600,8,0.0100847
1,601,700,12,0.0264011
1,701,800,14,0.0274124
1,801,900,8,0.0111808
1,901,1000,13,0.019226
