CHROM,BIN_START,BIN_END,N_VARIANTS,WEIGHTED_FST,MEAN_FST
16,1,100,89,0.97738,0.971718
16,101,200,94,0.968582,0.966263
16,201,300,88,0.980661,0.974058
16,301,400,90,0.984787,0.968948
16,401,500,93,0.980636,0.971398
16,501,600,82,0.982537,0.975554
16,601,700,86,0.98278,0.982815
16,701,800,90,0.979372,0.968193
16,801,900,94,0.976022,0.949241
16,901,1000,91,0.979901,0.979416
4,1,100,91,0.995511,0.99555
4,101,200,89,0.98998,0.989815
4,201,300,94,0.992653,0.983221
4,301,400,93,0.992733,0.99252
4,401,500,93,0.986926,0.97783
4,501,600,89,0.989829,0.979792
4,601,700,89,0.997072,0.996937
4,701,800,85,0.996228,0.985608
4,801,900,87,0.988794,0.978881
4,901,1000,86,0.9887,0.979929
7,1,100,92,0.989854,0.970877
7,101,200,89,0.987479,0.981473
7,201,300,88,0.991713,0.980808
7,301,400,93,0.986889,0.98724
7,401,500,93,0.992495,0.991625
7,501,600,90,0.990461,0.988462
7,601,700,91,0.993301,0.990743
7,701,800,91,0.994875,0.984116
7,801,900,83,0.994244,0.970831
7,901,1000,91,0.993635,0.983683
1,1,100,86,0.987786,0.986877
1,101,200,90,0.989799,0.969129
1,201,300,86,0.989455,0.987522
1,301,400,89,0.984092,0.971487
1,401,500,92,0.992539,0.978966
1,501,600,88,0.994468,0.994313
1,601,700,88,0.979808,0.969846
1,701,800,86,0.991098,0.979821
1,801,900,88,0.989508,0.972217
1,901,1000,92,0.990541,0.980273
0,1,100,79,0.962108,0.932951
17,1,100,90,0.990215,0.984232
17,101,200,90,0.985699,0.984559
17,201,300,86,0.990482,0.989397
17,301,400,89,0.990063,0.990635
17,401,500,85,0.988326,0.981849
17,501,600,88,0.985405,0.9854
17,601,700,95,0.985422,0.981014
17,701,800,91,0.983704,0.980731
17,801,900,92,0.991534,0.991932
17,901,1000,85,0.989847,0.984172
8,1,100,90,0.98597,0.982638
8,101,200,89,0.99435,0.995171
8,201,300,88,0.979971,0.943822
8,301,400,85,0.98864,0.97719
8,401,500,91,0.985135,0.975679
8,501,600,92,0.982405,0.976233
8,601,700,93,0.985524,0.980959
8,701,800,84,0.990801,0.99028
8,801,900,87,0.986955,0.982828
8,901,1000,89,0.981809,0.955982
18,1,100,85,0.992678,0.97528
18,101,200,86,0.982535,0.965087
18,201,300,93,0.98937,0.988147
18,301,400,91,0.983228,0.965177
18,401,500,91,0.989926,0.989402
18,501,600,87,0.98726,0.976772
18,601,700,98,0.992601,0.992043
18,701,800,89,0.981503,0.968693
18,801,900,83,0.982915,0.960538
18,901,1000,87,0.988515,0.970409
2,1,100,91,0.97159,0.959257
2,101,200,90,0.985453,0.978181
2,201,300,86,0.984769,0.976575
2,301,400,90,0.987139,0.973159
2,401,500,91,0.987919,0.967849
2,501,600,93,0.98576,0.967683
2,601,700,94,0.986557,0.979823
2,701,800,85,0.984166,0.983992
2,801,900,93,0.988881,0.978264
2,901,1000,95,0.993281,0.992638
5,1,100,94,0.982111,0.973713
5,101,200,93,0.983549,0.976175
5,201,300,90,0.994297,0.994432
5,301,400,92,0.991136,0.978605
5,401,500,89,0.992428,0.979159
5,501,600,88,0.994183,0.992628
5,601,700,88,0.994073,0.993828
5,701,800,89,0.991318,0.989397
5,801,900,90,0.989053,0.978139
5,901,1000,90,0.994749,0.984581
3,1,100,95,0.992941,0.983918
3,101,200,86,0.981883,0.972689
3,201,300,91,0.98005,0.981199
3,301,400,88,0.988481,0.977358
3,401,500,88,0.97885,0.956165
3,501,600,88,0.984,0.984655
3,601,700,90,0.984876,0.975873
3,701,800,84,0.989331,0.986386
3,801,900,91,0.99104,0.991356
3,901,1000,88,0.986724,0.987501
4,1,100,89,0.957949,0.945083
4,101,200,92,0.964436,0.943208
4,201,300,87,0.977344,0.959706
4,301,400,96,0.963959,0.942106
4,401,500,88,0.972815,0.973924
4,501,600,87,0.968554,0.944832
4,601,700,92,0.955769,0.938434
4,701,800,91,0.961311,0.948778
4,801,900,88,0.974336,0.960293
4,901,1000,87,0.964161,0.95202
6,1,100,90,0.978221,0.957223
6,101,200,90,0.988168,0.967306
6,201,300,90,0.976532,0.959626
6,301,400,96,0.981371,0.980261
6,401,500,92,0.97806,0.958351
6,501,600,90,0.984018,0.972341
6,601,700,90,0.9888,0.979123
6,701,800,89,0.980157,0.970172
6,801,900,87,0.978331,0.975962
6,901,1000,95,0.979999,0.950103
14,1,100,86,0.979461,0.969184
14,101,200,91,0.988235,0.987541
14,201,300,92,0.983452,0.952718
14,301,400,93,0.992793,0.985642
14,401,500,92,0.987801,0.986556
14,501,600,89,0.986755,0.986743
14,601,700,88,0.991294,0.992051
14,701,800,89,0.985746,0.985486
14,801,900,89,0.987322,0.98714
14,901,1000,87,0.986736,0.985997
11,1,100,84,0.989647,0.980166
11,101,200,91,0.982127,0.980658
11,201,300,89,0.974615,0.969277
11,301,400,94,0.979866,0.956555
11,401,500,91,0.9767,0.975599
11,501,600,94,0.982001,0.98228
11,601,700,94,0.975719,0.9574
11,701,800,97,0.986058,0.980085
11,801,900,89,0.984704,0.976098
11,901,1000,90,0.991587,0.990046
8,1,100,93,0.984393,0.965574
8,101,200,90,0.992372,0.991612
8,201,300,85,0.987667,0.987252
8,301,400,88,0.986205,0.980875
8,401,500,88,0.992611,0.992998
8,501,600,94,0.98749,0.981005
8,601,700,92,0.983279,0.982517
8,701,800,82,0.989611,0.977454
8,801,900,94,0.977675,0.970628
8,901,1000,80,0.985472,0.976114
2,1,100,87,0.966829,0.956702
2,101,200,88,0.966478,0.959609
2,201,300,92,0.969345,0.947836
2,301,400,93,0.977071,0.961672
2,401,500,89,0.977669,0.951076
2,501,600,92,0.980554,0.958351
2,601,700,93,0.97719,0.976235
2,701,800,90,0.968328,0.96038
2,801,900,90,0.978957,0.97937
2,901,1000,90,0.988724,0.98906
5,1,100,93,0.988014,0.97617
5,101,200,86,0.990787,0.949061
5,201,300,87,0.988763,0.965184
5,301,400,92,0.992093,0.976687
5,401,500,83,0.996476,0.996551
5,501,600,87,0.99583,0.985684
5,601,700,90,0.985796,0.986171
5,701,800,94,0.994574,0.98507
5,801,900,87,0.994447,0.972503
5,901,1000,89,0.98915,0.958351
9,1,100,85,0.982847,0.974384
9,101,200,86,0.989196,0.978025
9,201,300,90,0.987263,0.976075
9,301,400,91,0.988017,0.961984
9,401,500,91,0.9796,0.968941
9,501,600,93,0.992519,0.984449
9,601,700,88,0.989802,0.989436
9,701,800,94,0.995422,0.995096
9,801,900,90,0.987157,0.978061
9,901,1000,88,0.98504,0.983501
16,1,100,91,0.988943,0.969843
16,101,200,86,0.981086,0.957706
16,201,300,91,0.983635,0.980485
16,301,400,91,0.977736,0.974929
16,401,500,94,0.981787,0.963496
16,501,600,94,0.98641,0.972985
16,601,700,87,0.990414,0.990358
16,701,800,90,0.986407,0.985424
16,801,900,88,0.987244,0.987743
16,901,1000,92,0.978517,0.971985
10,1,100,93,0.992431,0.993359
10,101,200,88,0.988364,0.977458
10,201,300,86,0.973468,0.961518
10,301,400,92,0.990696,0.989349
10,401,500,93,0.988419,0.987599
10,501,600,92,0.992879,0.985009
10,601,700,88,0.982754,0.982328
10,701,800,86,0.98133,0.961096
10,801,900,91,0.985048,0.985351
10,901,1000,87,0.980662,0.96819
0,1,100,72,0.982728,0.957822
11,1,100,86,0.98184,0.949455
11,101,200,89,0.979381,0.970418
11,201,300,96,0.987281,0.958105
11,301,400,93,0.97356,0.964829
11,401,500,87,0.973957,0.952843
11,501,600,91,0.971242,0.948581
11,601,700,90,0.980556,0.980536
11,701,800,91,0.972895,0.957074
11,801,900,90,0.970848,0.947158
11,901,1000,89,0.981518,0.969446
0,1,100,91,0.990978,0.981113
0,101,200,90,0.992018,0.980765
0,201,300,86,0.993026,0.993903
0,301,400,86,0.991347,0.975194
0,401,500,87,0.988046,0.975847
0,501,600,85,0.995028,0.982324
0,601,700,90,0.986653,0.97041
0,701,800,94,0.992933,0.992769
0,801,900,91,0.989115,0.965001
0,901,1000,85,0.988349,0.989091
0,1,100,79,0.970066,0.939123
13,1,100,90,0.985136,0.982315
13,101,200,94,0.973856,0.953584
13,201,300,91,0.971844,0.964958
13,301,400,90,0.986098,0.986184
13,401,500,90,0.953703,0.933396
13,501,600,93,0.969026,0.962575
13,601,700,88,0.964044,0.954039
13,701,800,89,0.975303,0.973213
13,801,900,92,0.970676,0.965379
13,901,1000,89,0.970161,0.942419
13,1,100,89,0.982032,0.976641
13,101,200,96,0.979019,0.949293
13,201,300,84,0.987943,0.982907
13,301,400,90,0.984192,0.973496
13,401,500,91,0.98537,0.981147
13,501,600,90,0.985257,0.97792
13,601,700,93,0.989878,0.990676
13,701,800,86,0.979555,0.966957
13,801,900,87,0.993508,0.99277
13,901,1000,91,0.979987,0.96961
6,1,100,87,0.995734,0.985796
6,101,200,90,0.975886,0.97468
6,201,300,88,0.988387,0.988353
6,301,400,91,0.987078,0.965315
6,401,500,90,0.969383,0.961136
6,501,600,85,0.976111,0.975409
6,601,700,90,0.991075,0.986938
6,701,800,85,0.992508,0.981413
6,801,900,90,0.97777,0.976554
6,901,1000,83,0.975225,0.95901
9,1,100,94,0.989385,0.988269
9,101,200,84,0.983203,0.965627
9,201,300,92,0.991362,0.975197
9,301,400,91,0.98829,0.977646
9,401,500,92,0.984963,0.974808
9,501,600,86,0.986036,0.986239
9,601,700,90,0.986516,0.970608
9,701,800,87,0.982861,0.981208
9,801,900,87,0.984696,0.974942
9,901,1000,83,0.986839,0.988433
17,1,100,91,0.986611,0.985338
17,101,200,87,0.987118,0.979212
17,201,300,94,0.984571,0.963179
17,301,400,97,0.987835,0.983344
17,401,500,90,0.99125,0.980365
17,501,600,84,0.99624,0.996906
17,601,700,88,0.985406,0.98536
17,701,800,88,0.983685,0.983467
17,801,900,92,0.981262,0.973057
17,901,1000,94,0.98831,0.98361
18,1,100,90,0.988769,0.968712
18,101,200,89,0.984993,0.97497
18,201,300,87,0.995419,0.995702
18,301,400,86,0.992678,0.981235
18,401,500,91,0.990088,0.971276
18,501,600,92,0.991528,0.96458
18,601,700,87,0.992247,0.981639
18,701,800,90,0.989945,0.978678
18,801,900,85,0.986167,0.966026
18,901,1000,92,0.98883,0.988589
7,1,100,87,0.979521,0.979093
7,101,200,87,0.990787,0.96954
7,201,300,90,0.988865,0.971718
7,301,400,96,0.986475,0.986482
7,401,500,95,0.989922,0.979894
7,501,600,90,0.991031,0.980172
7,601,700,94,0.992067,0.974064
7,701,800,92,0.989442,0.98852
7,801,900,90,0.98648,0.968299
7,901,1000,87,0.991846,0.992637
11,1,100,91,0.988929,0.983294
11,101,200,89,0.988503,0.988281
11,201,300,91,0.99628,0.995892
11,301,400,94,0.989942,0.984714
11,401,500,92,0.994469,0.994857
11,501,600,90,0.987904,0.977574
11,601,700,93,0.984763,0.951126
11,701,800,93,0.993367,0.992435
11,801,900,90,0.981902,0.973579
11,901,1000,85,0.993745,0.987051
6,1,100,84,0.990229,0.981053
6,101,200,88,0.988172,0.978766
6,201,300,87,0.981256,0.967801
6,301,400,92,0.980813,0.981234
6,401,500,95,0.986296,0.971869
6,501,600,84,0.974035,0.963187
6,601,700,86,0.9912,0.975608
6,701,800,86,0.994474,0.995169
6,801,900,95,0.981371,0.972637
6,901,1000,86,0.981861,0.98253
17,1,100,85,0.992143,0.993222
17,101,200,89,0.99082,0.988637
17,201,300,87,0.994857,0.987417
17,301,400,85,0.992237,0.974212
17,401,500,87,0.991761,0.989846
17,501,600,87,0.992762,0.992574
17,601,700,90,0.995136,0.977765
17,701,800,90,0.988824,0.967405
17,801,900,84,0.994414,0.983727
17,901,1000,88,0.988871,0.977375
9,1,100,94,0.985324,0.975171
9,101,200,90,0.992284,0.971454
9,201,300,90,0.987448,0.984113
9,301,400,90,0.989932,0.990183
9,401,500,92,0.991986,0.984554
9,501,600,89,0.995469,0.985816
9,601,700,90,0.993012,0.992541
9,701,800,88,0.99142,0.990647
9,801,900,88,0.998479,0.976894
9,901,1000,87,0.994537,0.99427
3,1,100,86,0.985636,0.982509
3,101,200,85,0.987372,0.98525
3,201,300,88,0.988238,0.960315
3,301,400,94,0.991496,0.991211
3,401,500,93,0.993461,0.993864
3,501,600,92,0.987175,0.947687
3,601,700,90,0.98084,0.980086
3,701,800,86,0.99356,0.971953
3,801,900,94,0.992076,0.972061
3,901,1000,91,0.980516,0.972883
9,1,100,87,0.986568,0.975149
9,101,200,91,0.991474,0.980549
9,201,300,90,0.993669,0.994232
9,301,400,92,0.979265,0.963849
9,401,500,86,0.990903,0.989622
9,501,600,92,0.989783,0.987351
9,601,700,94,0.981753,0.96338
9,701,800,91,0.991113,0.970309
9,801,900,86,0.984655,0.984527
9,901,1000,92,0.989644,0.966487
19,1,100,91,0.972284,0.958116
19,101,200,91,0.982439,0.970614
19,201,300,91,0.980926,0.957098
19,301,400,90,0.986895,0.98578
19,401,500,92,0.981286,0.968574
19,501,600,91,0.969401,0.931809
19,601,700,85,0.982273,0.970412
19,701,800,90,0.984051,0.97929
19,801,900,92,0.968841,0.941568
19,901,1000,91,0.969378,0.954396
17,1,100,90,0.994798,0.994458
17,101,200,93,0.985901,0.975953
17,201,300,92,0.983193,0.974226
17,301,400,87,0.985103,0.974785
17,401,500,91,0.983885,0.968637
17,501,600,85,0.987319,0.976917
17,601,700,94,0.982157,0.966852
17,701,800,91,0.983237,0.97399
17,801,900,88,0.986769,0.975869
17,901,1000,95,0.990465,0.989814
8,1,100,91,0.988834,0.986413
8,101,200,92,0.992357,0.992349
8,201,300,90,0.980142,0.98083
8,301,400,92,0.975282,0.956807
8,401,500,91,0.985003,0.984596
8,501,600,94,0.981692,0.975432
8,601,700,90,0.980562,0.976669
8,701,800,87,0.991706,0.982518
8,801,900,90,0.980197,0.977817
8,901,1000,82,0.986427,0.96841
17,1,100,91,0.978892,0.973565
17,101,200,90,0.98916,0.986645
17,201,300,81,0.978466,0.972359
17,301,400,92,0.98427,0.983999
17,401,500,91,0.989747,0.979242
17,501,600,90,0.982969,0.983367
17,601,700,89,0.979472,0.971274
17,701,800,90,0.968148,0.934243
17,801,900,90,0.98537,0.975155
17,901,1000,89,0.982437,0.980855
7,1,100,88,0.981161,0.953682
7,101,200,94,0.987327,0.974427
7,201,300,90,0.985389,0.96519
7,301,400,87,0.983021,0.97242
7,401,500,92,0.978455,0.961352
7,501,600,86,0.982343,0.974869
7,601,700,89,0.976273,0.955031
7,701,800,92,0.982059,0.953775
7,801,900,89,0.983878,0.976276
7,901,1000,90,0.979977,0.972431
4,1,100,97,0.986426,0.977417
4,101,200,84,0.977587,0.965981
4,201,300,95,0.973082,0.957722
4,301,400,89,0.987168,0.98279
4,401,500,92,0.985958,0.975545
4,501,600,91,0.98808,0.98821
4,601,700,94,0.984669,0.985471
4,701,800,91,0.99375,0.994445
4,801,900,89,0.990453,0.979473
4,901,1000,92,0.983199,0.956965
18,1,100,90,0.990537,0.990805
18,101,200,90,0.984279,0.964502
18,201,300,87,0.976767,0.945989
18,301,400,88,0.979328,0.959472
18,401,500,90,0.977542,0.966109
18,501,600,86,0.983061,0.946079
18,601,700,86,0.982123,0.972323
18,701,800,91,0.977905,0.952392
18,801,900,90,0.987215,0.968093
18,901,1000,86,0.978028,0.976948
16,1,100,87,0.989373,0.989619
16,101,200,90,0.982469,0.969147
16,201,300,89,0.990346,0.980547
16,301,400,93,0.969937,0.95469
16,401,500,94,0.991001,0.98366
16,501,600,97,0.971469,0.964555
16,601,700,89,0.980036,0.97381
16,701,800,88,0.969777,0.947816
16,801,900,90,0.987258,0.988488
16,901,1000,87,0.975617,0.956243
19,1,100,90,0.98905,0.979681
19,101,200,88,0.985317,0.985495
19,201,300,91,0.991642,0.983835
19,301,400,90,0.989836,0.983447
19,401,500,90,0.989751,0.986246
19,501,600,91,0.990667,0.990972
19,601,700,94,0.990067,0.988754
19,701,800,92,0.996158,0.996005
19,801,900,89,0.991764,0.991469
19,901,1000,87,0.989503,0.988089
8,1,100,89,0.989514,0.979403
8,101,200,89,0.99656,0.996542
8,201,300,87,0.991322,0.991803
8,301,400,87,0.987664,0.940146
8,401,500,90,0.986579,0.987593
8,501,600,91,0.990169,0.975181
8,601,700,93,0.994747,0.984255
8,701,800,82,0.993228,0.98316
8,801,900,91,0.989821,0.990299
8,901,1000,86,0.995168,0.994629
19,1,100,90,0.984893,0.98426
19,101,200,91,0.980318,0.965019
19,201,300,87,0.990045,0.989907
19,301,400,90,0.98858,0.98702
19,401,500,93,0.985805,0.975122
19,501,600,88,0.988814,0.988687
19,601,700,93,0.988679,0.977783
19,701,800,94,0.98117,0.972878
19,801,900,97,0.988041,0.985217
19,901,1000,89,0.987472,0.974573
2,1,100,92,0.990864,0.991202
2,101,200,90,0.997613,0.99758
2,201,300,91,0.991457,0.981265
2,301,400,89,0.989529,0.978788
2,401,500,86,0.994843,0.994746
2,501,600,93,0.991455,0.991578
2,601,700,92,0.992409,0.991771
2,701,800,87,0.989743,0.978553
2,801,900,88,0.98826,0.987733
2,901,1000,85,0.987437,0.95364
6,1,100,82,0.988102,0.988782
6,101,200,88,0.982787,0.974195
6,201,300,94,0.988158,0.97953
6,301,400,87,0.981611,0.955534
6,401,500,91,0.987148,0.987293
6,501,600,91,0.977874,0.926819
6,601,700,87,0.988999,0.979278
6,701,800,90,0.991234,0.990546
6,801,900,87,0.985699,0.984324
6,901,1000,92,0.975558,0.950469
2,1,100,88,0.986611,0.976135
2,101,200,92,0.982025,0.968868
2,201,300,90,0.98114,0.963861
2,301,400,92,0.991385,0.971342
2,401,500,87,0.986576,0.985506
2,501,600,91,0.987225,0.976907
2,601,700,89,0.985664,0.985698
2,701,800,89,0.987494,0.964087
2,801,900,93,0.995017,0.989906
2,901,1000,93,0.98052,0.969499
14,1,100,92,0.980335,0.971001
14,101,200,88,0.96616,0.960112
14,201,300,86,0.976572,0.967716
14,301,400,93,0.973542,0.956469
14,401,500,91,0.979435,0.976737
14,501,600,97,0.962855,0.94542
14,601,700,92,0.977319,0.96927
14,701,800,83,0.952044,0.927627
14,801,900,87,0.976767,0.961767
14,901,1000,90,0.975049,0.963857
13,1,100,90,0.984418,0.974048
13,101,200,86,0.992852,0.993884
13,201,300,92,0.987339,0.984821
13,301,400,89,0.983749,0.976122
13,401,500,87,0.985928,0.969978
13,501,600,90,0.993276,0.977122
13,601,700,89,0.984755,0.974728
13,701,800,87,0.986718,0.969683
13,801,900,93,0.98906,0.974002
13,901,1000,90,0.978156,0.953804
11,1,100,85,0.983892,0.96338
11,101,200,89,0.976573,0.961793
11,201,300,87,0.984801,0.978129
11,301,400,93,0.988258,0.987312
11,401,500,86,0.988985,0.98126
11,501,600,93,0.979728,0.936548
11,601,700,89,0.987458,0.983097
11,701,800,92,0.990227,0.982298
11,801,900,86,0.977425,0.964535
11,901,1000,90,0.99103,0.986331
15,1,100,92,0.989909,0.985132
15,101,200,86,0.988259,0.984307
15,201,300,89,0.985939,0.965291
15,301,400,92,0.990526,0.990465
15,401,500,86,0.983587,0.971875
15,501,600,81,0.990369,0.978021
15,601,700,92,0.99177,0.991814
15,701,800,84,0.987797,0.96511
15,801,900,84,0.984511,0.971454
15,901,1000,84,0.97935,0.961826
17,1,100,93,0.978657,0.972938
17,101,200,90,0.996349,0.996658
17,201,300,89,0.989114,0.987964
17,301,400,90,0.995252,0.994737
17,401,500,90,0.991321,0.991431
17,501,600,87,0.991346,0.975328
17,601,700,92,0.991988,0.988626
17,701,800,88,0.980076,0.96644
17,801,900,91,0.984526,0.967474
17,901,1000,86,0.987377,0.969958
6,1,100,91,0.990763,0.982085
6,101,200,88,0.981073,0.968278
6,201,300,91,0.997259,0.997302
6,301,400,92,0.981049,0.979415
6,401,500,92,0.990052,0.97304
6,501,600,88,0.97578,0.968787
6,601,700,93,0.986124,0.976058
6,701,800,85,0.990396,0.99169
6,801,900,88,0.986225,0.986985
6,901,1000,85,0.986785,0.970619
12,1,100,92,0.98117,0.981143
12,101,200,88,0.982814,0.977272
12,201,300,94,0.98875,0.986947
12,301,400,88,0.980573,0.961888
12,401,500,86,0.982461,0.958185
12,501,600,90,0.988908,0.988853
12,601,700,91,0.990091,0.9799
12,701,800,95,0.986256,0.965825
12,801,900,89,0.989118,0.980267
12,901,1000,90,0.989152,0.980121
16,1,100,95,0.977911,0.974211
16,101,200,89,0.980161,0.976207
16,201,300,91,0.986541,0.975736
16,301,400,87,0.984901,0.979198
16,401,500,88,0.980339,0.972768
16,501,600,89,0.988955,0.982266
16,601,700,90,0.992545,0.982103
16,701,800,87,0.98319,0.982751
16,801,900,90,0.984998,0.986218
16,901,1000,93,0.983289,0.97072
5,1,100,88,0.993662,0.993115
5,101,200,88,0.993824,0.987443
5,201,300,87,0.983196,0.975865
5,301,400,93,0.989803,0.982719
5,401,500,91,0.985659,0.975398
5,501,600,89,0.986107,0.986664
5,601,700,90,0.979576,0.971531
5,701,800,85,0.989731,0.989961
5,801,900,91,0.982453,0.98318
5,901,1000,94,0.991325,0.977907
10,1,100,89,0.989265,0.989783
10,101,200,83,0.992695,0.990368
10,201,300,89,0.989042,0.989185
10,301,400,89,0.987915,0.98379
10,401,500,90,0.991393,0.970939
10,501,600,88,0.985264,0.980237
10,601,700,88,0.995565,0.995627
10,701,800,92,0.989957,0.990745
10,801,900,90,0.98721,0.983988
10,901,1000,94,0.990586,0.963931
0,1,100,71,0.985788,0.95816
10,1,100,93,0.979186,0.976633
10,101,200,92,0.955789,0.936642
10,201,300,93,0.971159,0.935641
10,301,400,90,0.980717,0.970987
10,401,500,87,0.984127,0.976774
10,501,600,88,0.967734,0.948436
10,601,700,86,0.975166,0.946376
10,701,800,86,0.983741,0.964536
10,801,900,90,0.982855,0.972206
10,901,1000,83,0.973746,0.971425
2,1,100,90,0.988238,0.977073
2,101,200,91,0.987264,0.975383
2,201,300,90,0.995754,0.983345
2,301,400,92,0.987132,0.972115
2,401,500,89,0.987418,0.955376
2,501,600,90,0.988744,0.980096
2,601,700,87,0.985598,0.96455
2,701,800,87,0.991763,0.964753
2,801,900,94,0.989023,0.962636
2,901,1000,83,0.986632,0.975251
5,1,100,96,0.981891,0.978008
5,101,200,91,0.986618,0.987841
5,201,300,88,0.981972,0.981785
5,301,400,94,0.983696,0.964807
5,401,500,90,0.979827,0.967751
5,501,600,90,0.979413,0.96732
5,601,700,90,0.98749,0.98008
5,701,800,85,0.981883,0.97648
5,801,900,91,0.985513,0.978219
5,901,1000,89,0.97772,0.965585
10,1,100,87,0.986312,0.970971
10,101,200,96,0.988019,0.969029
10,201,300,88,0.98908,0.989123
10,301,400,89,0.995384,0.994951
10,401,500,88,0.974324,0.961871
10,501,600,84,0.975315,0.957547
10,601,700,93,0.979983,0.975866
10,701,800,90,0.975376,0.961811
10,801,900,92,0.98262,0.974432
10,901,1000,88,0.987226,0.986569
16,1,100,88,0.995314,0.995752
16,101,200,92,0.987316,0.978219
16,201,300,84,0.993707,0.972055
16,301,400,87,0.987375,0.986151
16,401,500,92,0.98846,0.986254
16,501,600,94,0.986307,0.986341
16,601,700,92,0.993109,0.972754
16,701,800,88,0.994777,0.993414
16,801,900,90,0.988389,0.988694
16,901,1000,91,0.995516,0.995561
8,1,100,88,0.982112,0.969433
8,101,200,90,0.982602,0.968978
8,201,300,93,0.982942,0.956811
8,301,400,90,0.983187,0.965739
8,401,500,91,0.967945,0.947268
8,501,600,94,0.969267,0.95981
8,601,700,91,0.977773,0.97226
8,701,800,90,0.983971,0.966201
8,801,900,88,0.9801,0.960336
8,901,1000,92,0.983289,0.97196
17,1,100,94,0.987689,0.984919
17,101,200,93,0.982625,0.97241
17,201,300,85,0.987707,0.975188
17,301,400,89,0.980619,0.979047
17,401,500,94,0.995053,0.986899
17,501,600,90,0.98657,0.9563
17,601,700,88,0.993634,0.993445
17,701,800,90,0.990139,0.991545
17,801,900,95,0.981355,0.978097
17,901,1000,88,0.981704,0.957035
1,1,100,89,0.984777,0.969453
1,101,200,91,0.99615,0.985258
1,201,300,88,0.994107,0.984935
1,301,400,91,0.993491,0.971534
1,401,500,94,0.992114,0.991974
1,501,600,86,0.997338,0.977792
1,601,700,87,0.988699,0.97958
1,701,800,90,0.996009,0.968009
1,801,900,87,0.991238,0.980963
1,901,1000,86,0.995979,0.995254
9,1,100,94,0.975946,0.966489
9,101,200,92,0.982453,0.982216
9,201,300,91,0.97462,0.969506
9,301,400,89,0.972659,0.971617
9,401,500,91,0.986208,0.987071
9,501,600,82,0.985839,0.974373
9,601,700,86,0.990809,0.980465
9,701,800,88,0.970356,0.963673
9,801,900,92,0.991343,0.970128
9,901,1000,89,0.98371,0.977993
0,1,100,91,0.988965,0.982945
0,101,200,94,0.984016,0.953346
0,201,300,90,0.989679,0.989293
0,301,400,86,0.989866,0.98943
0,401,500,91,0.988797,0.986416
0,501,600,85,0.981852,0.963912
0,601,700,91,0.98707,0.987126
0,701,800,90,0.993109,0.992761
0,801,900,85,0.98271,0.975601
0,901,1000,86,0.992826,0.987913
17,1,100,87,0.990975,0.978965
17,101,200,91,0.983098,0.958303
17,201,300,91,0.983821,0.983941
17,301,400,93,0.989437,0.98093
17,401,500,86,0.984965,0.983068
17,501,600,87,0.984385,0.960206
17,601,700,91,0.980708,0.971151
17,701,800,88,0.977129,0.939166
17,801,900,88,0.978089,0.966339
17,901,1000,88,0.988126,0.982836
3,1,100,97,0.987992,0.969723
3,101,200,93,0.987771,0.975867
3,201,300,85,0.991539,0.99185
3,301,400,91,0.983183,0.945027
3,401,500,81,0.982121,0.964972
3,501,600,87,0.986776,0.986878
3,601,700,91,0.99243,0.981983
3,701,800,86,0.983566,0.983349
3,801,900,88,0.992289,0.970199
3,901,1000,91,0.99171,0.989639
18,1,100,88,0.987071,0.966027
18,101,200,90,0.986104,0.953666
18,201,300,94,0.987513,0.951621
18,301,400,91,0.977109,0.963282
18,401,500,90,0.993503,0.992679
18,501,600,83,0.992439,0.99282
18,601,700,92,0.987681,0.985635
18,701,800,87,0.987721,0.944729
18,801,900,91,0.993115,0.992884
18,901,1000,87,0.977599,0.978178
16,1,100,94,0.983711,0.983769
16,101,200,92,0.980471,0.977683
16,201,300,82,0.979326,0.967663
16,301,400,86,0.977669,0.95597
16,401,500,89,0.975947,0.951742
16,501,600,89,0.979121,0.967156
16,601,700,94,0.984554,0.985345
16,701,800,87,0.979581,0.970491
16,801,900,88,0.98643,0.970852
16,901,1000,92,0.981073,0.980058
10,1,100,87,0.98238,0.971049
10,101,200,90,0.983007,0.967792
10,201,300,87,0.985007,0.974837
10,301,400,90,0.982941,0.982327
10,401,500,87,0.983975,0.983422
10,501,600,89,0.983982,0.984273
10,601,700,92,0.978174,0.946453
10,701,800,88,0.983674,0.973948
10,801,900,86,0.987438,0.98627
10,901,1000,89,0.983588,0.976533
15,1,100,86,0.985276,0.975149
15,101,200,94,0.991849,0.982185
15,201,300,92,0.986149,0.985868
15,301,400,90,0.980801,0.958238
15,401,500,88,0.984298,0.983348
15,501,600,90,0.986738,0.980821
15,601,700,84,0.98965,0.990128
15,701,800,91,0.981525,0.972206
15,801,900,89,0.978647,0.974189
15,901,1000,91,0.981905,0.982848
7,1,100,87,0.979646,0.968758
7,101,200,90,0.984123,0.96842
7,201,300,91,0.991035,0.980619
7,301,400,87,0.990844,0.981838
7,401,500,93,0.990353,0.9717
7,501,600,96,0.989958,0.973392
7,601,700,89,0.986387,0.968813
7,701,800,88,0.987786,0.978103
7,801,900,90,0.994704,0.994324
7,901,1000,87,0.98419,0.97699
2,1,100,89,0.988481,0.987018
2,101,200,95,0.990612,0.988546
2,201,300,88,0.988924,0.97573
2,301,400,89,0.994763,0.99441
2,401,500,81,0.994416,0.992118
2,501,600,89,0.986053,0.986238
2,601,700,91,0.98565,0.985187
2,701,800,91,0.983592,0.979833
2,801,900,88,0.9795,0.95695
2,901,1000,88,0.986408,0.973306
16,1,100,86,0.985145,0.984848
16,101,200,87,0.992137,0.982144
16,201,300,85,0.983127,0.957349
16,301,400,92,0.981404,0.955512
16,401,500,88,0.975559,0.972817
16,501,600,88,0.989639,0.97937
16,601,700,86,0.989225,0.987381
16,701,800,89,0.986509,0.987665
16,801,900,90,0.988584,0.972086
16,901,1000,88,0.993425,0.985515
11,1,100,95,0.983873,0.983874
11,101,200,98,0.986885,0.976928
11,201,300,93,0.986548,0.967664
11,301,400,88,0.982889,0.972795
11,401,500,89,0.987907,0.970901
11,501,600,84,0.992272,0.992079
11,601,700,91,0.978623,0.967063
11,701,800,94,0.989757,0.980033
11,801,900,85,0.985129,0.965928
11,901,1000,89,0.993367,0.986695
7,1,100,94,0.989592,0.980323
7,101,200,84,0.986634,0.980678
7,201,300,88,0.987154,0.980427
7,301,400,94,0.984064,0.975387
7,401,500,91,0.975362,0.965935
7,501,600,87,0.970125,0.965711
7,601,700,89,0.978479,0.976638
7,701,800,92,0.987569,0.987385
7,801,900,89,0.973847,0.962944
7,901,1000,92,0.989018,0.980402
19,1,100,88,0.986766,0.985604
19,101,200,88,0.989448,0.988869
19,201,300,90,0.982476,0.983076
19,301,400,92,0.98803,0.979186
19,401,500,94,0.978982,0.965852
19,501,600,92,0.986837,0.987471
19,601,700,94,0.983817,0.984106
19,701,800,90,0.980576,0.980967
19,801,900,89,0.987181,0.980651
19,901,1000,94,0.98695,0.968712
7,1,100,91,0.989278,0.988238
7,101,200,88,0.985379,0.968251
7,201,300,90,0.984942,0.969712
7,301,400,90,0.996164,0.975459
7,401,500,86,0.986952,0.978151
7,501,600,82,0.994739,0.994831
7,601,700,91,0.984963,0.970336
7,701,800,89,0.991401,0.991045
7,801,900,89,0.987822,0.987871
7,901,1000,86,0.986553,0.979785
9,1,100,94,0.984398,0.965777
9,101,200,91,0.991268,0.981738
9,201,300,94,0.98908,0.98964
9,301,400,90,0.993605,0.993938
9,401,500,89,0.994292,0.99457
9,501,600,92,0.992838,0.99259
9,601,700,88,0.986451,0.970493
9,701,800,89,0.986328,0.986833
9,801,900,85,0.983715,0.980326
9,901,1000,92,0.994591,0.99438
14,1,100,90,0.992225,0.982157
14,101,200,93,0.989594,0.969139
14,201,300,89,0.993312,0.990073
14,301,400,82,0.995547,0.971731
14,401,500,92,0.985379,0.983492
14,501,600,88,0.97647,0.953532
14,601,700,90,0.994481,0.992321
14,701,800,92,0.989945,0.964043
14,801,900,91,0.988405,0.989411
14,901,1000,89,0.9876,0.976611
1,1,100,91,0.994162,0.986685
1,101,200,86,0.995536,0.965389
1,201,300,90,0.988169,0.970108
1,301,400,85,0.992299,0.979392
1,401,500,90,0.988497,0.979412
1,501,600,90,0.997337,0.997669
1,601,700,88,0.991504,0.972262
1,701,800,91,0.989864,0.960026
1,801,900,94,0.986346,0.971517
1,901,1000,90,0.990775,0.985159
18,1,100,91,0.986507,0.983389
18,101,200,89,0.990122,0.988915
18,201,300,86,0.99451,0.973873
18,301,400,82,0.988397,0.988615
18,401,500,94,0.991348,0.990223
18,501,600,90,0.981331,0.963028
18,601,700,92,0.993601,0.993358
18,701,800,87,0.993081,0.992296
18,801,900,89,0.990249,0.99025
18,901,1000,91,0.990485,0.990605
15,1,100,88,0.985972,0.976983
15,101,200,91,0.986101,0.975265
15,201,300,86,0.992837,0.967476
15,301,400,83,0.986046,0.974209
15,401,500,85,0.987772,0.984713
15,501,600,91,0.98658,0.956174
15,601,700,89,0.984726,0.972485
15,701,800,91,0.976446,0.952921
15,801,900,85,0.985749,0.972097
15,901,1000,86,0.987813,0.976356
18,1,100,84,0.987139,0.971258
18,101,200,90,0.989428,0.989593
18,201,300,90,0.975854,0.948726
18,301,400,91,0.99071,0.980369
18,401,500,92,0.979753,0.980312
18,501,600,92,0.979238,0.963513
18,601,700,91,0.992098,0.981646
18,701,800,87,0.977786,0.937264
18,801,900,89,0.984015,0.981893
18,901,1000,89,0.98346,0.956674
10,1,100,87,0.990495,0.983598
10,101,200,93,0.983519,0.974107
10,201,300,90,0.993839,0.982678
10,301,400,90,0.988342,0.988055
10,401,500,87,0.991024,0.99126
10,501,600,95,0.989594,0.982993
10,601,700,94,0.990061,0.981237
10,701,800,85,0.992595,0.959787
10,801,900,87,0.992329,0.988685
10,901,1000,91,0.991246,0.990534
3,1,100,95,0.97896,0.972993
3,101,200,94,0.990861,0.97124
3,201,300,90,0.993287,0.980971
3,301,400,92,0.983318,0.978369
3,401,500,91,0.975125,0.944674
3,501,600,92,0.990833,0.989287
3,601,700,85,0.981596,0.968792
3,701,800,87,0.985464,0.967196
3,801,900,91,0.98912,0.978637
3,901,1000,86,0.98745,0.965729
12,1,100,90,0.990577,0.983231
12,101,200,89,0.988105,0.978413
12,201,300,92,0.990048,0.9907
12,301,400,87,0.988256,0.985626
12,401,500,88,0.997251,0.987812
12,501,600,89,0.985613,0.98579
12,601,700,87,0.987448,0.977313
12,701,800,86,0.981859,0.981992
12,801,900,87,0.992326,0.99168
12,901,1000,86,0.988601,0.978496
4,1,100,92,0.977267,0.976429
4,101,200,86,0.977323,0.969778
4,201,300,99,0.99194,0.991559
4,301,400,90,0.990274,0.990217
4,401,500,85,0.97732,0.967928
4,501,600,84,0.982178,0.982499
4,601,700,91,0.989804,0.988079
4,701,800,92,0.982719,0.969504
4,801,900,89,0.984723,0.985948
4,901,1000,89,0.967501,0.915075
9,1,100,87,0.982626,0.982659
9,101,200,85,0.987382,0.98029
9,201,300,90,0.989191,0.980807
9,301,400,87,0.989546,0.979237
9,401,500,87,0.982177,0.981376
9,501,600,92,0.988633,0.977905
9,601,700,87,0.994568,0.983575
9,701,800,92,0.996665,0.996355
9,801,900,90,0.990573,0.990855
9,901,1000,89,0.981801,0.968928
3,1,100,90,0.988238,0.977073
3,101,200,91,0.987264,0.975383
3,201,300,90,0.995754,0.983345
3,301,400,92,0.987132,0.972115
3,401,500,89,0.987418,0.955376
3,501,600,90,0.988744,0.980096
3,601,700,87,0.985598,0.96455
3,701,800,87,0.991763,0.964753
3,801,900,94,0.989023,0.962636
3,901,1000,83,0.986632,0.975251
8,1,100,90,0.973411,0.973115
8,101,200,90,0.97921,0.979641
8,201,300,93,0.987666,0.980662
8,301,400,89,0.976688,0.976252
8,401,500,87,0.98674,0.986158
8,501,600,88,0.979812,0.968856
8,601,700,95,0.981025,0.973091
8,701,800,91,0.982364,0.965991
8,801,900,88,0.975277,0.971768
8,901,1000,91,0.976981,0.972369
0,1,100,86,0.994001,0.990686
0,101,200,94,0.981697,0.965825
0,201,300,91,0.982691,0.967966
0,301,400,87,0.970549,0.944154
0,401,500,92,0.990032,0.988492
0,501,600,88,0.980957,0.97748
0,601,700,93,0.981206,0.970298
0,701,800,86,0.990303,0.989729
0,801,900,89,0.988849,0.979443
0,901,1000,84,0.984693,0.974095
8,1,100,90,0.982582,0.981828
8,101,200,91,0.98247,0.980745
8,201,300,89,0.987602,0.957642
8,301,400,91,0.989575,0.989708
8,401,500,91,0.980547,0.962432
8,501,600,86,0.97646,0.968245
8,601,700,91,0.98752,0.971927
8,701,800,85,0.977595,0.94705
8,801,900,87,0.980557,0.967901
8,901,1000,90,0.981505,0.966339
17,1,100,96,0.990258,0.976109
17,101,200,85,0.984646,0.977076
17,201,300,94,0.992452,0.992249
17,301,400,90,0.991987,0.981223
17,401,500,91,0.987137,0.985292
17,501,600,88,0.985235,0.985547
17,601,700,92,0.981923,0.981406
17,701,800,88,0.994687,0.994411
17,801,900,88,0.991472,0.981752
17,901,1000,92,0.988684,0.977431
14,1,100,87,0.970538,0.944355
14,101,200,90,0.98194,0.976153
14,201,300,92,0.994156,0.992485
14,301,400,88,0.986503,0.965371
14,401,500,87,0.971814,0.970161
14,501,600,86,0.981448,0.977993
14,601,700,82,0.983345,0.977541
14,701,800,88,0.977425,0.965889
14,801,900,90,0.989686,0.98735
14,901,1000,89,0.977125,0.974512
15,1,100,90,0.985372,0.986427
15,101,200,91,0.982107,0.97253
15,201,300,88,0.980837,0.972026
15,301,400,87,0.977861,0.96331
15,401,500,91,0.995773,0.985718
15,501,600,91,0.981151,0.966049
15,601,700,93,0.991673,0.984172
15,701,800,96,0.995766,0.995267
15,801,900,90,0.987434,0.976033
15,901,1000,92,0.983467,0.958396
0,1,100,97,0.981918,0.980874
0,101,200,90,0.977513,0.976735
0,201,300,87,0.965739,0.961355
0,301,400,90,0.978341,0.963402
0,401,500,91,0.973927,0.970392
0,501,600,93,0.982918,0.973754
0,601,700,91,0.980339,0.951199
0,701,800,89,0.982397,0.980314
0,801,900,88,0.982736,0.980055
0,901,1000,91,0.971251,0.951363
12,1,100,88,0.987954,0.972265
12,101,200,93,0.988352,0.971181
12,201,300,88,0.989916,0.979901
12,301,400,90,0.989151,0.987911
12,401,500,90,0.995714,0.98583
12,501,600,89,0.99642,0.985928
12,601,700,92,0.995061,0.988553
12,701,800,88,0.993461,0.992925
12,801,900,88,0.990238,0.97437
12,901,1000,88,0.995156,0.994487
7,1,100,92,0.966615,0.956733
7,101,200,92,0.974914,0.948191
7,201,300,94,0.985528,0.962983
7,301,400,91,0.980499,0.977891
7,401,500,88,0.977709,0.959082
7,501,600,92,0.971107,0.957575
7,601,700,96,0.974168,0.965042
7,701,800,85,0.989407,0.989288
7,801,900,89,0.98216,0.967165
7,901,1000,91,0.978035,0.961276
15,1,100,89,0.986757,0.959023
15,101,200,93,0.981138,0.979981
15,201,300,92,0.981892,0.97412
15,301,400,95,0.991992,0.981108
15,401,500,94,0.984496,0.984643
15,501,600,86,0.985937,0.967893
15,601,700,81,0.984766,0.972166
15,701,800,93,0.991794,0.982261
15,801,900,91,0.982395,0.957156
15,901,1000,91,0.987268,0.979696
18,1,100,90,0.989117,0.988542
18,101,200,91,0.983867,0.975141
18,201,300,91,0.992921,0.991886
18,301,400,92,0.988979,0.988896
18,401,500,90,0.987807,0.969279
18,501,600,90,0.988756,0.989495
18,601,700,88,0.993645,0.99329
18,701,800,90,0.982153,0.96193
18,801,900,93,0.98701,0.9862
18,901,1000,88,0.988285,0.986769
1,1,100,91,0.983281,0.973367
1,101,200,85,0.979696,0.977304
1,201,300,86,0.979124,0.96782
1,301,400,91,0.988333,0.970907
1,401,500,90,0.977201,0.977319
1,501,600,90,0.973044,0.969825
1,601,700,88,0.985032,0.984573
1,701,800,87,0.993094,0.993244
1,801,900,90,0.987995,0.985997
1,901,1000,90,0.988656,0.987119
14,1,100,90,0.988559,0.970524
14,101,200,91,0.985661,0.97063
14,201,300,86,0.982595,0.972837
14,301,400,89,0.972401,0.939232
14,401,500,95,0.97767,0.957715
14,501,600,96,0.98232,0.983852
14,601,700,90,0.982445,0.973477
14,701,800,88,0.987083,0.975978
14,801,900,89,0.982167,0.967924
14,901,1000,88,0.98258,0.950049
7,1,100,90,0.99075,0.980643
7,101,200,85,0.993779,0.993757
7,201,300,92,0.99185,0.980713
7,301,400,90,0.992534,0.983014
7,401,500,92,0.988121,0.987847
7,501,600,94,0.992119,0.983963
7,601,700,87,0.992686,0.992181
7,701,800,94,0.994547,0.99404
7,801,900,91,0.989138,0.989476
7,901,1000,82,0.993302,0.98281
5,1,100,94,0.977142,0.964687
5,101,200,86,0.990206,0.972581
5,201,300,91,0.977898,0.978308
5,301,400,90,0.973837,0.964421
5,401,500,87,0.986696,0.986444
5,501,600,91,0.979873,0.9694
5,601,700,86,0.956388,0.946058
5,701,800,94,0.957329,0.946214
5,801,900,88,0.97707,0.96312
5,901,1000,91,0.972606,0.973281
10,1,100,89,0.983275,0.965087
10,101,200,91,0.986267,0.983773
10,201,300,89,0.994438,0.979854
10,301,400,92,0.989785,0.988449
10,401,500,94,0.992124,0.992194
10,501,600,83,0.988114,0.984771
10,601,700,92,0.988261,0.986218
10,701,800,89,0.990695,0.991234
10,801,900,96,0.985334,0.967133
10,901,1000,92,0.993105,0.992563
8,1,100,86,0.982936,0.973856
8,101,200,89,0.984544,0.971114
8,201,300,92,0.983236,0.961031
8,301,400,88,0.976475,0.961992
8,401,500,96,0.992195,0.97849
8,501,600,96,0.981624,0.974245
8,601,700,87,0.987981,0.988372
8,701,800,88,0.979784,0.980142
8,801,900,90,0.982472,0.97267
8,901,1000,88,0.978262,0.976997
0,1,100,63,0.997581,0.982498
11,1,100,91,0.986219,0.969011
11,101,200,91,0.994856,0.983767
11,201,300,90,0.986838,0.973011
11,301,400,86,0.992244,0.98594
11,401,500,91,0.993671,0.98313
11,501,600,87,0.991861,0.980626
11,601,700,92,0.988629,0.967254
11,701,800,90,0.997736,0.988198
11,801,900,87,0.989559,0.976523
11,901,1000,84,0.991006,0.989979
5,1,100,92,0.986405,0.961467
5,101,200,96,0.988638,0.969911
5,201,300,90,0.988797,0.989628
5,301,400,86,0.977275,0.953732
5,401,500,93,0.985594,0.980641
5,501,600,87,0.992799,0.990283
5,601,700,93,0.982326,0.974796
5,701,800,87,0.978932,0.954594
5,801,900,88,0.980754,0.962186
5,901,1000,93,0.976011,0.961434
3,1,100,90,0.988015,0.962124
3,101,200,92,0.990627,0.991464
3,201,300,89,0.98144,0.970039
3,301,400,88,0.979821,0.96386
3,401,500,93,0.991495,0.992165
3,501,600,89,0.984986,0.974167
3,601,700,89,0.993618,0.993415
3,701,800,91,0.978378,0.973759
3,801,900,90,0.994731,0.988285
3,901,1000,89,0.973134,0.959531
11,1,100,88,0.985596,0.97618
11,101,200,87,0.989703,0.990275
11,201,300,93,0.989889,0.978158
11,301,400,92,0.989651,0.9886
11,401,500,85,0.989086,0.987296
11,501,600,95,0.983284,0.976558
11,601,700,94,0.993263,0.983346
11,701,800,93,0.9853,0.967083
11,801,900,92,0.987372,0.983135
11,901,1000,90,0.985548,0.965312
1,1,100,95,0.977228,0.962674
1,101,200,89,0.982521,0.960662
1,201,300,89,0.972453,0.961677
1,301,400,89,0.987535,0.987637
1,401,500,91,0.97524,0.957029
1,501,600,88,0.987875,0.977263
1,601,700,83,0.990118,0.967085
1,701,800,88,0.983578,0.936817
1,801,900,93,0.982023,0.971819
1,901,1000,94,0.981327,0.949565
13,1,100,91,0.987495,0.981193
13,101,200,93,0.988274,0.980933
13,201,300,83,0.990591,0.981356
13,301,400,91,0.993338,0.982623
13,401,500,84,0.994902,0.995333
13,501,600,87,0.990678,0.974585
13,601,700,87,0.990841,0.973671
13,701,800,90,0.991303,0.969861
13,801,900,92,0.990343,0.983677
13,901,1000,87,0.992221,0.981187
18,1,100,90,0.983607,0.974908
18,101,200,86,0.978089,0.965435
18,201,300,86,0.983469,0.968351
18,301,400,90,0.987548,0.987515
18,401,500,88,0.986768,0.986123
18,501,600,87,0.982898,0.975576
18,601,700,85,0.983793,0.963363
18,701,800,90,0.984783,0.958159
18,801,900,94,0.990211,0.980981
18,901,1000,82,0.987695,0.97873
2,1,100,89,0.988053,0.986396
2,101,200,86,0.98873,0.964883
2,201,300,91,0.9884,0.941672
2,301,400,93,0.99168,0.991516
2,401,500,89,0.992081,0.992307
2,501,600,87,0.994654,0.995326
2,601,700,93,0.992774,0.974899
2,701,800,91,0.995304,0.99503
2,801,900,87,0.993188,0.97285
2,901,1000,92,0.986931,0.980941
5,1,100,84,0.989922,0.989705
5,101,200,92,0.992102,0.969276
5,201,300,87,0.999043,0.999234
5,301,400,90,0.992552,0.991723
5,401,500,91,0.993957,0.976553
5,501,600,88,0.986291,0.978129
5,601,700,82,0.991409,0.974227
5,701,800,91,0.993156,0.973625
5,801,900,93,0.994061,0.976291
5,901,1000,88,0.993413,0.983799
18,1,100,92,0.991658,0.990803
18,101,200,93,0.986548,0.96855
18,201,300,94,0.990893,0.985853
18,301,400,91,0.983773,0.972597
18,401,500,93,0.984779,0.984807
18,501,600,91,0.982361,0.962727
18,601,700,84,0.989187,0.983873
18,701,800,93,0.993688,0.99377
18,801,900,92,0.992517,0.983257
18,901,1000,94,0.990233,0.982647
6,1,100,87,0.986582,0.979469
6,101,200,89,0.978767,0.962261
6,201,300,91,0.976327,0.96251
6,301,400,89,0.958539,0.944925
6,401,500,89,0.972407,0.953231
6,501,600,85,0.958642,0.949198
6,601,700,90,0.981426,0.981611
6,701,800,91,0.963229,0.94682
6,801,900,94,0.961425,0.951392
6,901,1000,94,0.98076,0.97083
5,1,100,91,0.987875,0.987491
5,101,200,96,0.989031,0.989596
5,201,300,85,0.978738,0.9685
5,301,400,90,0.992894,0.992892
5,401,500,93,0.986607,0.979411
5,501,600,89,0.98274,0.978272
5,601,700,92,0.992652,0.984531
5,701,800,95,0.982765,0.982061
5,801,900,86,0.979226,0.957692
5,901,1000,89,0.989866,0.97771
19,1,100,83,0.989616,0.988995
19,101,200,96,0.989559,0.981892
19,201,300,90,0.992821,0.984968
19,301,400,93,0.989416,0.97853
19,401,500,88,0.996782,0.986093
19,501,600,89,0.989078,0.989058
19,601,700,90,0.994534,0.986228
19,701,800,90,0.988025,0.9719
19,801,900,95,0.988204,0.98076
19,901,1000,94,0.989992,0.987153
13,1,100,92,0.989362,0.98701
13,101,200,93,0.980993,0.97934
13,201,300,91,0.993437,0.98748
13,301,400,92,0.979264,0.980244
13,401,500,94,0.97439,0.961828
13,501,600,94,0.98477,0.97473
13,601,700,92,0.992487,0.986282
13,701,800,90,0.983159,0.94774
13,801,900,90,0.978852,0.971554
13,901,1000,89,0.985057,0.978705
9,1,100,92,0.985723,0.984716
9,101,200,89,0.992849,0.992587
9,201,300,88,0.990213,0.989681
9,301,400,93,0.99261,0.982517
9,401,500,87,0.989856,0.970333
9,501,600,84,0.989749,0.980712
9,601,700,88,0.985995,0.986848
9,701,800,92,0.983997,0.963869
9,801,900,94,0.981537,0.972719
9,901,1000,90,0.992649,0.978861
1,1,100,85,0.991458,0.979864
1,101,200,96,0.992448,0.984311
1,201,300,89,0.980833,0.97832
1,301,400,85,0.987426,0.984597
1,401,500,89,0.983191,0.971137
1,501,600,85,0.994673,0.993864
1,601,700,89,0.992324,0.981569
1,701,800,92,0.990453,0.964994
1,801,900,91,0.98245,0.979198
1,901,1000,89,0.990212,0.959766
4,1,100,95,0.986045,0.974246
4,101,200,89,0.978104,0.96805
4,201,300,97,0.987782,0.986476
4,301,400,86,0.973449,0.972525
4,401,500,88,0.988821,0.989148
4,501,600,88,0.991871,0.993284
4,601,700,88,0.991427,0.973488
4,701,800,89,0.977412,0.961632
4,801,900,81,0.982876,0.971167
4,901,1000,88,0.987854,0.960351
6,1,100,91,0.979957,0.958609
6,101,200,90,0.985206,0.970664
6,201,300,86,0.979975,0.968007
6,301,400,87,0.976344,0.966836
6,401,500,91,0.983314,0.961261
6,501,600,86,0.980187,0.974411
6,601,700,91,0.970934,0.938679
6,701,800,93,0.979256,0.97846
6,801,900,93,0.963776,0.946746
6,901,1000,87,0.977751,0.977524
15,1,100,90,0.984154,0.97644
15,101,200,86,0.991924,0.992196
15,201,300,92,0.987836,0.970582
15,301,400,91,0.994557,0.981628
15,401,500,92,0.984753,0.98405
15,501,600,87,0.990954,0.97979
15,601,700,92,0.988114,0.97074
15,701,800,90,0.993532,0.982994
15,801,900,93,0.993784,0.972785
15,901,1000,87,0.989904,0.989651
8,1,100,92,0.987228,0.982329
8,101,200,90,0.985361,0.984996
8,201,300,90,0.989024,0.988665
8,301,400,86,0.982893,0.978687
8,401,500,86,0.990176,0.990713
8,501,600,88,0.987152,0.985367
8,601,700,92,0.981454,0.961102
8,701,800,88,0.988889,0.963429
8,801,900,84,0.984534,0.974935
8,901,1000,86,0.980712,0.980325
16,1,100,94,0.985557,0.973766
16,101,200,92,0.994052,0.990669
16,201,300,83,0.991835,0.979455
16,301,400,91,0.990842,0.990553
16,401,500,93,0.989221,0.964669
16,501,600,90,0.986874,0.978018
16,601,700,86,0.9928,0.992791
16,701,800,90,0.984597,0.975076
16,801,900,90,0.989612,0.979183
16,901,1000,87,0.987654,0.986893
4,1,100,90,0.99527,0.995217
4,101,200,95,0.991175,0.99067
4,201,300,89,0.992945,0.982362
4,301,400,91,0.988181,0.980557
4,401,500,91,0.995152,0.986848
4,501,600,89,0.992574,0.981794
4,601,700,92,0.989906,0.98655
4,701,800,86,0.985807,0.97562
4,801,900,86,0.994255,0.990752
4,901,1000,86,0.996588,0.987568
0,1,100,75,0.975979,0.948603
9,1,100,87,0.994142,0.983638
9,101,200,87,0.991885,0.989455
9,201,300,94,0.99078,0.99149
9,301,400,89,0.990448,0.98792
9,401,500,89,0.992132,0.990542
9,501,600,92,0.991065,0.983197
9,601,700,93,0.983153,0.950995
9,701,800,95,0.989961,0.989079
9,801,900,89,0.991403,0.980397
9,901,1000,92,0.986622,0.98605
15,1,100,92,0.980665,0.95991
15,101,200,93,0.97601,0.974942
15,201,300,85,0.9805,0.965397
15,301,400,93,0.972834,0.965099
15,401,500,91,0.983537,0.974306
15,501,600,91,0.991734,0.986265
15,601,700,89,0.973549,0.942598
15,701,800,96,0.98457,0.978493
15,801,900,87,0.978722,0.961124
15,901,1000,88,0.985617,0.987886
2,1,100,93,0.992613,0.982701
2,101,200,87,0.987758,0.965523
2,201,300,87,0.981386,0.980384
2,301,400,88,0.996516,0.987265
2,401,500,80,0.989921,0.99073
2,501,600,90,0.988956,0.973121
2,601,700,91,0.987929,0.967772
2,701,800,90,0.988405,0.968029
2,801,900,90,0.987493,0.9868
2,901,1000,87,0.987727,0.989025
0,1,100,87,0.988154,0.971519
0,101,200,93,0.994584,0.984021
0,201,300,90,0.991277,0.972685
0,301,400,88,0.991417,0.980637
0,401,500,91,0.994579,0.974455
0,501,600,94,0.986224,0.966962
0,601,700,89,0.998537,0.998516
0,701,800,87,0.996297,0.996301
0,801,900,92,0.983106,0.943516
0,901,1000,90,0.992411,0.970972
13,1,100,96,0.981955,0.971536
13,101,200,84,0.983985,0.980708
13,201,300,82,0.983328,0.980214
13,301,400,94,0.982766,0.971801
13,401,500,91,0.980497,0.980698
13,501,600,87,0.979404,0.968826
13,601,700,96,0.983337,0.982164
13,701,800,91,0.98921,0.974467
13,801,900,84,0.991309,0.990596
13,901,1000,93,0.989263,0.980984
1,1,100,92,0.992539,0.972806
1,101,200,94,0.975291,0.972597
1,201,300,90,0.987233,0.977185
1,301,400,87,0.98941,0.978286
1,401,500,90,0.97914,0.971523
1,501,600,92,0.985859,0.973969
1,601,700,90,0.988579,0.987844
1,701,800,90,0.987555,0.96769
1,801,900,92,0.973915,0.964874
1,901,1000,89,0.987082,0.984657
15,1,100,87,0.993756,0.993535
15,101,200,90,0.986516,0.977283
15,201,300,96,0.983544,0.965785
15,301,400,88,0.987346,0.986622
15,401,500,90,0.985988,0.967
15,501,600,88,0.983442,0.976612
15,601,700,82,0.977216,0.977745
15,701,800,91,0.981273,0.967162
15,801,900,90,0.9878,0.967105
15,901,1000,93,0.978364,0.978947
12,1,100,93,0.986055,0.986918
12,101,200,88,0.987251,0.986265
12,201,300,90,0.982744,0.980512
12,301,400,85,0.98359,0.967994
12,401,500,92,0.991547,0.991479
12,501,600,88,0.986394,0.976328
12,601,700,86,0.988157,0.981039
12,701,800,88,0.988139,0.989039
12,801,900,92,0.993439,0.982849
12,901,1000,89,0.979572,0.950355
5,1,100,89,0.981584,0.970391
5,101,200,89,0.988766,0.976687
5,201,300,90,0.974314,0.966668
5,301,400,92,0.99372,0.973427
5,401,500,92,0.994801,0.983537
5,501,600,89,0.98536,0.971723
5,601,700,90,0.987602,0.969228
5,701,800,85,0.988396,0.988343
5,801,900,90,0.986042,0.955681
5,901,1000,86,0.987996,0.9796
4,1,100,88,0.994389,0.994638
4,101,200,86,0.983016,0.947689
4,201,300,93,0.987944,0.968249
4,301,400,82,0.988033,0.989001
4,401,500,88,0.989997,0.977919
4,501,600,96,0.995937,0.986118
4,601,700,89,0.970967,0.972123
4,701,800,90,0.988003,0.987081
4,801,900,94,0.983854,0.972556
4,901,1000,90,0.991531,0.981157
0,1,100,93,0.985833,0.977757
0,101,200,88,0.99475,0.99245
0,201,300,93,0.973517,0.970351
0,301,400,81,0.987785,0.972142
0,401,500,92,0.977116,0.972468
0,501,600,89,0.992477,0.981343
0,601,700,87,0.986267,0.966078
0,701,800,93,0.985678,0.983677
0,801,900,89,0.981723,0.980596
0,901,1000,92,0.994333,0.994161
2,1,100,91,0.995127,0.984846
2,101,200,92,0.990706,0.972914
2,201,300,93,0.988425,0.987092
2,301,400,86,0.985991,0.98479
2,401,500,87,0.994509,0.989217
2,501,600,91,0.985878,0.975511
2,601,700,85,0.991948,0.992154
2,701,800,83,0.991473,0.990993
2,801,900,94,0.984078,0.976439
2,901,1000,90,0.990273,0.971037
19,1,100,88,0.984991,0.969154
19,101,200,90,0.992617,0.984025
19,201,300,86,0.994793,0.985283
19,301,400,92,0.994044,0.993336
19,401,500,90,0.990506,0.973344
19,501,600,85,0.989011,0.96647
19,601,700,87,0.989463,0.968882
19,701,800,93,0.992497,0.992377
19,801,900,91,0.987434,0.976794
19,901,1000,91,0.99139,0.980453
1,1,100,88,0.9922,0.99185
1,101,200,91,0.98757,0.977164
1,201,300,89,0.988115,0.960277
1,301,400,88,0.98876,0.980102
1,401,500,88,0.994897,0.995087
1,501,600,89,0.987399,0.989314
1,601,700,88,0.995193,0.979223
1,701,800,90,0.990219,0.973519
1,801,900,92,0.988506,0.979833
1,901,1000,84,0.98829,0.969994
0,1,100,88,0.98512,0.963867
0,101,200,94,0.987739,0.971227
0,201,300,90,0.9894,0.989052
0,301,400,88,0.995605,0.995399
0,401,500,86,0.98753,0.978939
0,501,600,87,0.987464,0.975291
0,601,700,88,0.978371,0.967309
0,701,800,90,0.98077,0.9682
0,801,900,92,0.987157,0.975984
0,901,1000,94,0.988228,0.978961
16,1,100,90,0.976319,0.974947
16,101,200,86,0.977386,0.956244
16,201,300,89,0.989796,0.977172
16,301,400,90,0.985004,0.978202
16,401,500,87,0.978783,0.969627
16,501,600,90,0.992175,0.981738
16,601,700,95,0.986735,0.984939
16,701,800,93,0.985668,0.97257
16,801,900,92,0.978972,0.9788
16,901,1000,91,0.973155,0.963665
0,1,100,70,0.985959,0.974862
11,1,100,89,0.974169,0.954549
11,101,200,88,0.964152,0.951382
11,201,300,91,0.976392,0.968787
11,301,400,93,0.965721,0.933397
11,401,500,89,0.987466,0.976851
11,501,600,90,0.979331,0.970397
11,601,700,90,0.976466,0.967484
11,701,800,85,0.975559,0.973645
11,801,900,91,0.985308,0.970069
11,901,1000,89,0.97601,0.973602
0,1,100,66,0.989757,0.9612
10,1,100,92,0.989168,0.988813
10,101,200,85,0.988215,0.955094
10,201,300,91,0.982586,0.960458
10,301,400,93,0.98942,0.98877
10,401,500,86,0.983168,0.956021
10,501,600,92,0.985713,0.961872
10,601,700,94,0.98852,0.988698
10,701,800,95,0.985261,0.965681
10,801,900,92,0.981605,0.971506
10,901,1000,89,0.984839,0.982307
6,1,100,95,0.985714,0.975359
6,101,200,96,0.98363,0.963862
6,201,300,83,0.991434,0.969115
6,301,400,89,0.991752,0.9812
6,401,500,95,0.983727,0.97302
6,501,600,87,0.990183,0.978839
6,601,700,89,0.986739,0.976461
6,701,800,90,0.99178,0.972656
6,801,900,87,0.984251,0.963638
6,901,1000,88,0.976708,0.976362
13,1,100,89,0.989367,0.98985
13,101,200,87,0.98609,0.969538
13,201,300,95,0.986389,0.977255
13,301,400,88,0.985498,0.982914
13,401,500,90,0.975932,0.961618
13,501,600,87,0.983931,0.971814
13,601,700,89,0.985809,0.973805
13,701,800,90,0.982342,0.979652
13,801,900,87,0.987088,0.987979
13,901,1000,93,0.98581,0.987209
1,1,100,92,0.976084,0.977998
1,101,200,88,0.980008,0.973149
1,201,300,83,0.986402,0.984359
1,301,400,90,0.977227,0.966436
1,401,500,89,0.974731,0.972164
1,501,600,91,0.985275,0.965939
1,601,700,90,0.979366,0.969286
1,701,800,91,0.978154,0.958675
1,801,900,94,0.981356,0.968704
1,901,1000,87,0.98706,0.967399
12,1,100,89,0.986513,0.984299
12,101,200,94,0.990735,0.990452
12,201,300,93,0.981079,0.969984
12,301,400,92,0.989998,0.98137
12,401,500,87,0.985995,0.974149
12,501,600,94,0.987468,0.986099
12,601,700,94,0.984424,0.983559
12,701,800,87,0.990928,0.973256
12,801,900,90,0.990918,0.990369
12,901,1000,89,0.989046,0.982573
0,1,100,75,0.972667,0.945066
2,1,100,88,0.990557,0.97851
2,101,200,89,0.987571,0.987469
2,201,300,88,0.981566,0.969798
2,301,400,88,0.981233,0.961131
2,401,500,90,0.977722,0.959775
2,501,600,94,0.990605,0.990482
2,601,700,94,0.982208,0.967567
2,701,800,94,0.983139,0.96423
2,801,900,91,0.980662,0.969535
2,901,1000,86,0.983283,0.970643
14,1,100,84,0.975741,0.975101
14,101,200,90,0.981816,0.981987
14,201,300,88,0.982674,0.971848
14,301,400,89,0.992031,0.981495
14,401,500,94,0.989321,0.984331
14,501,600,91,0.981799,0.980542
14,601,700,93,0.977013,0.973169
14,701,800,90,0.97916,0.97894
14,801,900,88,0.977838,0.976051
14,901,1000,93,0.981723,0.959029
10,1,100,89,0.984802,0.985963
10,101,200,85,0.971516,0.955823
10,201,300,89,0.98737,0.987631
10,301,400,90,0.989608,0.982222
10,401,500,91,0.977512,0.976138
10,501,600,86,0.987619,0.987031
10,601,700,90,0.983,0.96383
10,701,800,88,0.979858,0.967436
10,801,900,84,0.989761,0.988941
10,901,1000,91,0.992707,0.984773
12,1,100,92,0.981189,0.971157
12,101,200,94,0.975953,0.975195
12,201,300,92,0.987192,0.986232
12,301,400,94,0.988814,0.985042
12,401,500,86,0.985913,0.974006
12,501,600,93,0.992551,0.985563
12,601,700,91,0.987397,0.983858
12,701,800,87,0.97904,0.978959
12,801,900,88,0.984764,0.966004
12,901,1000,89,0.976388,0.950093
14,1,100,91,0.983972,0.98428
14,101,200,84,0.986242,0.975171
14,201,300,94,0.983759,0.967728
14,301,400,92,0.980188,0.973217
14,401,500,93,0.987984,0.977258
14,501,600,91,0.990871,0.983375
14,601,700,89,0.987003,0.987264
14,701,800,90,0.984721,0.984416
14,801,900,88,0.986164,0.979715
14,901,1000,88,0.966608,0.94224
13,1,100,89,0.987211,0.985381
13,101,200,88,0.984115,0.971647
13,201,300,91,0.993056,0.977669
13,301,400,87,0.989746,0.986469
13,401,500,87,0.980631,0.976129
13,501,600,92,0.980349,0.979707
13,601,700,91,0.982724,0.961408
13,701,800,94,0.989525,0.966346
13,801,900,89,0.979683,0.973531
13,901,1000,87,0.980189,0.960428
0,1,100,81,0.985853,0.953115
0,101,200,88,0.983802,0.963384
0,201,300,86,0.989198,0.989286
0,301,400,90,0.986589,0.975475
0,401,500,83,0.987767,0.981414
0,501,600,99,0.979364,0.96289
0,601,700,88,0.993136,0.982837
0,701,800,86,0.988637,0.980489
0,801,900,91,0.983077,0.9762
0,901,1000,84,0.985802,0.96405
11,1,100,93,0.988031,0.988726
11,101,200,87,0.985676,0.975599
11,201,300,88,0.988029,0.979626
11,301,400,90,0.991705,0.990798
11,401,500,89,0.985443,0.972211
11,501,600,91,0.98269,0.96188
11,601,700,89,0.979104,0.965359
11,701,800,86,0.994772,0.99504
11,801,900,90,0.975599,0.97207
11,901,1000,86,0.991,0.967516
12,1,100,87,0.993838,0.992384
12,101,200,96,0.991144,0.982685
12,201,300,88,0.976881,0.977471
12,301,400,89,0.9913,0.99124
12,401,500,94,0.988353,0.977477
12,501,600,88,0.98686,0.954323
12,601,700,92,0.992143,0.99158
12,701,800,87,0.990267,0.990054
12,801,900,87,0.980426,0.964293
12,901,1000,91,0.987413,0.979633
6,1,100,91,0.990918,0.973879
6,101,200,91,0.987531,0.984503
6,201,300,94,0.985019,0.982253
6,301,400,85,0.984787,0.983965
6,401,500,94,0.988489,0.988902
6,501,600,92,0.982352,0.972482
6,601,700,92,0.979798,0.96871
6,701,800,92,0.988764,0.968867
6,801,900,94,0.99533,0.986393
6,901,1000,87,0.990932,0.979184
19,1,100,86,0.994178,0.994048
19,101,200,85,0.994605,0.994694
19,201,300,90,0.989518,0.978746
19,301,400,87,0.988374,0.977601
19,401,500,89,0.986484,0.985957
19,501,600,91,0.993254,0.983217
19,601,700,88,0.982444,0.982025
19,701,800,91,0.986537,0.970917
19,801,900,89,0.992171,0.992767
19,901,1000,90,0.983255,0.955193
5,1,100,83,0.971536,0.954785
5,101,200,85,0.985812,0.986737
5,201,300,87,0.987667,0.978352
5,301,400,92,0.988099,0.964955
5,401,500,93,0.984244,0.969962
5,501,600,91,0.977773,0.968922
5,601,700,92,0.97192,0.947614
5,701,800,96,0.976147,0.975596
5,801,900,92,0.978999,0.980375
5,901,1000,89,0.988209,0.983693
11,1,100,88,0.97559,0.970615
11,101,200,92,0.981338,0.96118
11,201,300,88,0.975478,0.958553
11,301,400,90,0.977576,0.953737
11,401,500,94,0.972953,0.936896
11,501,600,89,0.975768,0.973537
11,601,700,87,0.975112,0.95393
11,701,800,86,0.98846,0.987763
11,801,900,86,0.976296,0.957933
11,901,1000,93,0.97666,0.966994
3,1,100,91,0.977335,0.958653
3,101,200,94,0.973986,0.957281
3,201,300,87,0.978803,0.968614
3,301,400,90,0.992767,0.981843
3,401,500,87,0.973703,0.957139
3,501,600,85,0.984168,0.982512
3,601,700,89,0.986947,0.986672
3,701,800,94,0.985921,0.985376
3,801,900,87,0.975751,0.976332
3,901,1000,85,0.980448,0.978073
7,1,100,92,0.987634,0.987362
7,101,200,93,0.980904,0.970714
7,201,300,84,0.988645,0.980269
7,301,400,86,0.989748,0.9768
7,401,500,94,0.984545,0.983947
7,501,600,90,0.970102,0.942803
7,601,700,85,0.987066,0.987437
7,701,800,88,0.987642,0.977971
7,801,900,85,0.988263,0.98787
7,901,1000,86,0.988984,0.989124
15,1,100,84,0.978415,0.973887
15,101,200,91,0.988346,0.989299
15,201,300,91,0.986262,0.968577
15,301,400,92,0.982252,0.971499
15,401,500,92,0.988533,0.978472
15,501,600,90,0.979211,0.956628
15,601,700,96,0.992867,0.984049
15,701,800,89,0.978434,0.976201
15,801,900,95,0.98789,0.987859
15,901,1000,83,0.981847,0.969884
14,1,100,85,0.977829,0.957582
14,101,200,88,0.986909,0.977742
14,201,300,83,0.990377,0.986923
14,301,400,93,0.981187,0.979446
14,401,500,88,0.983022,0.975326
14,501,600,94,0.991802,0.991553
14,601,700,87,0.985778,0.985232
14,701,800,88,0.981304,0.958434
14,801,900,90,0.99328,0.993114
14,901,1000,86,0.986084,0.962299
14,1,100,86,0.986735,0.983747
14,101,200,93,0.98235,0.967567
14,201,300,90,0.985604,0.972488
14,301,400,91,0.983666,0.981213
14,401,500,88,0.990377,0.980614
14,501,600,91,0.982698,0.970005
14,601,700,86,0.981176,0.980226
14,701,800,90,0.989011,0.987592
14,801,900,92,0.992418,0.992029
14,901,1000,89,0.98575,0.985519
1,1,100,94,0.993688,0.994267
1,101,200,93,0.977994,0.960785
1,201,300,88,0.99661,0.996362
1,301,400,93,0.987723,0.960325
1,401,500,88,0.989021,0.983776
1,501,600,86,0.993796,0.993253
1,601,700,88,0.992022,0.992838
1,701,800,94,0.996245,0.986918
1,801,900,90,0.987729,0.987691
1,901,1000,90,0.986386,0.982523
4,1,100,92,0.993777,0.993237
4,101,200,91,0.987769,0.977322
4,201,300,93,0.992022,0.992383
4,301,400,89,0.995731,0.99639
4,401,500,88,0.992498,0.950427
4,501,600,88,0.995735,0.995628
4,601,700,93,0.994242,0.983639
4,701,800,83,0.985648,0.956176
4,801,900,88,0.990661,0.973634
4,901,1000,87,0.997027,0.975305
18,1,100,90,0.97932,0.966922
18,101,200,91,0.980085,0.964537
18,201,300,86,0.982114,0.982289
18,301,400,90,0.986949,0.984274
18,401,500,88,0.980093,0.973216
18,501,600,95,0.980321,0.974407
18,601,700,93,0.977928,0.951791
18,701,800,90,0.98373,0.964301
18,801,900,94,0.982228,0.97278
18,901,1000,90,0.979116,0.961813
13,1,100,85,0.984243,0.984843
13,101,200,88,0.987885,0.988946
13,201,300,88,0.986592,0.974878
13,301,400,88,0.984108,0.979667
13,401,500,93,0.989806,0.979099
13,501,600,88,0.991905,0.974277
13,601,700,94,0.986991,0.969722
13,701,800,90,0.988174,0.984396
13,801,900,88,0.983636,0.978843
13,901,1000,93,0.992428,0.99244
9,1,100,96,0.985929,0.975268
9,101,200,91,0.980539,0.972314
9,201,300,90,0.989475,0.984833
9,301,400,87,0.986016,0.984416
9,401,500,86,0.988917,0.985147
9,501,600,92,0.989629,0.978501
9,601,700,88,0.986144,0.974544
9,701,800,88,0.992922,0.992906
9,801,900,88,0.987468,0.987674
9,901,1000,87,0.99136,0.980386
12,1,100,91,0.984367,0.96152
12,101,200,88,0.982766,0.974789
12,201,300,85,0.970282,0.947098
12,301,400,90,0.983171,0.975391
12,401,500,87,0.983729,0.963272
12,501,600,88,0.990032,0.991463
12,601,700,89,0.98887,0.986216
12,701,800,91,0.980994,0.981502
12,801,900,85,0.98067,0.97352
12,901,1000,91,0.986947,0.975978
13,1,100,93,0.985241,0.975499
13,101,200,90,0.991111,0.980676
13,201,300,89,0.987967,0.988357
13,301,400,89,0.985653,0.984217
13,401,500,85,0.991774,0.980163
13,501,600,87,0.99085,0.981286
13,601,700,87,0.987322,0.981814
13,701,800,88,0.987645,0.978906
13,801,900,89,0.98251,0.982499
13,901,1000,84,0.977677,0.975011
3,1,100,87,0.987185,0.982616
3,101,200,92,0.99002,0.97915
3,201,300,89,0.987657,0.975709
3,301,400,92,0.987449,0.967097
3,401,500,91,0.993598,0.994162
3,501,600,87,0.995821,0.995224
3,601,700,87,0.981619,0.967307
3,701,800,89,0.994206,0.993666
3,801,900,95,0.989506,0.978821
3,901,1000,89,0.978907,0.976024
19,1,100,88,0.983139,0.983585
19,101,200,89,0.968648,0.955646
19,201,300,91,0.992401,0.989593
19,301,400,89,0.985516,0.985467
19,401,500,92,0.987956,0.982662
19,501,600,95,0.99261,0.973574
19,601,700,90,0.988968,0.983855
19,701,800,89,0.98328,0.98455
19,801,900,86,0.990724,0.986379
19,901,1000,87,0.983246,0.965709
12,1,100,91,0.974699,0.964593
12,101,200,90,0.987718,0.975062
12,201,300,91,0.988216,0.975136
12,301,400,91,0.990561,0.985435
12,401,500,88,0.989753,0.981161
12,501,600,89,0.995541,0.98488
12,601,700,88,0.995259,0.995585
12,701,800,92,0.985512,0.985769
12,801,900,82,0.988185,0.982971
12,901,1000,91,0.984826,0.970928
3,1,100,87,0.984327,0.984233
3,101,200,90,0.991695,0.9907
3,201,300,93,0.989029,0.988619
3,301,400,87,0.986792,0.975973
3,401,500,94,0.980036,0.97594
3,501,600,94,0.986301,0.98495
3,601,700,93,0.989055,0.981144
3,701,800,87,0.986639,0.975175
3,801,900,90,0.991356,0.981713
3,901,1000,93,0.989791,0.988268
0,1,100,95,0.990943,0.990849
0,101,200,94,0.992877,0.992643
0,201,300,88,0.995812,0.995863
0,301,400,92,0.994448,0.99394
0,401,500,93,0.996149,0.996699
0,501,600,93,0.99163,0.991776
0,601,700,90,0.996677,0.987223
0,701,800,92,0.996604,0.99675
0,801,900,87,0.998688,0.989783
0,901,1000,91,0.991938,0.98918
7,1,100,91,0.978043,0.975697
7,101,200,90,0.986708,0.98004
7,201,300,91,0.979133,0.965034
7,301,400,92,0.970136,0.938021
7,401,500,90,0.973468,0.968679
7,501,600,88,0.962271,0.947454
7,601,700,88,0.966399,0.955778
7,701,800,89,0.979765,0.978825
7,801,900,91,0.97304,0.959229
7,901,1000,90,0.967221,0.937293
16,1,100,80,0.983806,0.980128
16,101,200,86,0.982096,0.971537
16,201,300,92,0.989821,0.976577
16,301,400,90,0.990154,0.960247
16,401,500,93,0.983868,0.973566
16,501,600,93,0.982312,0.963124
16,601,700,89,0.983531,0.980266
16,701,800,94,0.992608,0.98299
16,801,900,90,0.983863,0.970768
16,901,1000,85,0.985308,0.980979
0,1,100,74,0.985643,0.975451
3,1,100,83,0.989624,0.989421
3,101,200,91,0.986266,0.984667
3,201,300,92,0.969074,0.955042
3,301,400,93,0.990404,0.989628
3,401,500,90,0.985071,0.980226
3,501,600,89,0.981041,0.981239
3,601,700,89,0.985101,0.973828
3,701,800,86,0.979576,0.957739
3,801,900,90,0.983361,0.970959
3,901,1000,88,0.969187,0.960582
17,1,100,89,0.984649,0.956037
17,101,200,87,0.998529,0.998467
17,201,300,94,0.990155,0.978335
17,301,400,90,0.988569,0.974578
17,401,500,91,0.989507,0.988183
17,501,600,91,0.989806,0.986819
17,601,700,87,0.992717,0.992612
17,701,800,87,0.98946,0.970596
17,801,900,87,0.995812,0.99537
17,901,1000,87,0.989314,0.990707
0,1,100,90,0.97934,0.981048
0,101,200,87,0.976878,0.971907
0,201,300,87,0.975,0.974439
0,301,400,85,0.979702,0.970955
0,401,500,93,0.987542,0.978301
0,501,600,95,0.973501,0.969033
0,601,700,90,0.972331,0.963081
0,701,800,92,0.976028,0.953132
0,801,900,90,0.973374,0.961729
0,901,1000,84,0.971388,0.955271
19,1,100,95,0.993455,0.97828
19,101,200,89,0.987131,0.988512
19,201,300,90,0.993766,0.993067
19,301,400,87,0.990328,0.980544
19,401,500,91,0.99053,0.980594
19,501,600,90,0.991846,0.98528
19,601,700,86,0.996406,0.996316
19,701,800,88,0.989036,0.985996
19,801,900,87,0.988056,0.988616
19,901,1000,89,0.979803,0.971844
14,1,100,87,0.962745,0.958202
14,101,200,92,0.980072,0.978339
14,201,300,84,0.979483,0.967394
14,301,400,91,0.979477,0.972451
14,401,500,91,0.986358,0.959915
14,501,600,94,0.986893,0.975258
14,601,700,94,0.969833,0.959518
14,701,800,93,0.978803,0.974406
14,801,900,89,0.982476,0.977347
14,901,1000,89,0.970251,0.970998
4,1,100,90,0.992284,0.980127
4,101,200,88,0.994575,0.982815
4,201,300,93,0.993855,0.986988
4,301,400,92,0.993036,0.992959
4,401,500,86,0.988258,0.987487
4,501,600,82,0.991026,0.968264
4,601,700,83,0.987539,0.968403
4,701,800,89,0.989044,0.983137
4,801,900,88,0.991522,0.980954
4,901,1000,91,0.989185,0.978785
4,1,100,93,0.989803,0.983286
4,101,200,89,0.994593,0.994716
4,201,300,91,0.996819,0.996631
4,301,400,92,0.987704,0.987159
4,401,500,90,0.994632,0.994735
4,501,600,85,0.98659,0.986491
4,601,700,88,0.990917,0.970151
4,701,800,84,0.988047,0.956557
4,801,900,92,0.981219,0.972389
4,901,1000,90,0.983221,0.95453
19,1,100,88,0.984713,0.984505
19,101,200,87,0.986662,0.970862
19,201,300,90,0.987384,0.986552
19,301,400,94,0.986959,0.977188
19,401,500,91,0.97126,0.958268
19,501,600,89,0.983616,0.964439
19,601,700,94,0.987947,0.981215
19,701,800,92,0.985749,0.980402
19,801,900,81,0.989316,0.989611
19,901,1000,80,0.995572,0.974923
8,1,100,94,0.987619,0.977931
8,101,200,90,0.979894,0.950788
8,201,300,89,0.990695,0.98953
8,301,400,87,0.98323,0.981547
8,401,500,95,0.981776,0.969054
8,501,600,89,0.981049,0.954161
8,601,700,86,0.982613,0.978436
8,701,800,89,0.989482,0.969817
8,801,900,84,0.97936,0.975986
8,901,1000,82,0.985146,0.983217
6,1,100,91,0.984116,0.959715
6,101,200,89,0.982358,0.967264
6,201,300,87,0.978995,0.963197
6,301,400,93,0.984454,0.973851
6,401,500,89,0.976784,0.956505
6,501,600,83,0.988919,0.987558
6,601,700,81,0.981857,0.965373
6,701,800,87,0.988177,0.986215
6,801,900,94,0.982763,0.979742
6,901,1000,89,0.986271,0.978759
15,1,100,85,0.994433,0.983347
15,101,200,90,0.986772,0.967411
15,201,300,92,0.989904,0.990483
15,301,400,90,0.992254,0.983324
15,401,500,86,0.984175,0.974662
15,501,600,87,0.983467,0.979381
15,601,700,88,0.986941,0.986854
15,701,800,86,0.97684,0.97319
15,801,900,92,0.988221,0.982882
15,901,1000,83,0.982311,0.96881
12,1,100,93,0.982845,0.973419
12,101,200,92,0.987291,0.975167
12,201,300,89,0.9879,0.984953
12,301,400,87,0.986002,0.961648
12,401,500,94,0.992404,0.975545
12,501,600,87,0.983435,0.982814
12,601,700,84,0.993,0.993962
12,701,800,88,0.99618,0.996125
12,801,900,91,0.990791,0.986908
12,901,1000,84,0.99127,0.991648
10,1,100,92,0.979234,0.964378
10,101,200,95,0.977153,0.970048
10,201,300,91,0.982747,0.982895
10,301,400,89,0.986134,0.985877
10,401,500,88,0.989107,0.988912
10,501,600,91,0.989305,0.970666
10,601,700,94,0.984345,0.952065
10,701,800,87,0.981818,0.974545
10,801,900,91,0.986365,0.981459
10,901,1000,90,0.987528,0.987033
