Model,Pop,CHROM,BIN_START,BIN_END,N_VARIANTS,PI
Model6,3pop,4,1,100,90,0.473605
Model6,3pop,4,101,200,88,0.459362
Model6,3pop,4,201,300,93,0.483554
Model6,3pop,4,301,400,92,0.470243
Model6,3pop,4,401,500,86,0.436537
Model6,3pop,4,501,600,82,0.413056
Model6,3pop,4,601,700,83,0.462158
Model6,3pop,4,701,800,89,0.456153
Model6,3pop,4,801,900,88,0.451994
Model6,3pop,4,901,1000,91,0.490068
Model6,3pop,7,1,100,87,0.448429
Model6,3pop,7,101,200,90,0.454141
Model6,3pop,7,201,300,91,0.478186
Model6,3pop,7,301,400,87,0.446249
Model6,3pop,7,401,500,93,0.504684
Model6,3pop,7,501,600,96,0.467311
Model6,3pop,7,601,700,89,0.467859
Model6,3pop,7,701,800,88,0.456983
Model6,3pop,7,801,900,90,0.465808
Model6,3pop,7,901,1000,87,0.441667
Model6,3pop,17,1,100,91,0.464328
Model6,3pop,17,101,200,87,0.447147
Model6,3pop,17,201,300,94,0.488554
Model6,3pop,17,301,400,97,0.512802
Model6,3pop,17,401,500,90,0.472605
Model6,3pop,17,501,600,84,0.441576
Model6,3pop,17,601,700,88,0.481661
Model6,3pop,17,701,800,88,0.46996
Model6,3pop,17,801,900,92,0.473921
Model6,3pop,17,901,1000,94,0.47952
Model6,3pop,1,1,100,92,0.472847
Model6,3pop,1,101,200,94,0.486311
Model6,3pop,1,201,300,90,0.463006
Model6,3pop,1,301,400,87,0.452785
Model6,3pop,1,401,500,90,0.472876
Model6,3pop,1,501,600,92,0.482644
Model6,3pop,1,601,700,90,0.448734
Model6,3pop,1,701,800,90,0.474932
Model6,3pop,1,801,900,92,0.473627
Model6,3pop,1,901,1000,89,0.463486
Model6,3pop,2,1,100,92,0.49413
Model6,3pop,2,101,200,90,0.46335
Model6,3pop,2,201,300,91,0.46335
Model6,3pop,2,301,400,89,0.443424
Model6,3pop,2,401,500,86,0.439271
Model6,3pop,2,501,600,93,0.472079
Model6,3pop,2,601,700,92,0.481395
Model6,3pop,2,701,800,87,0.455107
Model6,3pop,2,801,900,88,0.447339
Model6,3pop,2,901,1000,85,0.432294
Model6,3pop,19,1,100,90,0.458718
Model6,3pop,19,101,200,91,0.461028
Model6,3pop,19,201,300,87,0.461232
Model6,3pop,19,301,400,90,0.490825
Model6,3pop,19,401,500,93,0.491554
Model6,3pop,19,501,600,88,0.471678
Model6,3pop,19,601,700,93,0.474983
Model6,3pop,19,701,800,94,0.46826
Model6,3pop,19,801,900,97,0.515232
Model6,3pop,19,901,1000,89,0.441605
Model6,3pop,16,1,100,86,0.457876
Model6,3pop,16,101,200,87,0.451966
Model6,3pop,16,201,300,85,0.448486
Model6,3pop,16,301,400,92,0.473989
Model6,3pop,16,401,500,88,0.474876
Model6,3pop,16,501,600,88,0.450559
Model6,3pop,16,601,700,86,0.449695
Model6,3pop,16,701,800,89,0.47204
Model6,3pop,16,801,900,90,0.446706
Model6,3pop,16,901,1000,88,0.455881
Model6,3pop,3,1,100,97,0.481593
Model6,3pop,3,101,200,93,0.479153
Model6,3pop,3,201,300,85,0.461842
Model6,3pop,3,301,400,91,0.462034
Model6,3pop,3,401,500,81,0.422068
Model6,3pop,3,501,600,87,0.45096
Model6,3pop,3,601,700,91,0.466079
Model6,3pop,3,701,800,86,0.460407
Model6,3pop,3,801,900,88,0.447706
Model6,3pop,3,901,1000,91,0.468266
Model6,3pop,3,1,100,90,0.45513
Model6,3pop,3,101,200,92,0.481701
Model6,3pop,3,201,300,89,0.457266
Model6,3pop,3,301,400,88,0.457932
Model6,3pop,3,401,500,93,0.486113
Model6,3pop,3,501,600,89,0.46487
Model6,3pop,3,601,700,89,0.477492
Model6,3pop,3,701,800,91,0.477542
Model6,3pop,3,801,900,90,0.463418
Model6,3pop,3,901,1000,89,0.453395
Model6,3pop,8,1,100,94,0.483475
Model6,3pop,8,101,200,90,0.456345
Model6,3pop,8,201,300,89,0.455339
Model6,3pop,8,301,400,87,0.469345
Model6,3pop,8,401,500,95,0.502333
Model6,3pop,8,501,600,89,0.443751
Model6,3pop,8,601,700,86,0.458655
Model6,3pop,8,701,800,89,0.453424
Model6,3pop,8,801,900,84,0.458147
Model6,3pop,8,901,1000,82,0.434062
Model6,3pop,0,1,100,66,0.290661
Model6,3pop,8,1,100,90,0.48696
Model6,3pop,8,101,200,91,0.473774
Model6,3pop,8,201,300,89,0.456356
Model6,3pop,8,301,400,91,0.486497
Model6,3pop,8,401,500,91,0.442972
Model6,3pop,8,501,600,86,0.442311
Model6,3pop,8,601,700,91,0.459441
Model6,3pop,8,701,800,85,0.415718
Model6,3pop,8,801,900,87,0.458836
Model6,3pop,8,901,1000,90,0.462921
Model6,3pop,7,1,100,87,0.449418
Model6,3pop,7,101,200,87,0.429791
Model6,3pop,7,201,300,90,0.460198
Model6,3pop,7,301,400,96,0.498944
Model6,3pop,7,401,500,95,0.493198
Model6,3pop,7,501,600,90,0.463904
Model6,3pop,7,601,700,94,0.48296
Model6,3pop,7,701,800,92,0.48161
Model6,3pop,7,801,900,90,0.471051
Model6,3pop,7,901,1000,87,0.463729
Model6,3pop,10,1,100,87,0.461701
Model6,3pop,10,101,200,93,0.479051
Model6,3pop,10,201,300,90,0.46191
Model6,3pop,10,301,400,90,0.461288
Model6,3pop,10,401,500,87,0.460684
Model6,3pop,10,501,600,95,0.484938
Model6,3pop,10,601,700,94,0.48735
Model6,3pop,10,701,800,85,0.435525
Model6,3pop,10,801,900,87,0.450096
Model6,3pop,10,901,1000,91,0.478124
Model6,3pop,17,1,100,93,0.47896
Model6,3pop,17,101,200,90,0.461582
Model6,3pop,17,201,300,89,0.479989
Model6,3pop,17,301,400,90,0.46648
Model6,3pop,17,401,500,90,0.479379
Model6,3pop,17,501,600,87,0.442808
Model6,3pop,17,601,700,92,0.474994
Model6,3pop,17,701,800,88,0.45548
Model6,3pop,17,801,900,91,0.466689
Model6,3pop,17,901,1000,86,0.452299
Model6,3pop,13,1,100,90,0.472458
Model6,3pop,13,101,200,86,0.444107
Model6,3pop,13,201,300,92,0.48287
Model6,3pop,13,301,400,89,0.47335
Model6,3pop,13,401,500,87,0.440119
Model6,3pop,13,501,600,90,0.457062
Model6,3pop,13,601,700,89,0.450424
Model6,3pop,13,701,800,87,0.431893
Model6,3pop,13,801,900,93,0.516825
Model6,3pop,13,901,1000,90,0.462282
Model6,3pop,16,1,100,89,0.45887
Model6,3pop,16,101,200,94,0.494356
Model6,3pop,16,201,300,88,0.464508
Model6,3pop,16,301,400,90,0.473819
Model6,3pop,16,401,500,93,0.493356
Model6,3pop,16,501,600,82,0.416085
Model6,3pop,16,601,700,86,0.449836
Model6,3pop,16,701,800,90,0.470785
Model6,3pop,16,801,900,94,0.490339
Model6,3pop,16,901,1000,91,0.483034
Model6,3pop,14,1,100,87,0.469718
Model6,3pop,14,101,200,92,0.470593
Model6,3pop,14,201,300,84,0.423802
Model6,3pop,14,301,400,91,0.474362
Model6,3pop,14,401,500,91,0.479768
Model6,3pop,14,501,600,94,0.489605
Model6,3pop,14,601,700,94,0.49974
Model6,3pop,14,701,800,93,0.480944
Model6,3pop,14,801,900,89,0.462305
Model6,3pop,14,901,1000,89,0.478395
Model6,3pop,13,1,100,91,0.476718
Model6,3pop,13,101,200,93,0.484497
Model6,3pop,13,201,300,83,0.420876
Model6,3pop,13,301,400,91,0.468819
Model6,3pop,13,401,500,84,0.449322
Model6,3pop,13,501,600,87,0.449113
Model6,3pop,13,601,700,87,0.448831
Model6,3pop,13,701,800,90,0.472571
Model6,3pop,13,801,900,92,0.475379
Model6,3pop,13,901,1000,87,0.440599
Model6,3pop,13,1,100,93,0.486548
Model6,3pop,13,101,200,90,0.459531
Model6,3pop,13,201,300,89,0.480593
Model6,3pop,13,301,400,89,0.479254
Model6,3pop,13,401,500,85,0.435147
Model6,3pop,13,501,600,87,0.443734
Model6,3pop,13,601,700,87,0.444311
Model6,3pop,13,701,800,88,0.451746
Model6,3pop,13,801,900,89,0.461768
Model6,3pop,13,901,1000,84,0.426271
Model6,3pop,10,1,100,93,0.486153
Model6,3pop,10,101,200,92,0.472034
Model6,3pop,10,201,300,93,0.46065
Model6,3pop,10,301,400,90,0.483582
Model6,3pop,10,401,500,87,0.462254
Model6,3pop,10,501,600,88,0.459124
Model6,3pop,10,601,700,86,0.434819
Model6,3pop,10,701,800,86,0.431119
Model6,3pop,10,801,900,90,0.468017
Model6,3pop,10,901,1000,83,0.443514
Model6,3pop,4,1,100,97,0.500859
Model6,3pop,4,101,200,84,0.438203
Model6,3pop,4,201,300,95,0.482831
Model6,3pop,4,301,400,89,0.458695
Model6,3pop,4,401,500,92,0.496831
Model6,3pop,4,501,600,91,0.487282
Model6,3pop,4,601,700,94,0.48339
Model6,3pop,4,701,800,91,0.451288
Model6,3pop,4,801,900,89,0.475588
Model6,3pop,4,901,1000,92,0.465531
Model6,3pop,7,1,100,92,0.479938
Model6,3pop,7,101,200,89,0.463989
Model6,3pop,7,201,300,88,0.44413
Model6,3pop,7,301,400,93,0.499158
Model6,3pop,7,401,500,93,0.500316
Model6,3pop,7,501,600,90,0.46539
Model6,3pop,7,601,700,91,0.45874
Model6,3pop,7,701,800,91,0.471542
Model6,3pop,7,801,900,83,0.424311
Model6,3pop,7,901,1000,91,0.466932
Model6,3pop,19,1,100,95,0.488757
Model6,3pop,19,101,200,89,0.469203
Model6,3pop,19,201,300,90,0.448441
Model6,3pop,19,301,400,87,0.446006
Model6,3pop,19,401,500,91,0.458113
Model6,3pop,19,501,600,90,0.463729
Model6,3pop,19,601,700,86,0.454904
Model6,3pop,19,701,800,88,0.455836
Model6,3pop,19,801,900,87,0.456689
Model6,3pop,19,901,1000,89,0.465695
Model6,3pop,11,1,100,85,0.438254
Model6,3pop,11,101,200,89,0.459508
Model6,3pop,11,201,300,87,0.447627
Model6,3pop,11,301,400,93,0.492412
Model6,3pop,11,401,500,86,0.43535
Model6,3pop,11,501,600,93,0.462712
Model6,3pop,11,601,700,89,0.45113
Model6,3pop,11,701,800,92,0.477542
Model6,3pop,11,801,900,86,0.446333
Model6,3pop,11,901,1000,90,0.458226
Model6,3pop,17,1,100,85,0.452294
Model6,3pop,17,101,200,89,0.464266
Model6,3pop,17,201,300,87,0.450249
Model6,3pop,17,301,400,85,0.435045
Model6,3pop,17,401,500,87,0.45896
Model6,3pop,17,501,600,87,0.466435
Model6,3pop,17,601,700,90,0.48122
Model6,3pop,17,701,800,90,0.465282
Model6,3pop,17,801,900,84,0.428141
Model6,3pop,17,901,1000,88,0.440028
Model6,3pop,4,1,100,92,0.472271
Model6,3pop,4,101,200,86,0.452147
Model6,3pop,4,201,300,99,0.509757
Model6,3pop,4,301,400,90,0.47722
Model6,3pop,4,401,500,85,0.454412
Model6,3pop,4,501,600,84,0.430571
Model6,3pop,4,601,700,91,0.477576
Model6,3pop,4,701,800,92,0.468808
Model6,3pop,4,801,900,89,0.45778
Model6,3pop,4,901,1000,89,0.451192
Model6,3pop,1,1,100,95,0.489254
Model6,3pop,1,101,200,89,0.464915
Model6,3pop,1,201,300,89,0.481915
Model6,3pop,1,301,400,89,0.472124
Model6,3pop,1,401,500,91,0.468345
Model6,3pop,1,501,600,88,0.439463
Model6,3pop,1,601,700,83,0.413565
Model6,3pop,1,701,800,88,0.454559
Model6,3pop,1,801,900,93,0.48735
Model6,3pop,1,901,1000,94,0.470034
Model6,3pop,0,1,100,70,0.313237
Model6,3pop,5,1,100,93,0.478243
Model6,3pop,5,101,200,86,0.435226
Model6,3pop,5,201,300,87,0.442565
Model6,3pop,5,301,400,92,0.462181
Model6,3pop,5,401,500,83,0.421158
Model6,3pop,5,501,600,87,0.464525
Model6,3pop,5,601,700,90,0.485847
Model6,3pop,5,701,800,94,0.496424
Model6,3pop,5,801,900,87,0.439802
Model6,3pop,5,901,1000,89,0.444322
Model6,3pop,16,1,100,91,0.48626
Model6,3pop,16,101,200,86,0.424582
Model6,3pop,16,201,300,91,0.487068
Model6,3pop,16,301,400,91,0.491232
Model6,3pop,16,401,500,94,0.511768
Model6,3pop,16,501,600,94,0.485362
Model6,3pop,16,601,700,87,0.463102
Model6,3pop,16,701,800,90,0.46296
Model6,3pop,16,801,900,88,0.46735
Model6,3pop,16,901,1000,92,0.480531
Model6,3pop,13,1,100,90,0.476379
Model6,3pop,13,101,200,94,0.47652
Model6,3pop,13,201,300,91,0.462791
Model6,3pop,13,301,400,90,0.469079
Model6,3pop,13,401,500,90,0.457367
Model6,3pop,13,501,600,93,0.47639
Model6,3pop,13,601,700,88,0.456085
Model6,3pop,13,701,800,89,0.460864
Model6,3pop,13,801,900,92,0.478463
Model6,3pop,13,901,1000,89,0.466023
Model6,3pop,0,1,100,81,0.416339
Model6,3pop,0,101,200,88,0.44522
Model6,3pop,0,201,300,86,0.448633
Model6,3pop,0,301,400,90,0.459729
Model6,3pop,0,401,500,83,0.423249
Model6,3pop,0,501,600,99,0.532023
Model6,3pop,0,601,700,88,0.451418
Model6,3pop,0,701,800,86,0.455446
Model6,3pop,0,801,900,91,0.499588
Model6,3pop,0,901,1000,84,0.429096
Model6,3pop,0,1,100,86,0.461763
Model6,3pop,0,101,200,94,0.478825
Model6,3pop,0,201,300,91,0.462158
Model6,3pop,0,301,400,87,0.446881
Model6,3pop,0,401,500,92,0.49861
Model6,3pop,0,501,600,88,0.450994
Model6,3pop,0,601,700,93,0.471774
Model6,3pop,0,701,800,86,0.46565
Model6,3pop,0,801,900,89,0.475401
Model6,3pop,0,901,1000,84,0.431215
Model6,3pop,8,1,100,90,0.483944
Model6,3pop,8,101,200,90,0.45865
Model6,3pop,8,201,300,93,0.471028
Model6,3pop,8,301,400,89,0.469452
Model6,3pop,8,401,500,87,0.461192
Model6,3pop,8,501,600,88,0.47726
Model6,3pop,8,601,700,95,0.486068
Model6,3pop,8,701,800,91,0.469503
Model6,3pop,8,801,900,88,0.453203
Model6,3pop,8,901,1000,91,0.490831
Model6,3pop,5,1,100,84,0.443096
Model6,3pop,5,101,200,92,0.469062
Model6,3pop,5,201,300,87,0.472531
Model6,3pop,5,301,400,90,0.470232
Model6,3pop,5,401,500,91,0.462559
Model6,3pop,5,501,600,88,0.464554
Model6,3pop,5,601,700,82,0.416706
Model6,3pop,5,701,800,91,0.485842
Model6,3pop,5,801,900,93,0.466407
Model6,3pop,5,901,1000,88,0.46652
Model6,3pop,11,1,100,91,0.476497
Model6,3pop,11,101,200,89,0.487497
Model6,3pop,11,201,300,91,0.480062
Model6,3pop,11,301,400,94,0.481621
Model6,3pop,11,401,500,92,0.482514
Model6,3pop,11,501,600,90,0.471842
Model6,3pop,11,601,700,93,0.491345
Model6,3pop,11,701,800,93,0.486028
Model6,3pop,11,801,900,90,0.48139
Model6,3pop,11,901,1000,85,0.426814
Model6,3pop,1,1,100,92,0.481548
Model6,3pop,1,101,200,88,0.472944
Model6,3pop,1,201,300,83,0.440452
Model6,3pop,1,301,400,90,0.469774
Model6,3pop,1,401,500,89,0.487706
Model6,3pop,1,501,600,91,0.487701
Model6,3pop,1,601,700,90,0.46452
Model6,3pop,1,701,800,91,0.458113
Model6,3pop,1,801,900,94,0.49596
Model6,3pop,1,901,1000,87,0.451017
Model6,3pop,14,1,100,91,0.465672
Model6,3pop,14,101,200,84,0.44822
Model6,3pop,14,201,300,94,0.486124
Model6,3pop,14,301,400,92,0.491282
Model6,3pop,14,401,500,93,0.481277
Model6,3pop,14,501,600,91,0.475169
Model6,3pop,14,601,700,89,0.458763
Model6,3pop,14,701,800,90,0.471791
Model6,3pop,14,801,900,88,0.460362
Model6,3pop,14,901,1000,88,0.461401
Model6,3pop,5,1,100,88,0.47487
Model6,3pop,5,101,200,88,0.464853
Model6,3pop,5,201,300,87,0.45035
Model6,3pop,5,301,400,93,0.489938
Model6,3pop,5,401,500,91,0.468927
Model6,3pop,5,501,600,89,0.473023
Model6,3pop,5,601,700,90,0.487825
Model6,3pop,5,701,800,85,0.439825
Model6,3pop,5,801,900,91,0.480508
Model6,3pop,5,901,1000,94,0.485362
Model6,3pop,7,1,100,91,0.478362
Model6,3pop,7,101,200,90,0.465706
Model6,3pop,7,201,300,91,0.471441
Model6,3pop,7,301,400,92,0.463791
Model6,3pop,7,401,500,90,0.466689
Model6,3pop,7,501,600,88,0.461977
Model6,3pop,7,601,700,88,0.471418
Model6,3pop,7,701,800,89,0.47726
Model6,3pop,7,801,900,91,0.467831
Model6,3pop,7,901,1000,90,0.445644
Model6,3pop,17,1,100,94,0.492333
Model6,3pop,17,101,200,93,0.477944
Model6,3pop,17,201,300,85,0.456079
Model6,3pop,17,301,400,89,0.460209
Model6,3pop,17,401,500,94,0.508751
Model6,3pop,17,501,600,90,0.460977
Model6,3pop,17,601,700,88,0.466842
Model6,3pop,17,701,800,90,0.454085
Model6,3pop,17,801,900,95,0.483678
Model6,3pop,17,901,1000,88,0.455446
Model6,3pop,6,1,100,82,0.447836
Model6,3pop,6,101,200,88,0.442678
Model6,3pop,6,201,300,94,0.492576
Model6,3pop,6,301,400,87,0.455915
Model6,3pop,6,401,500,91,0.465881
Model6,3pop,6,501,600,91,0.448407
Model6,3pop,6,601,700,87,0.456588
Model6,3pop,6,701,800,90,0.468814
Model6,3pop,6,801,900,87,0.449017
Model6,3pop,6,901,1000,92,0.487412
Model6,3pop,5,1,100,92,0.477763
Model6,3pop,5,101,200,96,0.488836
Model6,3pop,5,201,300,90,0.479938
Model6,3pop,5,301,400,86,0.434435
Model6,3pop,5,401,500,93,0.482593
Model6,3pop,5,501,600,87,0.451367
Model6,3pop,5,601,700,93,0.477062
Model6,3pop,5,701,800,87,0.463452
Model6,3pop,5,801,900,88,0.452915
Model6,3pop,5,901,1000,93,0.477424
Model6,3pop,10,1,100,89,0.443395
Model6,3pop,10,101,200,91,0.467424
Model6,3pop,10,201,300,89,0.479802
Model6,3pop,10,301,400,92,0.481644
Model6,3pop,10,401,500,94,0.502446
Model6,3pop,10,501,600,83,0.448294
Model6,3pop,10,601,700,92,0.460277
Model6,3pop,10,701,800,89,0.458062
Model6,3pop,10,801,900,96,0.486209
Model6,3pop,10,901,1000,92,0.475011
Model6,3pop,15,1,100,92,0.481011
Model6,3pop,15,101,200,93,0.47639
Model6,3pop,15,201,300,85,0.44322
Model6,3pop,15,301,400,93,0.473243
Model6,3pop,15,401,500,91,0.459644
Model6,3pop,15,501,600,91,0.475757
Model6,3pop,15,601,700,89,0.438333
Model6,3pop,15,701,800,96,0.501621
Model6,3pop,15,801,900,87,0.440492
Model6,3pop,15,901,1000,88,0.460554
Model6,3pop,17,1,100,91,0.49074
Model6,3pop,17,101,200,90,0.460966
Model6,3pop,17,201,300,81,0.423989
Model6,3pop,17,301,400,92,0.488847
Model6,3pop,17,401,500,91,0.487237
Model6,3pop,17,501,600,90,0.462209
Model6,3pop,17,601,700,89,0.466808
Model6,3pop,17,701,800,90,0.44804
Model6,3pop,17,801,900,90,0.464831
Model6,3pop,17,901,1000,89,0.485751
Model6,3pop,7,1,100,91,0.489621
Model6,3pop,7,101,200,88,0.461729
Model6,3pop,7,201,300,90,0.473627
Model6,3pop,7,301,400,90,0.445898
Model6,3pop,7,401,500,86,0.441497
Model6,3pop,7,501,600,82,0.418672
Model6,3pop,7,601,700,91,0.462508
Model6,3pop,7,701,800,89,0.469164
Model6,3pop,7,801,900,89,0.468706
Model6,3pop,7,901,1000,86,0.447294
Model6,3pop,9,1,100,87,0.442147
Model6,3pop,9,101,200,91,0.470169
Model6,3pop,9,201,300,90,0.473424
Model6,3pop,9,301,400,92,0.494113
Model6,3pop,9,401,500,86,0.440791
Model6,3pop,9,501,600,92,0.496429
Model6,3pop,9,601,700,94,0.488616
Model6,3pop,9,701,800,91,0.465373
Model6,3pop,9,801,900,86,0.458237
Model6,3pop,9,901,1000,92,0.472734
Model6,3pop,12,1,100,87,0.449565
Model6,3pop,12,101,200,96,0.492554
Model6,3pop,12,201,300,88,0.461175
Model6,3pop,12,301,400,89,0.475271
Model6,3pop,12,401,500,94,0.507266
Model6,3pop,12,501,600,88,0.455712
Model6,3pop,12,601,700,92,0.497203
Model6,3pop,12,701,800,87,0.448395
Model6,3pop,12,801,900,87,0.462169
Model6,3pop,12,901,1000,91,0.493695
Model6,3pop,7,1,100,92,0.464537
Model6,3pop,7,101,200,92,0.474492
Model6,3pop,7,201,300,94,0.485661
Model6,3pop,7,301,400,91,0.479571
Model6,3pop,7,401,500,88,0.442864
Model6,3pop,7,501,600,92,0.472254
Model6,3pop,7,601,700,96,0.502836
Model6,3pop,7,701,800,85,0.421678
Model6,3pop,7,801,900,89,0.481186
Model6,3pop,7,901,1000,91,0.444119
Model6,3pop,4,1,100,92,0.473486
Model6,3pop,4,101,200,91,0.46665
Model6,3pop,4,201,300,93,0.499181
Model6,3pop,4,301,400,89,0.477356
Model6,3pop,4,401,500,88,0.436672
Model6,3pop,4,501,600,88,0.477808
Model6,3pop,4,601,700,93,0.480977
Model6,3pop,4,701,800,83,0.440401
Model6,3pop,4,801,900,88,0.434797
Model6,3pop,4,901,1000,87,0.448316
Model6,3pop,13,1,100,92,0.481565
Model6,3pop,13,101,200,93,0.495814
Model6,3pop,13,201,300,91,0.460508
Model6,3pop,13,301,400,92,0.487864
Model6,3pop,13,401,500,94,0.483181
Model6,3pop,13,501,600,94,0.503102
Model6,3pop,13,601,700,92,0.476243
Model6,3pop,13,701,800,90,0.468893
Model6,3pop,13,801,900,90,0.465249
Model6,3pop,13,901,1000,89,0.462
Model6,3pop,12,1,100,89,0.440282
Model6,3pop,12,101,200,94,0.50626
Model6,3pop,12,201,300,93,0.472684
Model6,3pop,12,301,400,92,0.484333
Model6,3pop,12,401,500,87,0.434983
Model6,3pop,12,501,600,94,0.489802
Model6,3pop,12,601,700,94,0.509096
Model6,3pop,12,701,800,87,0.441989
Model6,3pop,12,801,900,90,0.462311
Model6,3pop,12,901,1000,89,0.450475
Model6,3pop,5,1,100,94,0.492621
Model6,3pop,5,101,200,93,0.478401
Model6,3pop,5,201,300,90,0.476774
Model6,3pop,5,301,400,92,0.483576
Model6,3pop,5,401,500,89,0.449299
Model6,3pop,5,501,600,88,0.471814
Model6,3pop,5,601,700,88,0.458802
Model6,3pop,5,701,800,89,0.458836
Model6,3pop,5,801,900,90,0.461147
Model6,3pop,5,901,1000,90,0.465
Model6,3pop,4,1,100,90,0.462847
Model6,3pop,4,101,200,95,0.488593
Model6,3pop,4,201,300,89,0.457119
Model6,3pop,4,301,400,91,0.474288
Model6,3pop,4,401,500,91,0.477593
Model6,3pop,4,501,600,89,0.447927
Model6,3pop,4,601,700,92,0.467452
Model6,3pop,4,701,800,86,0.441746
Model6,3pop,4,801,900,86,0.464548
Model6,3pop,4,901,1000,86,0.442299
Model6,3pop,9,1,100,94,0.495277
Model6,3pop,9,101,200,92,0.490638
Model6,3pop,9,201,300,91,0.463667
Model6,3pop,9,301,400,89,0.458723
Model6,3pop,9,401,500,91,0.471023
Model6,3pop,9,501,600,82,0.407045
Model6,3pop,9,601,700,86,0.447294
Model6,3pop,9,701,800,88,0.457079
Model6,3pop,9,801,900,92,0.468904
Model6,3pop,9,901,1000,89,0.46296
Model6,3pop,14,1,100,84,0.430294
Model6,3pop,14,101,200,90,0.460977
Model6,3pop,14,201,300,88,0.445638
Model6,3pop,14,301,400,89,0.46491
Model6,3pop,14,401,500,94,0.482073
Model6,3pop,14,501,600,91,0.471695
Model6,3pop,14,601,700,93,0.475887
Model6,3pop,14,701,800,90,0.466017
Model6,3pop,14,801,900,88,0.463672
Model6,3pop,14,901,1000,93,0.480158
Model6,3pop,11,1,100,88,0.459859
Model6,3pop,11,101,200,87,0.455774
Model6,3pop,11,201,300,93,0.479113
Model6,3pop,11,301,400,92,0.490073
Model6,3pop,11,401,500,85,0.448644
Model6,3pop,11,501,600,95,0.493582
Model6,3pop,11,601,700,94,0.482333
Model6,3pop,11,701,800,93,0.471294
Model6,3pop,11,801,900,92,0.46809
Model6,3pop,11,901,1000,90,0.460045
Model6,3pop,9,1,100,92,0.476356
Model6,3pop,9,101,200,89,0.472124
Model6,3pop,9,201,300,88,0.448537
Model6,3pop,9,301,400,93,0.484186
Model6,3pop,9,401,500,87,0.460158
Model6,3pop,9,501,600,84,0.445525
Model6,3pop,9,601,700,88,0.461147
Model6,3pop,9,701,800,92,0.472746
Model6,3pop,9,801,900,94,0.498051
Model6,3pop,9,901,1000,90,0.462746
Model6,3pop,11,1,100,88,0.461932
Model6,3pop,11,101,200,92,0.462825
Model6,3pop,11,201,300,88,0.455215
Model6,3pop,11,301,400,90,0.451492
Model6,3pop,11,401,500,94,0.489791
Model6,3pop,11,501,600,89,0.466356
Model6,3pop,11,601,700,87,0.458294
Model6,3pop,11,701,800,86,0.435345
Model6,3pop,11,801,900,86,0.437006
Model6,3pop,11,901,1000,93,0.490503
Model6,3pop,1,1,100,89,0.464373
Model6,3pop,1,101,200,91,0.457339
Model6,3pop,1,201,300,88,0.457215
Model6,3pop,1,301,400,91,0.472068
Model6,3pop,1,401,500,94,0.482605
Model6,3pop,1,501,600,86,0.462836
Model6,3pop,1,601,700,87,0.457938
Model6,3pop,1,701,800,90,0.44752
Model6,3pop,1,801,900,87,0.451819
Model6,3pop,1,901,1000,86,0.463023
Model6,3pop,1,1,100,88,0.442638
Model6,3pop,1,101,200,91,0.483599
Model6,3pop,1,201,300,89,0.435554
Model6,3pop,1,301,400,88,0.440203
Model6,3pop,1,401,500,88,0.478446
Model6,3pop,1,501,600,89,0.46704
Model6,3pop,1,601,700,88,0.434548
Model6,3pop,1,701,800,90,0.477136
Model6,3pop,1,801,900,92,0.474452
Model6,3pop,1,901,1000,84,0.431249
Model6,3pop,0,1,100,72,0.318079
Model6,3pop,13,1,100,89,0.467554
Model6,3pop,13,101,200,87,0.439712
Model6,3pop,13,201,300,95,0.493915
Model6,3pop,13,301,400,88,0.468966
Model6,3pop,13,401,500,90,0.456927
Model6,3pop,13,501,600,87,0.451898
Model6,3pop,13,601,700,89,0.464921
Model6,3pop,13,701,800,90,0.488966
Model6,3pop,13,801,900,87,0.463734
Model6,3pop,13,901,1000,93,0.47209
Model6,3pop,6,1,100,84,0.441475
Model6,3pop,6,101,200,88,0.473955
Model6,3pop,6,201,300,87,0.459486
Model6,3pop,6,301,400,92,0.483339
Model6,3pop,6,401,500,95,0.479458
Model6,3pop,6,501,600,84,0.444424
Model6,3pop,6,601,700,86,0.452712
Model6,3pop,6,701,800,86,0.451006
Model6,3pop,6,801,900,95,0.514011
Model6,3pop,6,901,1000,86,0.456525
Model6,3pop,0,1,100,79,0.347429
Model6,3pop,16,1,100,87,0.458328
Model6,3pop,16,101,200,90,0.469322
Model6,3pop,16,201,300,89,0.438944
Model6,3pop,16,301,400,93,0.481977
Model6,3pop,16,401,500,94,0.484791
Model6,3pop,16,501,600,97,0.515525
Model6,3pop,16,601,700,89,0.453277
Model6,3pop,16,701,800,88,0.461802
Model6,3pop,16,801,900,90,0.491627
Model6,3pop,16,901,1000,87,0.443198
Model6,3pop,3,1,100,90,0.46587
Model6,3pop,3,101,200,91,0.476068
Model6,3pop,3,201,300,90,0.456299
Model6,3pop,3,301,400,92,0.482944
Model6,3pop,3,401,500,89,0.458763
Model6,3pop,3,501,600,90,0.453028
Model6,3pop,3,601,700,87,0.449373
Model6,3pop,3,701,800,87,0.443768
Model6,3pop,3,801,900,94,0.471373
Model6,3pop,3,901,1000,83,0.442311
Model6,3pop,1,1,100,86,0.459073
Model6,3pop,1,101,200,90,0.457621
Model6,3pop,1,201,300,86,0.452333
Model6,3pop,1,301,400,89,0.464412
Model6,3pop,1,401,500,92,0.489774
Model6,3pop,1,501,600,88,0.477876
Model6,3pop,1,601,700,88,0.465842
Model6,3pop,1,701,800,86,0.453237
Model6,3pop,1,801,900,88,0.454576
Model6,3pop,1,901,1000,92,0.474684
Model6,3pop,19,1,100,88,0.479237
Model6,3pop,19,101,200,88,0.44961
Model6,3pop,19,201,300,90,0.470989
Model6,3pop,19,301,400,92,0.455644
Model6,3pop,19,401,500,94,0.503164
Model6,3pop,19,501,600,92,0.470249
Model6,3pop,19,601,700,94,0.497141
Model6,3pop,19,701,800,90,0.473565
Model6,3pop,19,801,900,89,0.453226
Model6,3pop,19,901,1000,94,0.480085
Model6,3pop,11,1,100,84,0.441141
Model6,3pop,11,101,200,91,0.46191
Model6,3pop,11,201,300,89,0.472599
Model6,3pop,11,301,400,94,0.474757
Model6,3pop,11,401,500,91,0.464232
Model6,3pop,11,501,600,94,0.49248
Model6,3pop,11,601,700,94,0.481266
Model6,3pop,11,701,800,97,0.496774
Model6,3pop,11,801,900,89,0.469627
Model6,3pop,11,901,1000,90,0.468977
Model6,3pop,10,1,100,92,0.478627
Model6,3pop,10,101,200,95,0.495452
Model6,3pop,10,201,300,91,0.465107
Model6,3pop,10,301,400,89,0.46113
Model6,3pop,10,401,500,88,0.463384
Model6,3pop,10,501,600,91,0.476638
Model6,3pop,10,601,700,94,0.473458
Model6,3pop,10,701,800,87,0.451316
Model6,3pop,10,801,900,91,0.489311
Model6,3pop,10,901,1000,90,0.477938
Model6,3pop,11,1,100,93,0.491599
Model6,3pop,11,101,200,87,0.457102
Model6,3pop,11,201,300,88,0.464119
Model6,3pop,11,301,400,90,0.474062
Model6,3pop,11,401,500,89,0.470712
Model6,3pop,11,501,600,91,0.459243
Model6,3pop,11,601,700,89,0.463599
Model6,3pop,11,701,800,86,0.457412
Model6,3pop,11,801,900,90,0.476774
Model6,3pop,11,901,1000,86,0.445537
Model6,3pop,16,1,100,90,0.485734
Model6,3pop,16,101,200,86,0.446633
Model6,3pop,16,201,300,89,0.457458
Model6,3pop,16,301,400,90,0.458695
Model6,3pop,16,401,500,87,0.454243
Model6,3pop,16,501,600,90,0.473475
Model6,3pop,16,601,700,95,0.485763
Model6,3pop,16,701,800,93,0.463921
Model6,3pop,16,801,900,92,0.488441
Model6,3pop,16,901,1000,91,0.473621
Model6,3pop,3,1,100,87,0.457288
Model6,3pop,3,101,200,92,0.482836
Model6,3pop,3,201,300,89,0.454249
Model6,3pop,3,301,400,92,0.464859
Model6,3pop,3,401,500,91,0.487802
Model6,3pop,3,501,600,87,0.457508
Model6,3pop,3,601,700,87,0.445
Model6,3pop,3,701,800,89,0.469282
Model6,3pop,3,801,900,95,0.496554
Model6,3pop,3,901,1000,89,0.494062
Model6,3pop,0,1,100,90,0.467644
Model6,3pop,0,101,200,87,0.460062
Model6,3pop,0,201,300,87,0.471124
Model6,3pop,0,301,400,85,0.458441
Model6,3pop,0,401,500,93,0.476486
Model6,3pop,0,501,600,95,0.498994
Model6,3pop,0,601,700,90,0.461605
Model6,3pop,0,701,800,92,0.462994
Model6,3pop,0,801,900,90,0.464198
Model6,3pop,0,901,1000,84,0.451045
Model6,3pop,18,1,100,84,0.443915
Model6,3pop,18,101,200,90,0.477412
Model6,3pop,18,201,300,90,0.445938
Model6,3pop,18,301,400,91,0.472362
Model6,3pop,18,401,500,92,0.45948
Model6,3pop,18,501,600,92,0.490932
Model6,3pop,18,601,700,91,0.468853
Model6,3pop,18,701,800,87,0.435141
Model6,3pop,18,801,900,89,0.469277
Model6,3pop,18,901,1000,89,0.446763
Model6,3pop,2,1,100,90,0.46587
Model6,3pop,2,101,200,91,0.476068
Model6,3pop,2,201,300,90,0.456299
Model6,3pop,2,301,400,92,0.482944
Model6,3pop,2,401,500,89,0.458763
Model6,3pop,2,501,600,90,0.453028
Model6,3pop,2,601,700,87,0.449373
Model6,3pop,2,701,800,87,0.443768
Model6,3pop,2,801,900,94,0.471373
Model6,3pop,2,901,1000,83,0.442311
Model6,3pop,17,1,100,90,0.464542
Model6,3pop,17,101,200,93,0.478667
Model6,3pop,17,201,300,92,0.487938
Model6,3pop,17,301,400,87,0.45322
Model6,3pop,17,401,500,91,0.477299
Model6,3pop,17,501,600,85,0.464169
Model6,3pop,17,601,700,94,0.481079
Model6,3pop,17,701,800,91,0.477119
Model6,3pop,17,801,900,88,0.456407
Model6,3pop,17,901,1000,95,0.492073
Model6,3pop,15,1,100,87,0.459751
Model6,3pop,15,101,200,90,0.472271
Model6,3pop,15,201,300,96,0.504407
Model6,3pop,15,301,400,88,0.459141
Model6,3pop,15,401,500,90,0.467249
Model6,3pop,15,501,600,88,0.453944
Model6,3pop,15,601,700,82,0.442847
Model6,3pop,15,701,800,91,0.47887
Model6,3pop,15,801,900,90,0.461661
Model6,3pop,15,901,1000,93,0.476028
Model6,3pop,5,1,100,83,0.430853
Model6,3pop,5,101,200,85,0.443599
Model6,3pop,5,201,300,87,0.438203
Model6,3pop,5,301,400,92,0.47952
Model6,3pop,5,401,500,93,0.476876
Model6,3pop,5,501,600,91,0.482904
Model6,3pop,5,601,700,92,0.473921
Model6,3pop,5,701,800,96,0.484333
Model6,3pop,5,801,900,92,0.489045
Model6,3pop,5,901,1000,89,0.447565
Model6,3pop,4,1,100,88,0.439706
Model6,3pop,4,101,200,86,0.442655
Model6,3pop,4,201,300,93,0.465028
Model6,3pop,4,301,400,82,0.436831
Model6,3pop,4,401,500,88,0.443898
Model6,3pop,4,501,600,96,0.486023
Model6,3pop,4,601,700,89,0.463853
Model6,3pop,4,701,800,90,0.467294
Model6,3pop,4,801,900,94,0.490514
Model6,3pop,4,901,1000,90,0.461407
Model6,3pop,2,1,100,89,0.473435
Model6,3pop,2,101,200,95,0.499712
Model6,3pop,2,201,300,88,0.471701
Model6,3pop,2,301,400,89,0.475876
Model6,3pop,2,401,500,81,0.423831
Model6,3pop,2,501,600,89,0.464887
Model6,3pop,2,601,700,91,0.486243
Model6,3pop,2,701,800,91,0.479621
Model6,3pop,2,801,900,88,0.456395
Model6,3pop,2,901,1000,88,0.451842
Model6,3pop,16,1,100,80,0.417215
Model6,3pop,16,101,200,86,0.449797
Model6,3pop,16,201,300,92,0.48835
Model6,3pop,16,301,400,90,0.463751
Model6,3pop,16,401,500,93,0.475288
Model6,3pop,16,501,600,93,0.481023
Model6,3pop,16,601,700,89,0.457927
Model6,3pop,16,701,800,94,0.501085
Model6,3pop,16,801,900,90,0.454729
Model6,3pop,16,901,1000,85,0.440582
Model6,3pop,18,1,100,85,0.44391
Model6,3pop,18,101,200,86,0.458085
Model6,3pop,18,201,300,93,0.474802
Model6,3pop,18,301,400,91,0.490424
Model6,3pop,18,401,500,91,0.470808
Model6,3pop,18,501,600,87,0.460045
Model6,3pop,18,601,700,98,0.497226
Model6,3pop,18,701,800,89,0.465616
Model6,3pop,18,801,900,83,0.422294
Model6,3pop,18,901,1000,87,0.441819
Model6,3pop,1,1,100,91,0.474407
Model6,3pop,1,101,200,86,0.434028
Model6,3pop,1,201,300,90,0.471684
Model6,3pop,1,301,400,85,0.435249
Model6,3pop,1,401,500,90,0.467497
Model6,3pop,1,501,600,90,0.490904
Model6,3pop,1,601,700,88,0.454011
Model6,3pop,1,701,800,91,0.460514
Model6,3pop,1,801,900,94,0.490503
Model6,3pop,1,901,1000,90,0.462017
Model6,3pop,15,1,100,90,0.478757
Model6,3pop,15,101,200,91,0.469864
Model6,3pop,15,201,300,88,0.452181
Model6,3pop,15,301,400,87,0.441226
Model6,3pop,15,401,500,91,0.470198
Model6,3pop,15,501,600,91,0.478418
Model6,3pop,15,601,700,93,0.490446
Model6,3pop,15,701,800,96,0.505068
Model6,3pop,15,801,900,90,0.47239
Model6,3pop,15,901,1000,92,0.465288
Model6,3pop,6,1,100,91,0.476825
Model6,3pop,6,101,200,90,0.482056
Model6,3pop,6,201,300,86,0.457638
Model6,3pop,6,301,400,87,0.442836
Model6,3pop,6,401,500,91,0.462667
Model6,3pop,6,501,600,86,0.436294
Model6,3pop,6,601,700,91,0.466853
Model6,3pop,6,701,800,93,0.486571
Model6,3pop,6,801,900,93,0.477079
Model6,3pop,6,901,1000,87,0.471085
Model6,3pop,6,1,100,91,0.482576
Model6,3pop,6,101,200,89,0.454927
Model6,3pop,6,201,300,87,0.456356
Model6,3pop,6,301,400,93,0.470192
Model6,3pop,6,401,500,89,0.464689
Model6,3pop,6,501,600,83,0.425944
Model6,3pop,6,601,700,81,0.407599
Model6,3pop,6,701,800,87,0.454927
Model6,3pop,6,801,900,94,0.503712
Model6,3pop,6,901,1000,89,0.456525
Model6,3pop,18,1,100,90,0.454056
Model6,3pop,18,101,200,89,0.465113
Model6,3pop,18,201,300,87,0.466893
Model6,3pop,18,301,400,86,0.433599
Model6,3pop,18,401,500,91,0.473412
Model6,3pop,18,501,600,92,0.467192
Model6,3pop,18,601,700,87,0.445373
Model6,3pop,18,701,800,90,0.469237
Model6,3pop,18,801,900,85,0.442203
Model6,3pop,18,901,1000,92,0.490379
Model6,3pop,15,1,100,86,0.425864
Model6,3pop,15,101,200,94,0.491695
Model6,3pop,15,201,300,92,0.494508
Model6,3pop,15,301,400,90,0.45
Model6,3pop,15,401,500,88,0.454266
Model6,3pop,15,501,600,90,0.453435
Model6,3pop,15,601,700,84,0.451023
Model6,3pop,15,701,800,91,0.477028
Model6,3pop,15,801,900,89,0.472701
Model6,3pop,15,901,1000,91,0.473006
Model6,3pop,14,1,100,92,0.493571
Model6,3pop,14,101,200,88,0.463582
Model6,3pop,14,201,300,86,0.439944
Model6,3pop,14,301,400,93,0.471797
Model6,3pop,14,401,500,91,0.475847
Model6,3pop,14,501,600,97,0.513808
Model6,3pop,14,601,700,92,0.478898
Model6,3pop,14,701,800,83,0.427763
Model6,3pop,14,801,900,87,0.446893
Model6,3pop,14,901,1000,90,0.45665
Model6,3pop,13,1,100,89,0.463667
Model6,3pop,13,101,200,96,0.488271
Model6,3pop,13,201,300,84,0.432475
Model6,3pop,13,301,400,90,0.468853
Model6,3pop,13,401,500,91,0.473508
Model6,3pop,13,501,600,90,0.469904
Model6,3pop,13,601,700,93,0.483525
Model6,3pop,13,701,800,86,0.460627
Model6,3pop,13,801,900,87,0.442254
Model6,3pop,13,901,1000,91,0.463497
Model6,3pop,4,1,100,91,0.482034
Model6,3pop,4,101,200,89,0.453209
Model6,3pop,4,201,300,94,0.497328
Model6,3pop,4,301,400,93,0.468056
Model6,3pop,4,401,500,93,0.47539
Model6,3pop,4,501,600,89,0.458944
Model6,3pop,4,601,700,89,0.455096
Model6,3pop,4,701,800,85,0.453469
Model6,3pop,4,801,900,87,0.45052
Model6,3pop,4,901,1000,86,0.433401
Model6,3pop,1,1,100,94,0.486768
Model6,3pop,1,101,200,93,0.492316
Model6,3pop,1,201,300,88,0.459949
Model6,3pop,1,301,400,93,0.473153
Model6,3pop,1,401,500,88,0.448316
Model6,3pop,1,501,600,86,0.426215
Model6,3pop,1,601,700,88,0.477079
Model6,3pop,1,701,800,94,0.47565
Model6,3pop,1,801,900,90,0.467226
Model6,3pop,1,901,1000,90,0.460367
Model6,3pop,11,1,100,95,0.50439
Model6,3pop,11,101,200,98,0.512429
Model6,3pop,11,201,300,93,0.484644
Model6,3pop,11,301,400,88,0.457147
Model6,3pop,11,401,500,89,0.46778
Model6,3pop,11,501,600,84,0.450011
Model6,3pop,11,601,700,91,0.482932
Model6,3pop,11,701,800,94,0.492678
Model6,3pop,11,801,900,85,0.448915
Model6,3pop,11,901,1000,89,0.444339
Model6,3pop,2,1,100,91,0.48009
Model6,3pop,2,101,200,90,0.458842
Model6,3pop,2,201,300,86,0.449989
Model6,3pop,2,301,400,90,0.451791
Model6,3pop,2,401,500,91,0.474497
Model6,3pop,2,501,600,93,0.477525
Model6,3pop,2,601,700,94,0.484972
Model6,3pop,2,701,800,85,0.458537
Model6,3pop,2,801,900,93,0.481266
Model6,3pop,2,901,1000,95,0.513605
Model6,3pop,17,1,100,87,0.452672
Model6,3pop,17,101,200,91,0.465734
Model6,3pop,17,201,300,91,0.472277
Model6,3pop,17,301,400,93,0.481362
Model6,3pop,17,401,500,86,0.44404
Model6,3pop,17,501,600,87,0.455921
Model6,3pop,17,601,700,91,0.482011
Model6,3pop,17,701,800,88,0.453893
Model6,3pop,17,801,900,88,0.434192
Model6,3pop,17,901,1000,88,0.455085
Model6,3pop,10,1,100,92,0.475311
Model6,3pop,10,101,200,85,0.417774
Model6,3pop,10,201,300,91,0.465192
Model6,3pop,10,301,400,93,0.489006
Model6,3pop,10,401,500,86,0.445045
Model6,3pop,10,501,600,92,0.472418
Model6,3pop,10,601,700,94,0.492605
Model6,3pop,10,701,800,95,0.483774
Model6,3pop,10,801,900,92,0.477785
Model6,3pop,10,901,1000,89,0.474548
Model6,3pop,13,1,100,85,0.451169
Model6,3pop,13,101,200,88,0.456508
Model6,3pop,13,201,300,88,0.446661
Model6,3pop,13,301,400,88,0.468045
Model6,3pop,13,401,500,93,0.480181
Model6,3pop,13,501,600,88,0.454627
Model6,3pop,13,601,700,94,0.493328
Model6,3pop,13,701,800,90,0.44839
Model6,3pop,13,801,900,88,0.463921
Model6,3pop,13,901,1000,93,0.48922
Model6,3pop,7,1,100,94,0.489768
Model6,3pop,7,101,200,84,0.45939
Model6,3pop,7,201,300,88,0.454299
Model6,3pop,7,301,400,94,0.485814
Model6,3pop,7,401,500,91,0.476362
Model6,3pop,7,501,600,87,0.447559
Model6,3pop,7,601,700,89,0.477401
Model6,3pop,7,701,800,92,0.491718
Model6,3pop,7,801,900,89,0.467542
Model6,3pop,7,901,1000,92,0.488429
Model6,3pop,0,1,100,75,0.32852
Model6,3pop,3,1,100,95,0.496113
Model6,3pop,3,101,200,86,0.440367
Model6,3pop,3,201,300,91,0.466322
Model6,3pop,3,301,400,88,0.45809
Model6,3pop,3,401,500,88,0.444864
Model6,3pop,3,501,600,88,0.457011
Model6,3pop,3,601,700,90,0.463181
Model6,3pop,3,701,800,84,0.43996
Model6,3pop,3,801,900,91,0.462977
Model6,3pop,3,901,1000,88,0.455853
Model6,3pop,19,1,100,88,0.468395
Model6,3pop,19,101,200,90,0.477814
Model6,3pop,19,201,300,86,0.43996
Model6,3pop,19,301,400,92,0.490412
Model6,3pop,19,401,500,90,0.456966
Model6,3pop,19,501,600,85,0.424932
Model6,3pop,19,601,700,87,0.452655
Model6,3pop,19,701,800,93,0.500424
Model6,3pop,19,801,900,91,0.458294
Model6,3pop,19,901,1000,91,0.477299
Model6,3pop,2,1,100,88,0.468073
Model6,3pop,2,101,200,92,0.481836
Model6,3pop,2,201,300,90,0.466158
Model6,3pop,2,301,400,92,0.471198
Model6,3pop,2,401,500,87,0.464994
Model6,3pop,2,501,600,91,0.460757
Model6,3pop,2,601,700,89,0.465588
Model6,3pop,2,701,800,89,0.447418
Model6,3pop,2,801,900,93,0.479904
Model6,3pop,2,901,1000,93,0.477469
Model6,3pop,0,1,100,91,0.477977
Model6,3pop,0,101,200,90,0.495785
Model6,3pop,0,201,300,86,0.447915
Model6,3pop,0,301,400,86,0.44874
Model6,3pop,0,401,500,87,0.433056
Model6,3pop,0,501,600,85,0.445469
Model6,3pop,0,601,700,90,0.463836
Model6,3pop,0,701,800,94,0.499062
Model6,3pop,0,801,900,91,0.456808
Model6,3pop,0,901,1000,85,0.446412
Model6,3pop,6,1,100,91,0.475079
Model6,3pop,6,101,200,88,0.455147
Model6,3pop,6,201,300,91,0.477006
Model6,3pop,6,301,400,92,0.463927
Model6,3pop,6,401,500,92,0.471718
Model6,3pop,6,501,600,88,0.455107
Model6,3pop,6,601,700,93,0.499079
Model6,3pop,6,701,800,85,0.417627
Model6,3pop,6,801,900,88,0.458689
Model6,3pop,6,901,1000,85,0.447435
Model6,3pop,4,1,100,89,0.461695
Model6,3pop,4,101,200,92,0.473944
Model6,3pop,4,201,300,87,0.45035
Model6,3pop,4,301,400,96,0.52087
Model6,3pop,4,401,500,88,0.455695
Model6,3pop,4,501,600,87,0.452277
Model6,3pop,4,601,700,92,0.474169
Model6,3pop,4,701,800,91,0.457107
Model6,3pop,4,801,900,88,0.448655
Model6,3pop,4,901,1000,87,0.464672
Model6,3pop,7,1,100,90,0.479847
Model6,3pop,7,101,200,85,0.453429
Model6,3pop,7,201,300,92,0.48561
Model6,3pop,7,301,400,90,0.486006
Model6,3pop,7,401,500,92,0.461288
Model6,3pop,7,501,600,94,0.490881
Model6,3pop,7,601,700,87,0.465119
Model6,3pop,7,701,800,94,0.507876
Model6,3pop,7,801,900,91,0.485655
Model6,3pop,7,901,1000,82,0.428712
Model6,3pop,5,1,100,91,0.470723
Model6,3pop,5,101,200,96,0.508582
Model6,3pop,5,201,300,85,0.443729
Model6,3pop,5,301,400,90,0.457379
Model6,3pop,5,401,500,93,0.490599
Model6,3pop,5,501,600,89,0.457672
Model6,3pop,5,601,700,92,0.486944
Model6,3pop,5,701,800,95,0.481785
Model6,3pop,5,801,900,86,0.463847
Model6,3pop,5,901,1000,89,0.445672
Model6,3pop,16,1,100,94,0.500243
Model6,3pop,16,101,200,92,0.480164
Model6,3pop,16,201,300,82,0.436644
Model6,3pop,16,301,400,86,0.439791
Model6,3pop,16,401,500,89,0.468785
Model6,3pop,16,501,600,89,0.470045
Model6,3pop,16,601,700,94,0.478192
Model6,3pop,16,701,800,87,0.456944
Model6,3pop,16,801,900,88,0.456249
Model6,3pop,16,901,1000,92,0.480565
Model6,3pop,0,1,100,75,0.329898
Model6,3pop,19,1,100,88,0.462435
Model6,3pop,19,101,200,87,0.430056
Model6,3pop,19,201,300,90,0.468531
Model6,3pop,19,301,400,94,0.488215
Model6,3pop,19,401,500,91,0.478232
Model6,3pop,19,501,600,89,0.44791
Model6,3pop,19,601,700,94,0.488192
Model6,3pop,19,701,800,92,0.475418
Model6,3pop,19,801,900,81,0.434627
Model6,3pop,19,901,1000,80,0.420548
Model6,3pop,18,1,100,91,0.486932
Model6,3pop,18,101,200,89,0.472469
Model6,3pop,18,201,300,86,0.453944
Model6,3pop,18,301,400,82,0.430797
Model6,3pop,18,401,500,94,0.498322
Model6,3pop,18,501,600,90,0.453203
Model6,3pop,18,601,700,92,0.492
Model6,3pop,18,701,800,87,0.462424
Model6,3pop,18,801,900,89,0.465627
Model6,3pop,18,901,1000,91,0.463898
Model6,3pop,15,1,100,84,0.450079
Model6,3pop,15,101,200,91,0.474497
Model6,3pop,15,201,300,91,0.465424
Model6,3pop,15,301,400,92,0.479362
Model6,3pop,15,401,500,92,0.486593
Model6,3pop,15,501,600,90,0.459853
Model6,3pop,15,601,700,96,0.505085
Model6,3pop,15,701,800,89,0.456401
Model6,3pop,15,801,900,95,0.500486
Model6,3pop,15,901,1000,83,0.445068
Model6,3pop,4,1,100,95,0.494486
Model6,3pop,4,101,200,89,0.458853
Model6,3pop,4,201,300,97,0.504407
Model6,3pop,4,301,400,86,0.444333
Model6,3pop,4,401,500,88,0.444847
Model6,3pop,4,501,600,88,0.449644
Model6,3pop,4,601,700,88,0.455859
Model6,3pop,4,701,800,89,0.48539
Model6,3pop,4,801,900,81,0.431655
Model6,3pop,4,901,1000,88,0.434605
Model6,3pop,12,1,100,91,0.466017
Model6,3pop,12,101,200,90,0.464751
Model6,3pop,12,201,300,91,0.482141
Model6,3pop,12,301,400,91,0.478305
Model6,3pop,12,401,500,88,0.470294
Model6,3pop,12,501,600,89,0.457119
Model6,3pop,12,601,700,88,0.467147
Model6,3pop,12,701,800,92,0.485141
Model6,3pop,12,801,900,82,0.414638
Model6,3pop,12,901,1000,91,0.47835
Model6,3pop,17,1,100,89,0.453124
Model6,3pop,17,101,200,87,0.461339
Model6,3pop,17,201,300,94,0.474085
Model6,3pop,17,301,400,90,0.461593
Model6,3pop,17,401,500,91,0.485802
Model6,3pop,17,501,600,91,0.492525
Model6,3pop,17,601,700,87,0.477463
Model6,3pop,17,701,800,87,0.43335
Model6,3pop,17,801,900,87,0.468621
Model6,3pop,17,901,1000,87,0.448712
Model6,3pop,6,1,100,87,0.460028
Model6,3pop,6,101,200,90,0.464503
Model6,3pop,6,201,300,88,0.480475
Model6,3pop,6,301,400,91,0.484887
Model6,3pop,6,401,500,90,0.478452
Model6,3pop,6,501,600,85,0.453921
Model6,3pop,6,601,700,90,0.469006
Model6,3pop,6,701,800,85,0.447345
Model6,3pop,6,801,900,90,0.463463
Model6,3pop,6,901,1000,83,0.436836
Model6,3pop,18,1,100,88,0.464113
Model6,3pop,18,101,200,90,0.456582
Model6,3pop,18,201,300,94,0.485492
Model6,3pop,18,301,400,91,0.477955
Model6,3pop,18,401,500,90,0.476842
Model6,3pop,18,501,600,83,0.433316
Model6,3pop,18,601,700,92,0.467492
Model6,3pop,18,701,800,87,0.423712
Model6,3pop,18,801,900,91,0.475672
Model6,3pop,18,901,1000,87,0.441859
Model6,3pop,10,1,100,89,0.472582
Model6,3pop,10,101,200,83,0.451842
Model6,3pop,10,201,300,89,0.476831
Model6,3pop,10,301,400,89,0.478559
Model6,3pop,10,401,500,90,0.454062
Model6,3pop,10,501,600,88,0.468497
Model6,3pop,10,601,700,88,0.459616
Model6,3pop,10,701,800,92,0.492407
Model6,3pop,10,801,900,90,0.458277
Model6,3pop,10,901,1000,94,0.482271
Model6,3pop,9,1,100,94,0.484983
Model6,3pop,9,101,200,84,0.436983
Model6,3pop,9,201,300,92,0.478695
Model6,3pop,9,301,400,91,0.457113
Model6,3pop,9,401,500,92,0.475972
Model6,3pop,9,501,600,86,0.43987
Model6,3pop,9,601,700,90,0.468537
Model6,3pop,9,701,800,87,0.454921
Model6,3pop,9,801,900,87,0.451153
Model6,3pop,9,901,1000,83,0.435819
Model6,3pop,0,1,100,87,0.458249
Model6,3pop,0,101,200,93,0.48339
Model6,3pop,0,201,300,90,0.456695
Model6,3pop,0,301,400,88,0.484672
Model6,3pop,0,401,500,91,0.478294
Model6,3pop,0,501,600,94,0.478859
Model6,3pop,0,601,700,89,0.463712
Model6,3pop,0,701,800,87,0.461944
Model6,3pop,0,801,900,92,0.458469
Model6,3pop,0,901,1000,90,0.45826
Model6,3pop,10,1,100,89,0.470949
Model6,3pop,10,101,200,85,0.436051
Model6,3pop,10,201,300,89,0.454017
Model6,3pop,10,301,400,90,0.461384
Model6,3pop,10,401,500,91,0.467215
Model6,3pop,10,501,600,86,0.434508
Model6,3pop,10,601,700,90,0.477955
Model6,3pop,10,701,800,88,0.470667
Model6,3pop,10,801,900,84,0.433751
Model6,3pop,10,901,1000,91,0.476797
Model6,3pop,9,1,100,87,0.464237
Model6,3pop,9,101,200,87,0.459718
Model6,3pop,9,201,300,94,0.489627
Model6,3pop,9,301,400,89,0.459486
Model6,3pop,9,401,500,89,0.474079
Model6,3pop,9,501,600,92,0.476932
Model6,3pop,9,601,700,93,0.484525
Model6,3pop,9,701,800,95,0.497633
Model6,3pop,9,801,900,89,0.469266
Model6,3pop,9,901,1000,92,0.481667
Model6,3pop,0,1,100,74,0.331051
Model6,3pop,19,1,100,91,0.46578
Model6,3pop,19,101,200,91,0.467096
Model6,3pop,19,201,300,91,0.471559
Model6,3pop,19,301,400,90,0.46848
Model6,3pop,19,401,500,92,0.477842
Model6,3pop,19,501,600,91,0.450356
Model6,3pop,19,601,700,85,0.44278
Model6,3pop,19,701,800,90,0.472678
Model6,3pop,19,801,900,92,0.470966
Model6,3pop,19,901,1000,91,0.453356
Model6,3pop,12,1,100,90,0.473791
Model6,3pop,12,101,200,89,0.46704
Model6,3pop,12,201,300,92,0.484198
Model6,3pop,12,301,400,87,0.470864
Model6,3pop,12,401,500,88,0.466373
Model6,3pop,12,501,600,89,0.460395
Model6,3pop,12,601,700,87,0.45478
Model6,3pop,12,701,800,86,0.457904
Model6,3pop,12,801,900,87,0.456463
Model6,3pop,12,901,1000,86,0.44296
Model6,3pop,5,1,100,96,0.483893
Model6,3pop,5,101,200,91,0.473949
Model6,3pop,5,201,300,88,0.469192
Model6,3pop,5,301,400,94,0.465621
Model6,3pop,5,401,500,90,0.482554
Model6,3pop,5,501,600,90,0.44339
Model6,3pop,5,601,700,90,0.46035
Model6,3pop,5,701,800,85,0.441734
Model6,3pop,5,801,900,91,0.469452
Model6,3pop,5,901,1000,89,0.436243
Model6,3pop,15,1,100,90,0.459831
Model6,3pop,15,101,200,86,0.452565
Model6,3pop,15,201,300,92,0.477537
Model6,3pop,15,301,400,91,0.471734
Model6,3pop,15,401,500,92,0.484356
Model6,3pop,15,501,600,87,0.462768
Model6,3pop,15,601,700,92,0.463124
Model6,3pop,15,701,800,90,0.455638
Model6,3pop,15,801,900,93,0.490249
Model6,3pop,15,901,1000,87,0.464831
Model6,3pop,15,1,100,89,0.442644
Model6,3pop,15,101,200,93,0.487582
Model6,3pop,15,201,300,92,0.479045
Model6,3pop,15,301,400,95,0.494203
Model6,3pop,15,401,500,94,0.494339
Model6,3pop,15,501,600,86,0.448452
Model6,3pop,15,601,700,81,0.426678
Model6,3pop,15,701,800,93,0.488446
Model6,3pop,15,801,900,91,0.450198
Model6,3pop,15,901,1000,91,0.465294
Model6,3pop,17,1,100,96,0.494605
Model6,3pop,17,101,200,85,0.431627
Model6,3pop,17,201,300,94,0.49748
Model6,3pop,17,301,400,90,0.471859
Model6,3pop,17,401,500,91,0.491051
Model6,3pop,17,501,600,88,0.472701
Model6,3pop,17,601,700,92,0.474915
Model6,3pop,17,701,800,88,0.469085
Model6,3pop,17,801,900,88,0.464153
Model6,3pop,17,901,1000,92,0.499734
Model6,3pop,0,1,100,79,0.345311
Model6,3pop,8,1,100,91,0.461209
Model6,3pop,8,101,200,92,0.484695
Model6,3pop,8,201,300,90,0.476102
Model6,3pop,8,301,400,92,0.471718
Model6,3pop,8,401,500,91,0.463734
Model6,3pop,8,501,600,94,0.481463
Model6,3pop,8,601,700,90,0.473254
Model6,3pop,8,701,800,87,0.46804
Model6,3pop,8,801,900,90,0.444119
Model6,3pop,8,901,1000,82,0.435667
Model6,3pop,1,1,100,85,0.445684
Model6,3pop,1,101,200,96,0.487181
Model6,3pop,1,201,300,89,0.468672
Model6,3pop,1,301,400,85,0.44196
Model6,3pop,1,401,500,89,0.444209
Model6,3pop,1,501,600,85,0.453695
Model6,3pop,1,601,700,89,0.45635
Model6,3pop,1,701,800,92,0.459706
Model6,3pop,1,801,900,91,0.454463
Model6,3pop,1,901,1000,89,0.443299
Model6,3pop,8,1,100,92,0.480582
Model6,3pop,8,101,200,90,0.469751
Model6,3pop,8,201,300,90,0.48287
Model6,3pop,8,301,400,86,0.437921
Model6,3pop,8,401,500,86,0.454508
Model6,3pop,8,501,600,88,0.47778
Model6,3pop,8,601,700,92,0.467045
Model6,3pop,8,701,800,88,0.465678
Model6,3pop,8,801,900,84,0.434955
Model6,3pop,8,901,1000,86,0.436113
Model6,3pop,2,1,100,88,0.456695
Model6,3pop,2,101,200,89,0.453169
Model6,3pop,2,201,300,88,0.456836
Model6,3pop,2,301,400,88,0.458921
Model6,3pop,2,401,500,90,0.459006
Model6,3pop,2,501,600,94,0.49796
Model6,3pop,2,601,700,94,0.49952
Model6,3pop,2,701,800,94,0.49387
Model6,3pop,2,801,900,91,0.474316
Model6,3pop,2,901,1000,86,0.439056
Model6,3pop,12,1,100,88,0.463339
Model6,3pop,12,101,200,93,0.470424
Model6,3pop,12,201,300,88,0.450362
Model6,3pop,12,301,400,90,0.481565
Model6,3pop,12,401,500,90,0.463768
Model6,3pop,12,501,600,89,0.47774
Model6,3pop,12,601,700,92,0.494277
Model6,3pop,12,701,800,88,0.446825
Model6,3pop,12,801,900,88,0.439322
Model6,3pop,12,901,1000,88,0.462429
Model6,3pop,18,1,100,90,0.474458
Model6,3pop,18,101,200,90,0.455429
Model6,3pop,18,201,300,87,0.462254
Model6,3pop,18,301,400,88,0.446514
Model6,3pop,18,401,500,90,0.483661
Model6,3pop,18,501,600,86,0.420678
Model6,3pop,18,601,700,86,0.447621
Model6,3pop,18,701,800,91,0.478915
Model6,3pop,18,801,900,90,0.456446
Model6,3pop,18,901,1000,86,0.452678
Model6,3pop,7,1,100,92,0.474887
Model6,3pop,7,101,200,93,0.468379
Model6,3pop,7,201,300,84,0.455785
Model6,3pop,7,301,400,86,0.455311
Model6,3pop,7,401,500,94,0.500825
Model6,3pop,7,501,600,90,0.452333
Model6,3pop,7,601,700,85,0.443401
Model6,3pop,7,701,800,88,0.45578
Model6,3pop,7,801,900,85,0.421689
Model6,3pop,7,901,1000,86,0.437672
Model6,3pop,5,1,100,94,0.490785
Model6,3pop,5,101,200,86,0.448169
Model6,3pop,5,201,300,91,0.484429
Model6,3pop,5,301,400,90,0.460525
Model6,3pop,5,401,500,87,0.463395
Model6,3pop,5,501,600,91,0.467254
Model6,3pop,5,601,700,86,0.455977
Model6,3pop,5,701,800,94,0.486542
Model6,3pop,5,801,900,88,0.448299
Model6,3pop,5,901,1000,91,0.464254
Model6,3pop,11,1,100,91,0.483243
Model6,3pop,11,101,200,91,0.455107
Model6,3pop,11,201,300,90,0.462638
Model6,3pop,11,301,400,86,0.467932
Model6,3pop,11,401,500,91,0.473514
Model6,3pop,11,501,600,87,0.458379
Model6,3pop,11,601,700,92,0.473966
Model6,3pop,11,701,800,90,0.47735
Model6,3pop,11,801,900,87,0.468876
Model6,3pop,11,901,1000,84,0.431791
Model6,3pop,12,1,100,91,0.488689
Model6,3pop,12,101,200,88,0.458299
Model6,3pop,12,201,300,85,0.439605
Model6,3pop,12,301,400,90,0.476763
Model6,3pop,12,401,500,87,0.445588
Model6,3pop,12,501,600,88,0.465701
Model6,3pop,12,601,700,89,0.458136
Model6,3pop,12,701,800,91,0.480605
Model6,3pop,12,801,900,85,0.444418
Model6,3pop,12,901,1000,91,0.476158
Model6,3pop,9,1,100,87,0.444458
Model6,3pop,9,101,200,85,0.422401
Model6,3pop,9,201,300,90,0.459977
Model6,3pop,9,301,400,87,0.448994
Model6,3pop,9,401,500,87,0.449678
Model6,3pop,9,501,600,92,0.473045
Model6,3pop,9,601,700,87,0.458819
Model6,3pop,9,701,800,92,0.475096
Model6,3pop,9,801,900,90,0.470915
Model6,3pop,9,901,1000,89,0.435599
Model6,3pop,13,1,100,89,0.472119
Model6,3pop,13,101,200,88,0.457079
Model6,3pop,13,201,300,91,0.457102
Model6,3pop,13,301,400,87,0.450356
Model6,3pop,13,401,500,87,0.468977
Model6,3pop,13,501,600,92,0.481
Model6,3pop,13,601,700,91,0.482107
Model6,3pop,13,701,800,94,0.481819
Model6,3pop,13,801,900,89,0.462927
Model6,3pop,13,901,1000,87,0.446503
Model6,3pop,3,1,100,83,0.43774
Model6,3pop,3,101,200,91,0.474746
Model6,3pop,3,201,300,92,0.472785
Model6,3pop,3,301,400,93,0.481056
Model6,3pop,3,401,500,90,0.482712
Model6,3pop,3,501,600,89,0.463034
Model6,3pop,3,601,700,89,0.458237
Model6,3pop,3,701,800,86,0.425729
Model6,3pop,3,801,900,90,0.457831
Model6,3pop,3,901,1000,88,0.454695
Model6,3pop,18,1,100,92,0.492537
Model6,3pop,18,101,200,93,0.469638
Model6,3pop,18,201,300,94,0.481831
Model6,3pop,18,301,400,91,0.469367
Model6,3pop,18,401,500,93,0.473576
Model6,3pop,18,501,600,91,0.477305
Model6,3pop,18,601,700,84,0.452819
Model6,3pop,18,701,800,93,0.498791
Model6,3pop,18,801,900,92,0.488294
Model6,3pop,18,901,1000,94,0.488141
Model6,3pop,12,1,100,93,0.479588
Model6,3pop,12,101,200,92,0.463158
Model6,3pop,12,201,300,89,0.463362
Model6,3pop,12,301,400,87,0.462237
Model6,3pop,12,401,500,94,0.494305
Model6,3pop,12,501,600,87,0.45226
Model6,3pop,12,601,700,84,0.435475
Model6,3pop,12,701,800,88,0.474085
Model6,3pop,12,801,900,91,0.484729
Model6,3pop,12,901,1000,84,0.450559
Model6,3pop,19,1,100,83,0.442266
Model6,3pop,19,101,200,96,0.502678
Model6,3pop,19,201,300,90,0.45974
Model6,3pop,19,301,400,93,0.483972
Model6,3pop,19,401,500,88,0.453226
Model6,3pop,19,501,600,89,0.466774
Model6,3pop,19,601,700,90,0.469791
Model6,3pop,19,701,800,90,0.44704
Model6,3pop,19,801,900,95,0.492333
Model6,3pop,19,901,1000,94,0.481458
Model6,3pop,10,1,100,87,0.444034
Model6,3pop,10,101,200,90,0.47965
Model6,3pop,10,201,300,87,0.44361
Model6,3pop,10,301,400,90,0.467395
Model6,3pop,10,401,500,87,0.468881
Model6,3pop,10,501,600,89,0.459627
Model6,3pop,10,601,700,92,0.464932
Model6,3pop,10,701,800,88,0.461887
Model6,3pop,10,801,900,86,0.454441
Model6,3pop,10,901,1000,89,0.465661
Model6,3pop,0,1,100,95,0.487282
Model6,3pop,0,101,200,94,0.502226
Model6,3pop,0,201,300,88,0.444599
Model6,3pop,0,301,400,92,0.489746
Model6,3pop,0,401,500,93,0.476802
Model6,3pop,0,501,600,93,0.481881
Model6,3pop,0,601,700,90,0.461633
Model6,3pop,0,701,800,92,0.459158
Model6,3pop,0,801,900,87,0.459723
Model6,3pop,0,901,1000,91,0.465831
Model6,3pop,10,1,100,87,0.456062
Model6,3pop,10,101,200,96,0.495316
Model6,3pop,10,201,300,88,0.469192
Model6,3pop,10,301,400,89,0.485232
Model6,3pop,10,401,500,88,0.462232
Model6,3pop,10,501,600,84,0.442565
Model6,3pop,10,601,700,93,0.506554
Model6,3pop,10,701,800,90,0.459079
Model6,3pop,10,801,900,92,0.479977
Model6,3pop,10,901,1000,88,0.444955
Model6,3pop,6,1,100,90,0.458977
Model6,3pop,6,101,200,90,0.480209
Model6,3pop,6,201,300,90,0.469576
Model6,3pop,6,301,400,96,0.511328
Model6,3pop,6,401,500,92,0.485718
Model6,3pop,6,501,600,90,0.459085
Model6,3pop,6,601,700,90,0.457554
Model6,3pop,6,701,800,89,0.456062
Model6,3pop,6,801,900,87,0.446085
Model6,3pop,6,901,1000,95,0.48035
Model6,3pop,4,1,100,93,0.489944
Model6,3pop,4,101,200,89,0.460955
Model6,3pop,4,201,300,91,0.466469
Model6,3pop,4,301,400,92,0.482706
Model6,3pop,4,401,500,90,0.473633
Model6,3pop,4,501,600,85,0.448497
Model6,3pop,4,601,700,88,0.441458
Model6,3pop,4,701,800,84,0.424655
Model6,3pop,4,801,900,92,0.495062
Model6,3pop,4,901,1000,90,0.462333
Model6,3pop,12,1,100,92,0.490158
Model6,3pop,12,101,200,94,0.512164
Model6,3pop,12,201,300,92,0.473311
Model6,3pop,12,301,400,94,0.487362
Model6,3pop,12,401,500,86,0.46113
Model6,3pop,12,501,600,93,0.487119
Model6,3pop,12,601,700,91,0.44691
Model6,3pop,12,701,800,87,0.468147
Model6,3pop,12,801,900,88,0.436582
Model6,3pop,12,901,1000,89,0.452678
Model6,3pop,2,1,100,93,0.491198
Model6,3pop,2,101,200,87,0.433226
Model6,3pop,2,201,300,87,0.450458
Model6,3pop,2,301,400,88,0.462011
Model6,3pop,2,401,500,80,0.419271
Model6,3pop,2,501,600,90,0.470814
Model6,3pop,2,601,700,91,0.470701
Model6,3pop,2,701,800,90,0.459452
Model6,3pop,2,801,900,90,0.460475
Model6,3pop,2,901,1000,87,0.450672
Model6,3pop,16,1,100,94,0.484853
Model6,3pop,16,101,200,92,0.48261
Model6,3pop,16,201,300,83,0.429113
Model6,3pop,16,301,400,91,0.47639
Model6,3pop,16,401,500,93,0.463593
Model6,3pop,16,501,600,90,0.483186
Model6,3pop,16,601,700,86,0.444463
Model6,3pop,16,701,800,90,0.47622
Model6,3pop,16,801,900,90,0.463983
Model6,3pop,16,901,1000,87,0.462362
Model6,3pop,12,1,100,93,0.505712
Model6,3pop,12,101,200,88,0.473576
Model6,3pop,12,201,300,90,0.469463
Model6,3pop,12,301,400,85,0.427141
Model6,3pop,12,401,500,92,0.495096
Model6,3pop,12,501,600,88,0.453237
Model6,3pop,12,601,700,86,0.439277
Model6,3pop,12,701,800,88,0.456672
Model6,3pop,12,801,900,92,0.472198
Model6,3pop,12,901,1000,89,0.448062
Model6,3pop,12,1,100,92,0.483034
Model6,3pop,12,101,200,88,0.464051
Model6,3pop,12,201,300,94,0.482469
Model6,3pop,12,301,400,88,0.446164
Model6,3pop,12,401,500,86,0.44535
Model6,3pop,12,501,600,90,0.479068
Model6,3pop,12,601,700,91,0.460808
Model6,3pop,12,701,800,95,0.50204
Model6,3pop,12,801,900,89,0.474311
Model6,3pop,12,901,1000,90,0.474644
Model6,3pop,2,1,100,87,0.439904
Model6,3pop,2,101,200,88,0.465893
Model6,3pop,2,201,300,92,0.493723
Model6,3pop,2,301,400,93,0.496068
Model6,3pop,2,401,500,89,0.444412
Model6,3pop,2,501,600,92,0.48487
Model6,3pop,2,601,700,93,0.480819
Model6,3pop,2,701,800,90,0.475712
Model6,3pop,2,801,900,90,0.471299
Model6,3pop,2,901,1000,90,0.452282
Model6,3pop,0,1,100,97,0.502785
Model6,3pop,0,101,200,90,0.466079
Model6,3pop,0,201,300,87,0.457271
Model6,3pop,0,301,400,90,0.459141
Model6,3pop,0,401,500,91,0.485525
Model6,3pop,0,501,600,93,0.490497
Model6,3pop,0,601,700,91,0.47309
Model6,3pop,0,701,800,89,0.470339
Model6,3pop,0,801,900,88,0.460418
Model6,3pop,0,901,1000,91,0.468339
Model6,3pop,0,1,100,93,0.499559
Model6,3pop,0,101,200,88,0.465119
Model6,3pop,0,201,300,93,0.49822
Model6,3pop,0,301,400,81,0.429017
Model6,3pop,0,401,500,92,0.483621
Model6,3pop,0,501,600,89,0.448819
Model6,3pop,0,601,700,87,0.436147
Model6,3pop,0,701,800,93,0.499531
Model6,3pop,0,801,900,89,0.454475
Model6,3pop,0,901,1000,92,0.475367
Model6,3pop,3,1,100,95,0.493034
Model6,3pop,3,101,200,94,0.491169
Model6,3pop,3,201,300,90,0.469079
Model6,3pop,3,301,400,92,0.487006
Model6,3pop,3,401,500,91,0.460661
Model6,3pop,3,501,600,92,0.478701
Model6,3pop,3,601,700,85,0.441825
Model6,3pop,3,701,800,87,0.434864
Model6,3pop,3,801,900,91,0.463966
Model6,3pop,3,901,1000,86,0.438768
Model6,3pop,9,1,100,85,0.44574
Model6,3pop,9,101,200,86,0.448531
Model6,3pop,9,201,300,90,0.48791
Model6,3pop,9,301,400,91,0.472068
Model6,3pop,9,401,500,91,0.47726
Model6,3pop,9,501,600,93,0.491814
Model6,3pop,9,601,700,88,0.460192
Model6,3pop,9,701,800,94,0.47822
Model6,3pop,9,801,900,90,0.468158
Model6,3pop,9,901,1000,88,0.451333
Model6,3pop,15,1,100,88,0.475712
Model6,3pop,15,101,200,91,0.454667
Model6,3pop,15,201,300,86,0.439701
Model6,3pop,15,301,400,83,0.438401
Model6,3pop,15,401,500,85,0.454395
Model6,3pop,15,501,600,91,0.448158
Model6,3pop,15,601,700,89,0.467006
Model6,3pop,15,701,800,91,0.471119
Model6,3pop,15,801,900,85,0.42752
Model6,3pop,15,901,1000,86,0.460085
Model6,3pop,6,1,100,87,0.455763
Model6,3pop,6,101,200,89,0.474254
Model6,3pop,6,201,300,91,0.470876
Model6,3pop,6,301,400,89,0.461932
Model6,3pop,6,401,500,89,0.483085
Model6,3pop,6,501,600,85,0.469802
Model6,3pop,6,601,700,90,0.491667
Model6,3pop,6,701,800,91,0.480085
Model6,3pop,6,801,900,94,0.493136
Model6,3pop,6,901,1000,94,0.501785
Model6,3pop,0,1,100,91,0.466627
Model6,3pop,0,101,200,94,0.470102
Model6,3pop,0,201,300,90,0.480435
Model6,3pop,0,301,400,86,0.453136
Model6,3pop,0,401,500,91,0.468689
Model6,3pop,0,501,600,85,0.431237
Model6,3pop,0,601,700,91,0.477718
Model6,3pop,0,701,800,90,0.471593
Model6,3pop,0,801,900,85,0.437797
Model6,3pop,0,901,1000,86,0.435486
Model6,3pop,15,1,100,92,0.475023
Model6,3pop,15,101,200,86,0.445175
Model6,3pop,15,201,300,89,0.460198
Model6,3pop,15,301,400,92,0.473864
Model6,3pop,15,401,500,86,0.448633
Model6,3pop,15,501,600,81,0.426898
Model6,3pop,15,601,700,92,0.49004
Model6,3pop,15,701,800,84,0.432542
Model6,3pop,15,801,900,84,0.427819
Model6,3pop,15,901,1000,84,0.427282
Model6,3pop,5,1,100,89,0.452486
Model6,3pop,5,101,200,89,0.460593
Model6,3pop,5,201,300,90,0.467972
Model6,3pop,5,301,400,92,0.481209
Model6,3pop,5,401,500,92,0.484124
Model6,3pop,5,501,600,89,0.443819
Model6,3pop,5,601,700,90,0.456316
Model6,3pop,5,701,800,85,0.463412
Model6,3pop,5,801,900,90,0.45087
Model6,3pop,5,901,1000,86,0.443853
Model6,3pop,6,1,100,95,0.505203
Model6,3pop,6,101,200,96,0.494638
Model6,3pop,6,201,300,83,0.409119
Model6,3pop,6,301,400,89,0.482904
Model6,3pop,6,401,500,95,0.497599
Model6,3pop,6,501,600,87,0.439435
Model6,3pop,6,601,700,89,0.470582
Model6,3pop,6,701,800,90,0.45691
Model6,3pop,6,801,900,87,0.451367
Model6,3pop,6,901,1000,88,0.474678
Model6,3pop,0,1,100,63,0.280548
Model6,3pop,3,1,100,91,0.475864
Model6,3pop,3,101,200,94,0.478797
Model6,3pop,3,201,300,87,0.466638
Model6,3pop,3,301,400,90,0.477226
Model6,3pop,3,401,500,87,0.460158
Model6,3pop,3,501,600,85,0.434605
Model6,3pop,3,601,700,89,0.472271
Model6,3pop,3,701,800,94,0.499119
Model6,3pop,3,801,900,87,0.46504
Model6,3pop,3,901,1000,85,0.439379
Model6,3pop,19,1,100,88,0.459418
Model6,3pop,19,101,200,89,0.471514
Model6,3pop,19,201,300,91,0.474288
Model6,3pop,19,301,400,89,0.453859
Model6,3pop,19,401,500,92,0.488565
Model6,3pop,19,501,600,95,0.480802
Model6,3pop,19,601,700,90,0.480486
Model6,3pop,19,701,800,89,0.463243
Model6,3pop,19,801,900,86,0.437757
Model6,3pop,19,901,1000,87,0.441147
Model6,3pop,8,1,100,88,0.454429
Model6,3pop,8,101,200,90,0.467085
Model6,3pop,8,201,300,93,0.482271
Model6,3pop,8,301,400,90,0.450119
Model6,3pop,8,401,500,91,0.485073
Model6,3pop,8,501,600,94,0.495684
Model6,3pop,8,601,700,91,0.487446
Model6,3pop,8,701,800,90,0.47352
Model6,3pop,8,801,900,88,0.452158
Model6,3pop,8,901,1000,92,0.502808
Model6,3pop,13,1,100,96,0.499599
Model6,3pop,13,101,200,84,0.431266
Model6,3pop,13,201,300,82,0.435638
Model6,3pop,13,301,400,94,0.499356
Model6,3pop,13,401,500,91,0.498921
Model6,3pop,13,501,600,87,0.455463
Model6,3pop,13,601,700,96,0.501203
Model6,3pop,13,701,800,91,0.467797
Model6,3pop,13,801,900,84,0.432282
Model6,3pop,13,901,1000,93,0.48891
Model6,3pop,9,1,100,96,0.520977
Model6,3pop,9,101,200,91,0.488271
Model6,3pop,9,201,300,90,0.467497
Model6,3pop,9,301,400,87,0.446401
Model6,3pop,9,401,500,86,0.455441
Model6,3pop,9,501,600,92,0.472011
Model6,3pop,9,601,700,88,0.479718
Model6,3pop,9,701,800,88,0.466294
Model6,3pop,9,801,900,88,0.459542
Model6,3pop,9,901,1000,87,0.449379
Model6,3pop,8,1,100,93,0.502486
Model6,3pop,8,101,200,90,0.472446
Model6,3pop,8,201,300,85,0.456695
Model6,3pop,8,301,400,88,0.47087
Model6,3pop,8,401,500,88,0.456972
Model6,3pop,8,501,600,94,0.478525
Model6,3pop,8,601,700,92,0.511605
Model6,3pop,8,701,800,82,0.41778
Model6,3pop,8,801,900,94,0.468316
Model6,3pop,8,901,1000,80,0.428124
Model6,3pop,7,1,100,88,0.447836
Model6,3pop,7,101,200,94,0.486379
Model6,3pop,7,201,300,90,0.463785
Model6,3pop,7,301,400,87,0.438333
Model6,3pop,7,401,500,92,0.467441
Model6,3pop,7,501,600,86,0.445989
Model6,3pop,7,601,700,89,0.470904
Model6,3pop,7,701,800,92,0.471446
Model6,3pop,7,801,900,89,0.456706
Model6,3pop,7,901,1000,90,0.468446
Model6,3pop,17,1,100,90,0.484672
Model6,3pop,17,101,200,90,0.479051
Model6,3pop,17,201,300,86,0.463785
Model6,3pop,17,301,400,89,0.462085
Model6,3pop,17,401,500,85,0.426079
Model6,3pop,17,501,600,88,0.452158
Model6,3pop,17,601,700,95,0.487401
Model6,3pop,17,701,800,91,0.487588
Model6,3pop,17,801,900,92,0.476497
Model6,3pop,17,901,1000,85,0.442362
Model6,3pop,14,1,100,90,0.478847
Model6,3pop,14,101,200,91,0.449559
Model6,3pop,14,201,300,86,0.45087
Model6,3pop,14,301,400,89,0.465384
Model6,3pop,14,401,500,95,0.49822
Model6,3pop,14,501,600,96,0.500497
Model6,3pop,14,601,700,90,0.462927
Model6,3pop,14,701,800,88,0.451757
Model6,3pop,14,801,900,89,0.461429
Model6,3pop,14,901,1000,88,0.43596
Model6,3pop,14,1,100,86,0.445734
Model6,3pop,14,101,200,93,0.480593
Model6,3pop,14,201,300,90,0.454881
Model6,3pop,14,301,400,91,0.474085
Model6,3pop,14,401,500,88,0.44826
Model6,3pop,14,501,600,91,0.459486
Model6,3pop,14,601,700,86,0.469718
Model6,3pop,14,701,800,90,0.461718
Model6,3pop,14,801,900,92,0.481983
Model6,3pop,14,901,1000,89,0.468373
Model6,3pop,15,1,100,85,0.452266
Model6,3pop,15,101,200,90,0.456554
Model6,3pop,15,201,300,92,0.479831
Model6,3pop,15,301,400,90,0.473446
Model6,3pop,15,401,500,86,0.454045
Model6,3pop,15,501,600,87,0.463068
Model6,3pop,15,601,700,88,0.458571
Model6,3pop,15,701,800,86,0.454944
Model6,3pop,15,801,900,92,0.482367
Model6,3pop,15,901,1000,83,0.432322
Model6,3pop,14,1,100,87,0.455469
Model6,3pop,14,101,200,90,0.480994
Model6,3pop,14,201,300,92,0.473994
Model6,3pop,14,301,400,88,0.451266
Model6,3pop,14,401,500,87,0.457757
Model6,3pop,14,501,600,86,0.44513
Model6,3pop,14,601,700,82,0.430056
Model6,3pop,14,701,800,88,0.460966
Model6,3pop,14,801,900,90,0.474661
Model6,3pop,14,901,1000,89,0.478316
Model6,3pop,18,1,100,90,0.483198
Model6,3pop,18,101,200,86,0.449271
Model6,3pop,18,201,300,86,0.448559
Model6,3pop,18,301,400,90,0.459452
Model6,3pop,18,401,500,88,0.446876
Model6,3pop,18,501,600,87,0.463311
Model6,3pop,18,601,700,85,0.427797
Model6,3pop,18,701,800,90,0.457102
Model6,3pop,18,801,900,94,0.481898
Model6,3pop,18,901,1000,82,0.418706
Model6,3pop,19,1,100,90,0.470226
Model6,3pop,19,101,200,88,0.459802
Model6,3pop,19,201,300,91,0.482599
Model6,3pop,19,301,400,90,0.491514
Model6,3pop,19,401,500,90,0.465305
Model6,3pop,19,501,600,91,0.467497
Model6,3pop,19,601,700,94,0.492706
Model6,3pop,19,701,800,92,0.471373
Model6,3pop,19,801,900,89,0.47439
Model6,3pop,19,901,1000,87,0.425492
Model6,3pop,10,1,100,93,0.482734
Model6,3pop,10,101,200,88,0.466497
Model6,3pop,10,201,300,86,0.454175
Model6,3pop,10,301,400,92,0.487893
Model6,3pop,10,401,500,93,0.486136
Model6,3pop,10,501,600,92,0.495333
Model6,3pop,10,601,700,88,0.454305
Model6,3pop,10,701,800,86,0.442316
Model6,3pop,10,801,900,91,0.478588
Model6,3pop,10,901,1000,87,0.442876
Model6,3pop,18,1,100,90,0.453706
Model6,3pop,18,101,200,91,0.473508
Model6,3pop,18,201,300,86,0.453079
Model6,3pop,18,301,400,90,0.474311
Model6,3pop,18,401,500,88,0.468559
Model6,3pop,18,501,600,95,0.493305
Model6,3pop,18,601,700,93,0.47365
Model6,3pop,18,701,800,90,0.45104
Model6,3pop,18,801,900,94,0.485893
Model6,3pop,18,901,1000,90,0.456616
Model6,3pop,14,1,100,86,0.465322
Model6,3pop,14,101,200,91,0.480718
Model6,3pop,14,201,300,92,0.478616
Model6,3pop,14,301,400,93,0.478898
Model6,3pop,14,401,500,92,0.478215
Model6,3pop,14,501,600,89,0.459718
Model6,3pop,14,601,700,88,0.457571
Model6,3pop,14,701,800,89,0.480593
Model6,3pop,14,801,900,89,0.468169
Model6,3pop,14,901,1000,87,0.449559
Model6,3pop,8,1,100,90,0.470226
Model6,3pop,8,101,200,89,0.46791
Model6,3pop,8,201,300,88,0.439136
Model6,3pop,8,301,400,85,0.455537
Model6,3pop,8,401,500,91,0.466085
Model6,3pop,8,501,600,92,0.470514
Model6,3pop,8,601,700,93,0.497701
Model6,3pop,8,701,800,84,0.435887
Model6,3pop,8,801,900,87,0.437695
Model6,3pop,8,901,1000,89,0.438525
Model6,3pop,0,1,100,88,0.436734
Model6,3pop,0,101,200,94,0.479944
Model6,3pop,0,201,300,90,0.461881
Model6,3pop,0,301,400,88,0.458011
Model6,3pop,0,401,500,86,0.461814
Model6,3pop,0,501,600,87,0.449333
Model6,3pop,0,601,700,88,0.446859
Model6,3pop,0,701,800,90,0.470441
Model6,3pop,0,801,900,92,0.481927
Model6,3pop,0,901,1000,94,0.508345
Model6,3pop,2,1,100,91,0.470006
Model6,3pop,2,101,200,92,0.480282
Model6,3pop,2,201,300,93,0.477695
Model6,3pop,2,301,400,86,0.471797
Model6,3pop,2,401,500,87,0.458486
Model6,3pop,2,501,600,91,0.452842
Model6,3pop,2,601,700,85,0.438266
Model6,3pop,2,701,800,83,0.437582
Model6,3pop,2,801,900,94,0.481458
Model6,3pop,2,901,1000,90,0.472011
Model6,3pop,16,1,100,95,0.49513
Model6,3pop,16,101,200,89,0.456136
Model6,3pop,16,201,300,91,0.492898
Model6,3pop,16,301,400,87,0.450588
Model6,3pop,16,401,500,88,0.443475
Model6,3pop,16,501,600,89,0.461644
Model6,3pop,16,601,700,90,0.473198
Model6,3pop,16,701,800,87,0.471345
Model6,3pop,16,801,900,90,0.485525
Model6,3pop,16,901,1000,93,0.477107
Model6,3pop,18,1,100,90,0.470768
Model6,3pop,18,101,200,91,0.486175
Model6,3pop,18,201,300,91,0.485802
Model6,3pop,18,301,400,92,0.480949
Model6,3pop,18,401,500,90,0.459797
Model6,3pop,18,501,600,90,0.473684
Model6,3pop,18,601,700,88,0.471582
Model6,3pop,18,701,800,90,0.471062
Model6,3pop,18,801,900,93,0.492051
Model6,3pop,18,901,1000,88,0.476254
Model6,3pop,2,1,100,89,0.46287
Model6,3pop,2,101,200,86,0.44348
Model6,3pop,2,201,300,91,0.459243
Model6,3pop,2,301,400,93,0.481791
Model6,3pop,2,401,500,89,0.458333
Model6,3pop,2,501,600,87,0.466158
Model6,3pop,2,601,700,93,0.491633
Model6,3pop,2,701,800,91,0.493068
Model6,3pop,2,801,900,87,0.462294
Model6,3pop,2,901,1000,92,0.483328
Model6,3pop,8,1,100,86,0.448
Model6,3pop,8,101,200,89,0.46804
Model6,3pop,8,201,300,92,0.469537
Model6,3pop,8,301,400,88,0.44252
Model6,3pop,8,401,500,96,0.503746
Model6,3pop,8,501,600,96,0.519638
Model6,3pop,8,601,700,87,0.451723
Model6,3pop,8,701,800,88,0.457706
Model6,3pop,8,801,900,90,0.470887
Model6,3pop,8,901,1000,88,0.448706
Model6,3pop,14,1,100,90,0.466825
Model6,3pop,14,101,200,93,0.497186
Model6,3pop,14,201,300,89,0.451938
Model6,3pop,14,301,400,82,0.423836
Model6,3pop,14,401,500,92,0.496333
Model6,3pop,14,501,600,88,0.450051
Model6,3pop,14,601,700,90,0.465311
Model6,3pop,14,701,800,92,0.474249
Model6,3pop,14,801,900,91,0.474712
Model6,3pop,14,901,1000,89,0.463412
Model6,3pop,3,1,100,86,0.445271
Model6,3pop,3,101,200,85,0.452085
Model6,3pop,3,201,300,88,0.463689
Model6,3pop,3,301,400,94,0.500972
Model6,3pop,3,401,500,93,0.469927
Model6,3pop,3,501,600,92,0.456989
Model6,3pop,3,601,700,90,0.472073
Model6,3pop,3,701,800,86,0.453695
Model6,3pop,3,801,900,94,0.48509
Model6,3pop,3,901,1000,91,0.481209
Model6,3pop,11,1,100,86,0.42465
Model6,3pop,11,101,200,89,0.45622
Model6,3pop,11,201,300,96,0.488571
Model6,3pop,11,301,400,93,0.467311
Model6,3pop,11,401,500,87,0.437729
Model6,3pop,11,501,600,91,0.46109
Model6,3pop,11,601,700,90,0.474367
Model6,3pop,11,701,800,91,0.459763
Model6,3pop,11,801,900,90,0.476768
Model6,3pop,11,901,1000,89,0.45774
Model6,3pop,0,1,100,71,0.31309
Model6,3pop,14,1,100,85,0.437192
Model6,3pop,14,101,200,88,0.465107
Model6,3pop,14,201,300,83,0.424633
Model6,3pop,14,301,400,93,0.487508
Model6,3pop,14,401,500,88,0.454695
Model6,3pop,14,501,600,94,0.516582
Model6,3pop,14,601,700,87,0.474576
Model6,3pop,14,701,800,88,0.452542
Model6,3pop,14,801,900,90,0.483582
Model6,3pop,14,901,1000,86,0.420441
Model6,3pop,11,1,100,89,0.460492
Model6,3pop,11,101,200,88,0.454401
Model6,3pop,11,201,300,91,0.476418
Model6,3pop,11,301,400,93,0.473407
Model6,3pop,11,401,500,89,0.439322
Model6,3pop,11,501,600,90,0.463684
Model6,3pop,11,601,700,90,0.482186
Model6,3pop,11,701,800,85,0.452588
Model6,3pop,11,801,900,91,0.492192
Model6,3pop,11,901,1000,89,0.462565
Model6,3pop,8,1,100,89,0.490927
Model6,3pop,8,101,200,89,0.475243
Model6,3pop,8,201,300,87,0.460548
Model6,3pop,8,301,400,87,0.442232
Model6,3pop,8,401,500,90,0.472588
Model6,3pop,8,501,600,91,0.47213
Model6,3pop,8,601,700,93,0.45526
Model6,3pop,8,701,800,82,0.420328
Model6,3pop,8,801,900,91,0.48835
Model6,3pop,8,901,1000,86,0.434898
Model6,3pop,6,1,100,91,0.480356
Model6,3pop,6,101,200,91,0.476017
Model6,3pop,6,201,300,94,0.487842
Model6,3pop,6,301,400,85,0.457169
Model6,3pop,6,401,500,94,0.475949
Model6,3pop,6,501,600,92,0.474887
Model6,3pop,6,601,700,92,0.458028
Model6,3pop,6,701,800,92,0.478542
Model6,3pop,6,801,900,94,0.468842
Model6,3pop,6,901,1000,87,0.467203
Model6,3pop,9,1,100,94,0.486384
Model6,3pop,9,101,200,91,0.470633
Model6,3pop,9,201,300,94,0.494633
Model6,3pop,9,301,400,90,0.472621
Model6,3pop,9,401,500,89,0.463181
Model6,3pop,9,501,600,92,0.467904
Model6,3pop,9,601,700,88,0.45509
Model6,3pop,9,701,800,89,0.469497
Model6,3pop,9,801,900,85,0.442819
Model6,3pop,9,901,1000,92,0.493356
Model6,3pop,1,1,100,91,0.457141
Model6,3pop,1,101,200,85,0.429565
Model6,3pop,1,201,300,86,0.449452
Model6,3pop,1,301,400,91,0.463119
Model6,3pop,1,401,500,90,0.468723
Model6,3pop,1,501,600,90,0.471768
Model6,3pop,1,601,700,88,0.462927
Model6,3pop,1,701,800,87,0.448678
Model6,3pop,1,801,900,90,0.469079
Model6,3pop,1,901,1000,90,0.482915
Model6,3pop,3,1,100,87,0.445458
Model6,3pop,3,101,200,90,0.476565
Model6,3pop,3,201,300,93,0.485441
Model6,3pop,3,301,400,87,0.449542
Model6,3pop,3,401,500,94,0.474864
Model6,3pop,3,501,600,94,0.498158
Model6,3pop,3,601,700,93,0.502757
Model6,3pop,3,701,800,87,0.457667
Model6,3pop,3,801,900,90,0.469588
Model6,3pop,3,901,1000,93,0.479497
Model6,3pop,9,1,100,94,0.499582
Model6,3pop,9,101,200,90,0.460548
Model6,3pop,9,201,300,90,0.464864
Model6,3pop,9,301,400,90,0.486153
Model6,3pop,9,401,500,92,0.474898
Model6,3pop,9,501,600,89,0.47209
Model6,3pop,9,601,700,90,0.486684
Model6,3pop,9,701,800,88,0.446667
Model6,3pop,9,801,900,88,0.445972
Model6,3pop,9,901,1000,87,0.460847
Model6,3pop,16,1,100,88,0.478017
Model6,3pop,16,101,200,92,0.46404
Model6,3pop,16,201,300,84,0.420243
Model6,3pop,16,301,400,87,0.472203
Model6,3pop,16,401,500,92,0.459469
Model6,3pop,16,501,600,94,0.483588
Model6,3pop,16,601,700,92,0.467972
Model6,3pop,16,701,800,88,0.477119
Model6,3pop,16,801,900,90,0.469718
Model6,3pop,16,901,1000,91,0.48261
Model6,3pop,19,1,100,86,0.454124
Model6,3pop,19,101,200,85,0.433989
Model6,3pop,19,201,300,90,0.469446
Model6,3pop,19,301,400,87,0.456073
Model6,3pop,19,401,500,89,0.478672
Model6,3pop,19,501,600,91,0.459339
Model6,3pop,19,601,700,88,0.455768
Model6,3pop,19,701,800,91,0.471141
Model6,3pop,19,801,900,89,0.460339
Model6,3pop,19,901,1000,90,0.457994
