Model,Pop,CHROM,BIN_START,BIN_END,N_VARIANTS,PI
Model2,2pop,0,1,100,4,0.0107308
Model2,2pop,0,101,200,11,0.0283333
Model2,2pop,0,201,300,5,0.0119231
Model2,2pop,0,301,400,2,0.00274359
Model2,2pop,0,401,500,7,0.0204615
Model2,2pop,0,501,600,9,0.0253718
Model2,2pop,0,601,700,8,0.0106538
Model2,2pop,0,701,800,12,0.0408077
Model2,2pop,0,801,900,4,0.00387179
Model2,2pop,0,901,1000,7,0.0216795
Model2,2pop,19,1,100,14,0.0289744
Model2,2pop,19,101,200,13,0.0372821
Model2,2pop,19,201,300,11,0.0311154
Model2,2pop,19,301,400,13,0.0258846
Model2,2pop,19,401,500,13,0.0374359
Model2,2pop,19,501,600,8,0.0191795
Model2,2pop,19,601,700,9,0.0204359
Model2,2pop,19,701,800,9,0.0277179
Model2,2pop,19,801,900,5,0.0134359
Model2,2pop,19,901,1000,13,0.028359
Model2,2pop,15,1,100,10,0.0356282
Model2,2pop,15,101,200,11,0.0353718
Model2,2pop,15,201,300,14,0.0423974
Model2,2pop,15,301,400,13,0.0243333
Model2,2pop,15,401,500,10,0.0270769
Model2,2pop,15,501,600,15,0.0536026
Model2,2pop,15,601,700,12,0.0294103
Model2,2pop,15,701,800,11,0.0335897
Model2,2pop,15,801,900,16,0.0652179
Model2,2pop,15,901,1000,14,0.0370128
Model2,2pop,9,1,100,6,0.0231667
Model2,2pop,9,101,200,5,0.0115256
Model2,2pop,9,201,300,4,0.013141
Model2,2pop,9,301,400,10,0.0348205
Model2,2pop,9,401,500,11,0.0399231
Model2,2pop,9,501,600,14,0.0487051
Model2,2pop,9,601,700,6,0.0272179
Model2,2pop,9,701,800,10,0.0382436
Model2,2pop,9,801,900,8,0.0373333
Model2,2pop,9,901,1000,5,0.0205513
Model2,2pop,11,1,100,2,0.00192308
Model2,2pop,11,101,200,10,0.0323333
Model2,2pop,11,201,300,7,0.00902564
Model2,2pop,11,301,400,2,0.001
Model2,2pop,11,401,500,8,0.0107949
Model2,2pop,11,501,600,3,0.00757692
Model2,2pop,11,601,700,3,0.00658974
Model2,2pop,11,701,800,4,0.0146154
Model2,2pop,11,801,900,2,0.00147436
Model2,2pop,11,901,1000,7,0.0182179
Model2,2pop,17,1,100,5,0.0168205
Model2,2pop,17,101,200,7,0.0135897
Model2,2pop,17,201,300,4,0.0120128
Model2,2pop,17,301,400,6,0.0121026
Model2,2pop,17,401,500,8,0.0104872
Model2,2pop,17,501,600,3,0.00684615
Model2,2pop,17,601,700,5,0.0141795
Model2,2pop,17,701,800,6,0.0144615
Model2,2pop,17,801,900,7,0.0225128
Model2,2pop,17,901,1000,7,0.017359
Model2,2pop,4,1,100,11,0.0228077
Model2,2pop,4,101,200,10,0.0252821
Model2,2pop,4,201,300,12,0.0366154
Model2,2pop,4,301,400,9,0.00975641
Model2,2pop,4,401,500,16,0.0348333
Model2,2pop,4,501,600,14,0.0297821
Model2,2pop,4,601,700,14,0.0385256
Model2,2pop,4,701,800,14,0.0279615
Model2,2pop,4,801,900,16,0.0383205
Model2,2pop,4,901,1000,20,0.0263333
Model2,2pop,5,1,100,9,0.0102564
Model2,2pop,5,101,200,5,0.00837179
Model2,2pop,5,201,300,7,0.01
Model2,2pop,5,301,400,7,0.0155513
Model2,2pop,5,401,500,5,0.0124231
Model2,2pop,5,501,600,4,0.00817949
Model2,2pop,5,601,700,5,0.0126154
Model2,2pop,5,701,800,4,0.0100897
Model2,2pop,5,801,900,7,0.0217436
Model2,2pop,5,901,1000,4,0.00776923
Model2,2pop,11,1,100,6,0.0110641
Model2,2pop,11,101,200,9,0.0137949
Model2,2pop,11,201,300,4,0.0104872
Model2,2pop,11,301,400,6,0.00869231
Model2,2pop,11,401,500,8,0.0206667
Model2,2pop,11,501,600,3,0.00546154
Model2,2pop,11,601,700,4,0.00766667
Model2,2pop,11,701,800,4,0.0104744
Model2,2pop,11,801,900,3,0.00334615
Model2,2pop,11,901,1000,4,0.0123205
Model2,2pop,9,1,100,15,0.0303846
Model2,2pop,9,101,200,7,0.0114744
Model2,2pop,9,201,300,16,0.0275385
Model2,2pop,9,301,400,10,0.0202949
Model2,2pop,9,401,500,13,0.025859
Model2,2pop,9,501,600,17,0.0334744
Model2,2pop,9,601,700,10,0.0241795
Model2,2pop,9,701,800,11,0.0240769
Model2,2pop,9,801,900,10,0.0186154
Model2,2pop,9,901,1000,17,0.0296154
Model2,2pop,18,1,100,4,0.00889744
Model2,2pop,18,101,200,3,0.0122308
Model2,2pop,18,201,300,5,0.00987179
Model2,2pop,18,301,400,6,0.0110513
Model2,2pop,18,401,500,5,0.0127949
Model2,2pop,18,501,600,1,0.0005
Model2,2pop,18,601,700,8,0.0177436
Model2,2pop,18,701,800,5,0.019641
Model2,2pop,18,801,900,9,0.0243974
Model2,2pop,18,901,1000,3,0.00583333
Model2,2pop,6,1,100,13,0.00924359
Model2,2pop,6,101,200,10,0.0114487
Model2,2pop,6,201,300,11,0.0157308
Model2,2pop,6,301,400,9,0.0193077
Model2,2pop,6,401,500,10,0.0152308
Model2,2pop,6,501,600,14,0.0151923
Model2,2pop,6,601,700,8,0.0132436
Model2,2pop,6,701,800,9,0.0100128
Model2,2pop,6,801,900,9,0.00661538
Model2,2pop,6,901,1000,12,0.012641
Model2,2pop,2,1,100,11,0.0404103
Model2,2pop,2,101,200,9,0.0347821
Model2,2pop,2,201,300,10,0.0390128
Model2,2pop,2,301,400,13,0.0371282
Model2,2pop,2,401,500,6,0.018
Model2,2pop,2,501,600,10,0.0257436
Model2,2pop,2,601,700,10,0.0334359
Model2,2pop,2,701,800,11,0.0299359
Model2,2pop,2,801,900,11,0.0510385
Model2,2pop,2,901,1000,13,0.0398205
Model2,2pop,16,1,100,9,0.015641
Model2,2pop,16,101,200,10,0.0148974
Model2,2pop,16,201,300,11,0.0243974
Model2,2pop,16,301,400,4,0.00469231
Model2,2pop,16,401,500,10,0.0169615
Model2,2pop,16,501,600,9,0.0208718
Model2,2pop,16,601,700,9,0.0200769
Model2,2pop,16,701,800,7,0.0106538
Model2,2pop,16,801,900,14,0.0272308
Model2,2pop,16,901,1000,10,0.0178333
Model2,2pop,17,1,100,8,0.0193846
Model2,2pop,17,101,200,10,0.0369231
Model2,2pop,17,201,300,16,0.0495897
Model2,2pop,17,301,400,6,0.0135513
Model2,2pop,17,401,500,10,0.0267821
Model2,2pop,17,501,600,7,0.0231026
Model2,2pop,17,601,700,6,0.019359
Model2,2pop,17,701,800,12,0.0386795
Model2,2pop,17,801,900,7,0.0123077
Model2,2pop,17,901,1000,9,0.0204103
Model2,2pop,12,1,100,7,0.0225897
Model2,2pop,12,101,200,11,0.0352564
Model2,2pop,12,201,300,13,0.0341795
Model2,2pop,12,301,400,9,0.042141
Model2,2pop,12,401,500,10,0.0283077
Model2,2pop,12,501,600,12,0.0365641
Model2,2pop,12,601,700,6,0.026
Model2,2pop,12,701,800,9,0.026641
Model2,2pop,12,801,900,10,0.0322179
Model2,2pop,12,901,1000,13,0.0357051
Model2,2pop,2,1,100,10,0.0264615
Model2,2pop,2,101,200,7,0.0191923
Model2,2pop,2,201,300,7,0.0122051
Model2,2pop,2,301,400,11,0.0175
Model2,2pop,2,401,500,7,0.0145385
Model2,2pop,2,501,600,5,0.0115513
Model2,2pop,2,601,700,5,0.0100128
Model2,2pop,2,701,800,11,0.0194872
Model2,2pop,2,801,900,4,0.0134615
Model2,2pop,2,901,1000,9,0.0105
Model2,2pop,5,1,100,8,0.0272436
Model2,2pop,5,101,200,4,0.00803846
Model2,2pop,5,201,300,8,0.0177179
Model2,2pop,5,301,400,9,0.0289487
Model2,2pop,5,401,500,7,0.0178718
Model2,2pop,5,501,600,6,0.0214103
Model2,2pop,5,601,700,6,0.0177179
Model2,2pop,5,701,800,10,0.0283462
Model2,2pop,5,801,900,13,0.0310128
Model2,2pop,5,901,1000,7,0.0211154
Model2,2pop,1,1,100,9,0.0230769
Model2,2pop,1,101,200,10,0.0252308
Model2,2pop,1,201,300,14,0.0210256
Model2,2pop,1,301,400,15,0.0364487
Model2,2pop,1,401,500,10,0.024
Model2,2pop,1,501,600,12,0.0164231
Model2,2pop,1,601,700,8,0.0208077
Model2,2pop,1,701,800,9,0.0216026
Model2,2pop,1,801,900,11,0.0282821
Model2,2pop,1,901,1000,11,0.0315897
Model2,2pop,2,1,100,6,0.0100385
Model2,2pop,2,101,200,8,0.0170641
Model2,2pop,2,201,300,6,0.017641
Model2,2pop,2,301,400,4,0.00835897
Model2,2pop,2,401,500,6,0.0146667
Model2,2pop,2,501,600,12,0.033641
Model2,2pop,2,601,700,8,0.0140513
Model2,2pop,2,701,800,10,0.0341795
Model2,2pop,2,801,900,8,0.0172821
Model2,2pop,2,901,1000,7,0.0235385
Model2,2pop,3,1,100,14,0.0361026
Model2,2pop,3,101,200,14,0.0360769
Model2,2pop,3,201,300,9,0.013641
Model2,2pop,3,301,400,11,0.0254359
Model2,2pop,3,401,500,7,0.0132436
Model2,2pop,3,501,600,10,0.0202436
Model2,2pop,3,601,700,14,0.0383462
Model2,2pop,3,701,800,9,0.0201795
Model2,2pop,3,801,900,10,0.022641
Model2,2pop,3,901,1000,12,0.023641
Model2,2pop,12,1,100,16,0.0155641
Model2,2pop,12,101,200,18,0.0193205
Model2,2pop,12,201,300,24,0.0357179
Model2,2pop,12,301,400,21,0.0318205
Model2,2pop,12,401,500,25,0.0383077
Model2,2pop,12,501,600,24,0.027141
Model2,2pop,12,601,700,26,0.0345769
Model2,2pop,12,701,800,14,0.0213462
Model2,2pop,12,801,900,20,0.0266154
Model2,2pop,12,901,1000,20,0.0232692
Model2,2pop,4,1,100,8,0.0229231
Model2,2pop,4,101,200,3,0.00648718
Model2,2pop,4,201,300,9,0.0260513
Model2,2pop,4,301,400,7,0.0149359
Model2,2pop,4,401,500,15,0.0370128
Model2,2pop,4,501,600,12,0.0260256
Model2,2pop,4,601,700,5,0.0127179
Model2,2pop,4,701,800,9,0.0256795
Model2,2pop,4,801,900,10,0.0304103
Model2,2pop,4,901,1000,13,0.0264487
Model2,2pop,13,1,100,6,0.0116026
Model2,2pop,13,101,200,11,0.0331795
Model2,2pop,13,201,300,10,0.0210128
Model2,2pop,13,301,400,7,0.0209744
Model2,2pop,13,401,500,8,0.018641
Model2,2pop,13,501,600,5,0.019641
Model2,2pop,13,601,700,11,0.035859
Model2,2pop,13,701,800,17,0.0445385
Model2,2pop,13,801,900,16,0.0542564
Model2,2pop,13,901,1000,11,0.0337949
Model2,2pop,17,1,100,4,0.00555128
Model2,2pop,17,101,200,5,0.014641
Model2,2pop,17,201,300,3,0.00702564
Model2,2pop,17,301,400,9,0.0194744
Model2,2pop,17,401,500,8,0.0184103
Model2,2pop,17,501,600,6,0.0154744
Model2,2pop,17,601,700,11,0.0299615
Model2,2pop,17,701,800,7,0.0245385
Model2,2pop,17,801,900,8,0.0192949
Model2,2pop,17,901,1000,6,0.0167308
Model2,2pop,7,1,100,3,0.0105256
Model2,2pop,7,101,200,6,0.0159872
Model2,2pop,7,201,300,10,0.0220128
Model2,2pop,7,301,400,9,0.0164359
Model2,2pop,7,401,500,4,0.00642308
Model2,2pop,7,501,600,5,0.0191282
Model2,2pop,7,601,700,4,0.00620513
Model2,2pop,7,701,800,6,0.0132692
Model2,2pop,7,801,900,4,0.0100769
Model2,2pop,7,901,1000,5,0.00978205
Model2,2pop,16,1,100,6,0.0107821
Model2,2pop,16,101,200,9,0.0239872
Model2,2pop,16,201,300,8,0.0193333
Model2,2pop,16,301,400,3,0.00503846
Model2,2pop,16,401,500,13,0.0316282
Model2,2pop,16,501,600,12,0.0233205
Model2,2pop,16,601,700,4,0.0074359
Model2,2pop,16,701,800,9,0.00925641
Model2,2pop,16,801,900,10,0.0194615
Model2,2pop,16,901,1000,9,0.0189872
Model2,2pop,15,1,100,10,0.0148077
Model2,2pop,15,101,200,9,0.0151538
Model2,2pop,15,201,300,5,0.0101667
Model2,2pop,15,301,400,11,0.0217949
Model2,2pop,15,401,500,10,0.0172308
Model2,2pop,15,501,600,4,0.00638462
Model2,2pop,15,601,700,5,0.00653846
Model2,2pop,15,701,800,10,0.0136154
Model2,2pop,15,801,900,9,0.0158333
Model2,2pop,15,901,1000,4,0.00961538
Model2,2pop,10,1,100,9,0.0202564
Model2,2pop,10,101,200,7,0.0232436
Model2,2pop,10,201,300,6,0.0137564
Model2,2pop,10,301,400,9,0.0270128
Model2,2pop,10,401,500,6,0.0162949
Model2,2pop,10,501,600,9,0.0300513
Model2,2pop,10,601,700,12,0.0275641
Model2,2pop,10,701,800,7,0.0239103
Model2,2pop,10,801,900,10,0.0273077
Model2,2pop,10,901,1000,10,0.0291667
Model2,2pop,15,1,100,13,0.0552051
Model2,2pop,15,101,200,11,0.0233846
Model2,2pop,15,201,300,10,0.0275385
Model2,2pop,15,301,400,12,0.0374615
Model2,2pop,15,401,500,12,0.0323462
Model2,2pop,15,501,600,18,0.0593846
Model2,2pop,15,601,700,14,0.047359
Model2,2pop,15,701,800,15,0.0388205
Model2,2pop,15,801,900,24,0.0844615
Model2,2pop,15,901,1000,11,0.0412179
Model2,2pop,18,1,100,3,0.0064359
Model2,2pop,18,101,200,9,0.0152821
Model2,2pop,18,201,300,5,0.0157692
Model2,2pop,18,301,400,7,0.0143205
Model2,2pop,18,401,500,6,0.00773077
Model2,2pop,18,501,600,7,0.0110128
Model2,2pop,18,601,700,6,0.003
Model2,2pop,18,701,800,6,0.00533333
Model2,2pop,18,801,900,7,0.0154872
Model2,2pop,18,901,1000,5,0.00476923
Model2,2pop,8,1,100,1,0.0005
Model2,2pop,8,101,200,3,0.00658974
Model2,2pop,8,201,300,4,0.00930769
Model2,2pop,8,301,400,7,0.0116795
Model2,2pop,8,401,500,9,0.0113333
Model2,2pop,8,501,600,3,0.0102821
Model2,2pop,8,601,700,6,0.0130385
Model2,2pop,8,701,800,3,0.00376923
Model2,2pop,8,801,900,5,0.0118846
Model2,2pop,8,901,1000,4,0.012641
Model2,2pop,18,1,100,13,0.0365641
Model2,2pop,18,101,200,21,0.0665641
Model2,2pop,18,201,300,11,0.0338718
Model2,2pop,18,301,400,23,0.0652949
Model2,2pop,18,401,500,14,0.0353846
Model2,2pop,18,501,600,20,0.0525385
Model2,2pop,18,601,700,14,0.046141
Model2,2pop,18,701,800,12,0.0412051
Model2,2pop,18,801,900,16,0.0438077
Model2,2pop,18,901,1000,16,0.0530513
Model2,2pop,10,1,100,9,0.0244103
Model2,2pop,10,101,200,11,0.0254231
Model2,2pop,10,201,300,11,0.0208333
Model2,2pop,10,301,400,9,0.0198718
Model2,2pop,10,401,500,7,0.0155641
Model2,2pop,10,501,600,6,0.0142179
Model2,2pop,10,601,700,9,0.0314103
Model2,2pop,10,701,800,7,0.0215769
Model2,2pop,10,801,900,6,0.0198077
Model2,2pop,10,901,1000,12,0.0283205
Model2,2pop,16,1,100,11,0.0172949
Model2,2pop,16,101,200,14,0.0188077
Model2,2pop,16,201,300,13,0.0223333
Model2,2pop,16,301,400,18,0.0252308
Model2,2pop,16,401,500,8,0.0228205
Model2,2pop,16,501,600,10,0.0122692
Model2,2pop,16,601,700,10,0.0201282
Model2,2pop,16,701,800,13,0.0213974
Model2,2pop,16,801,900,8,0.0146282
Model2,2pop,16,901,1000,10,0.0133718
Model2,2pop,17,1,100,12,0.0286026
Model2,2pop,17,101,200,14,0.0378462
Model2,2pop,17,201,300,13,0.0286282
Model2,2pop,17,301,400,12,0.0401795
Model2,2pop,17,401,500,7,0.0180128
Model2,2pop,17,501,600,6,0.0110385
Model2,2pop,17,601,700,8,0.0247308
Model2,2pop,17,701,800,11,0.0334487
Model2,2pop,17,801,900,8,0.0231026
Model2,2pop,17,901,1000,10,0.025141
Model2,2pop,14,1,100,6,0.0185641
Model2,2pop,14,101,200,5,0.00697436
Model2,2pop,14,201,300,9,0.0232564
Model2,2pop,14,301,400,6,0.0168077
Model2,2pop,14,401,500,4,0.00907692
Model2,2pop,14,501,600,5,0.00957692
Model2,2pop,14,601,700,4,0.0143077
Model2,2pop,14,701,800,6,0.0100769
Model2,2pop,14,801,900,5,0.00476923
Model2,2pop,14,901,1000,7,0.00965385
Model2,2pop,14,1,100,9,0.0278718
Model2,2pop,14,101,200,9,0.0193462
Model2,2pop,14,201,300,11,0.0325385
Model2,2pop,14,301,400,14,0.0438974
Model2,2pop,14,401,500,18,0.0602564
Model2,2pop,14,501,600,13,0.0372692
Model2,2pop,14,601,700,13,0.0432308
Model2,2pop,14,701,800,12,0.0374744
Model2,2pop,14,801,900,15,0.0241026
Model2,2pop,14,901,1000,7,0.0256667
Model2,2pop,4,1,100,15,0.0254872
Model2,2pop,4,101,200,16,0.0247821
Model2,2pop,4,201,300,9,0.017359
Model2,2pop,4,301,400,10,0.0155897
Model2,2pop,4,401,500,6,0.0149103
Model2,2pop,4,501,600,12,0.0278333
Model2,2pop,4,601,700,16,0.0394487
Model2,2pop,4,701,800,17,0.0382564
Model2,2pop,4,801,900,12,0.0254231
Model2,2pop,4,901,1000,13,0.0254487
Model2,2pop,1,1,100,10,0.0296154
Model2,2pop,1,101,200,9,0.026141
Model2,2pop,1,201,300,6,0.0192436
Model2,2pop,1,301,400,7,0.0224744
Model2,2pop,1,401,500,17,0.0375897
Model2,2pop,1,501,600,10,0.0165641
Model2,2pop,1,601,700,17,0.0429744
Model2,2pop,1,701,800,13,0.0344615
Model2,2pop,1,801,900,6,0.0183846
Model2,2pop,1,901,1000,8,0.0122692
Model2,2pop,3,1,100,6,0.0160897
Model2,2pop,3,101,200,10,0.0194872
Model2,2pop,3,201,300,10,0.0309103
Model2,2pop,3,301,400,7,0.0152949
Model2,2pop,3,401,500,10,0.0335513
Model2,2pop,3,501,600,11,0.0309487
Model2,2pop,3,601,700,6,0.0160256
Model2,2pop,3,701,800,11,0.0232564
Model2,2pop,3,801,900,8,0.0210385
Model2,2pop,3,901,1000,12,0.0293077
Model2,2pop,10,1,100,13,0.0470897
Model2,2pop,10,101,200,21,0.0854744
Model2,2pop,10,201,300,11,0.0272308
Model2,2pop,10,301,400,9,0.0357564
Model2,2pop,10,401,500,13,0.047359
Model2,2pop,10,501,600,17,0.0631923
Model2,2pop,10,601,700,17,0.0672949
Model2,2pop,10,701,800,8,0.0214615
Model2,2pop,10,801,900,16,0.0485
Model2,2pop,10,901,1000,14,0.0543333
Model2,2pop,13,1,100,13,0.0379872
Model2,2pop,13,101,200,6,0.0131538
Model2,2pop,13,201,300,7,0.0211026
Model2,2pop,13,301,400,5,0.0150897
Model2,2pop,13,401,500,9,0.019641
Model2,2pop,13,501,600,7,0.0160513
Model2,2pop,13,601,700,6,0.0109359
Model2,2pop,13,701,800,4,0.0129615
Model2,2pop,13,801,900,6,0.0130769
Model2,2pop,13,901,1000,6,0.0206923
Model2,2pop,19,1,100,8,0.0154487
Model2,2pop,19,101,200,6,0.00720513
Model2,2pop,19,201,300,9,0.0177564
Model2,2pop,19,301,400,9,0.0203846
Model2,2pop,19,401,500,7,0.0198077
Model2,2pop,19,501,600,9,0.0179744
Model2,2pop,19,601,700,11,0.0143846
Model2,2pop,19,701,800,8,0.0142821
Model2,2pop,19,801,900,7,0.0150641
Model2,2pop,19,901,1000,4,0.00838462
Model2,2pop,17,1,100,8,0.0298205
Model2,2pop,17,101,200,4,0.0114744
Model2,2pop,17,201,300,10,0.0280385
Model2,2pop,17,301,400,11,0.0359744
Model2,2pop,17,401,500,7,0.0257179
Model2,2pop,17,501,600,9,0.0156923
Model2,2pop,17,601,700,5,0.0138077
Model2,2pop,17,701,800,8,0.0134744
Model2,2pop,17,801,900,14,0.033
Model2,2pop,17,901,1000,7,0.0298846
Model2,2pop,10,1,100,14,0.0429872
Model2,2pop,10,101,200,8,0.019641
Model2,2pop,10,201,300,6,0.0239872
Model2,2pop,10,301,400,9,0.0291923
Model2,2pop,10,401,500,7,0.0229487
Model2,2pop,10,501,600,13,0.0278205
Model2,2pop,10,601,700,7,0.0252436
Model2,2pop,10,701,800,7,0.0182436
Model2,2pop,10,801,900,13,0.0334744
Model2,2pop,10,901,1000,10,0.0365513
Model2,2pop,9,1,100,15,0.0443462
Model2,2pop,9,101,200,6,0.016641
Model2,2pop,9,201,300,13,0.0511795
Model2,2pop,9,301,400,12,0.0371795
Model2,2pop,9,401,500,14,0.0467308
Model2,2pop,9,501,600,11,0.034141
Model2,2pop,9,601,700,13,0.0447564
Model2,2pop,9,701,800,11,0.0386026
Model2,2pop,9,801,900,15,0.0487564
Model2,2pop,9,901,1000,10,0.0353974
Model2,2pop,7,1,100,4,0.0108974
Model2,2pop,7,101,200,10,0.0241154
Model2,2pop,7,201,300,10,0.0250513
Model2,2pop,7,301,400,11,0.0352564
Model2,2pop,7,401,500,12,0.0368974
Model2,2pop,7,501,600,13,0.0376667
Model2,2pop,7,601,700,15,0.032359
Model2,2pop,7,701,800,9,0.0319231
Model2,2pop,7,801,900,6,0.0206538
Model2,2pop,7,901,1000,11,0.0302436
Model2,2pop,0,1,100,8,0.0192564
Model2,2pop,0,101,200,9,0.0294103
Model2,2pop,0,201,300,9,0.0191795
Model2,2pop,0,301,400,9,0.0299359
Model2,2pop,0,401,500,6,0.0141154
Model2,2pop,0,501,600,6,0.0101154
Model2,2pop,0,601,700,12,0.0301795
Model2,2pop,0,701,800,9,0.0149487
Model2,2pop,0,801,900,8,0.0155
Model2,2pop,0,901,1000,11,0.0227051
Model2,2pop,6,1,100,5,0.00701282
Model2,2pop,6,101,200,4,0.00665385
Model2,2pop,6,201,300,5,0.0119744
Model2,2pop,6,301,400,5,0.0162821
Model2,2pop,6,401,500,7,0.0135
Model2,2pop,6,501,600,15,0.0288333
Model2,2pop,6,601,700,11,0.0295128
Model2,2pop,6,701,800,11,0.0242692
Model2,2pop,6,801,900,14,0.0283462
Model2,2pop,6,901,1000,5,0.00898718
Model2,2pop,13,1,100,11,0.0195641
Model2,2pop,13,101,200,9,0.0243974
Model2,2pop,13,201,300,10,0.0185128
Model2,2pop,13,301,400,7,0.0282179
Model2,2pop,13,401,500,4,0.00944872
Model2,2pop,13,501,600,5,0.0116923
Model2,2pop,13,601,700,11,0.0192692
Model2,2pop,13,701,800,8,0.0185513
Model2,2pop,13,801,900,9,0.0305513
Model2,2pop,13,901,1000,5,0.0147564
Model2,2pop,1,1,100,7,0.0159103
Model2,2pop,1,101,200,9,0.0188077
Model2,2pop,1,201,300,9,0.0167051
Model2,2pop,1,301,400,10,0.0309359
Model2,2pop,1,401,500,4,0.00825641
Model2,2pop,1,501,600,8,0.0154103
Model2,2pop,1,601,700,4,0.0113718
Model2,2pop,1,701,800,2,0.00512821
Model2,2pop,1,801,900,9,0.013141
Model2,2pop,1,901,1000,9,0.0191923
Model2,2pop,4,1,100,20,0.0673718
Model2,2pop,4,101,200,11,0.0278205
Model2,2pop,4,201,300,18,0.0465128
Model2,2pop,4,301,400,16,0.0432436
Model2,2pop,4,401,500,14,0.0433974
Model2,2pop,4,501,600,26,0.0655256
Model2,2pop,4,601,700,16,0.0459872
Model2,2pop,4,701,800,13,0.0383718
Model2,2pop,4,801,900,16,0.0515897
Model2,2pop,4,901,1000,19,0.0608077
Model2,2pop,16,1,100,10,0.0181026
Model2,2pop,16,101,200,13,0.0246667
Model2,2pop,16,201,300,3,0.0064359
Model2,2pop,16,301,400,5,0.00614103
Model2,2pop,16,401,500,14,0.0268462
Model2,2pop,16,501,600,6,0.00910256
Model2,2pop,16,601,700,7,0.0112949
Model2,2pop,16,701,800,12,0.0280128
Model2,2pop,16,801,900,10,0.0180641
Model2,2pop,16,901,1000,12,0.0219744
Model2,2pop,8,1,100,11,0.0155256
Model2,2pop,8,101,200,7,0.0145
Model2,2pop,8,201,300,12,0.0167949
Model2,2pop,8,301,400,7,0.0174231
Model2,2pop,8,401,500,8,0.0205769
Model2,2pop,8,501,600,10,0.0155641
Model2,2pop,8,601,700,6,0.00808974
Model2,2pop,8,701,800,11,0.0193462
Model2,2pop,8,801,900,9,0.0224744
Model2,2pop,8,901,1000,12,0.035859
Model2,2pop,6,1,100,4,0.002
Model2,2pop,6,101,200,6,0.00989744
Model2,2pop,6,201,300,8,0.0127436
Model2,2pop,6,301,400,7,0.014359
Model2,2pop,6,401,500,7,0.018359
Model2,2pop,6,501,600,6,0.0158846
Model2,2pop,6,601,700,1,0.00224359
Model2,2pop,6,701,800,5,0.00651282
Model2,2pop,6,801,900,8,0.0145513
Model2,2pop,6,901,1000,9,0.0293718
Model2,2pop,1,1,100,6,0.0240897
Model2,2pop,1,101,200,15,0.0461026
Model2,2pop,1,201,300,6,0.0180385
Model2,2pop,1,301,400,7,0.0220513
Model2,2pop,1,401,500,8,0.0287436
Model2,2pop,1,501,600,10,0.032
Model2,2pop,1,601,700,17,0.0442436
Model2,2pop,1,701,800,13,0.0376795
Model2,2pop,1,801,900,12,0.0259103
Model2,2pop,1,901,1000,9,0.0229231
Model2,2pop,13,1,100,9,0.0258974
Model2,2pop,13,101,200,9,0.0268846
Model2,2pop,13,201,300,7,0.0239359
Model2,2pop,13,301,400,9,0.0272179
Model2,2pop,13,401,500,15,0.0393462
Model2,2pop,13,501,600,7,0.0245897
Model2,2pop,13,601,700,11,0.0399744
Model2,2pop,13,701,800,11,0.0277051
Model2,2pop,13,801,900,8,0.0184103
Model2,2pop,13,901,1000,8,0.0217051
Model2,2pop,1,1,100,10,0.0288718
Model2,2pop,1,101,200,8,0.0272821
Model2,2pop,1,201,300,10,0.0277564
Model2,2pop,1,301,400,9,0.0324744
Model2,2pop,1,401,500,11,0.0311282
Model2,2pop,1,501,600,10,0.0365769
Model2,2pop,1,601,700,6,0.0213077
Model2,2pop,1,701,800,13,0.0413077
Model2,2pop,1,801,900,12,0.0308333
Model2,2pop,1,901,1000,8,0.0300513
Model2,2pop,13,1,100,14,0.0237436
Model2,2pop,13,101,200,16,0.030141
Model2,2pop,13,201,300,11,0.0244744
Model2,2pop,13,301,400,14,0.027359
Model2,2pop,13,401,500,17,0.0369487
Model2,2pop,13,501,600,13,0.0224231
Model2,2pop,13,601,700,9,0.0189487
Model2,2pop,13,701,800,4,0.00775641
Model2,2pop,13,801,900,10,0.0227692
Model2,2pop,13,901,1000,7,0.0144103
Model2,2pop,13,1,100,4,0.0152949
Model2,2pop,13,101,200,10,0.0254103
Model2,2pop,13,201,300,11,0.0156923
Model2,2pop,13,301,400,5,0.0080641
Model2,2pop,13,401,500,2,0.0050641
Model2,2pop,13,501,600,7,0.0197821
Model2,2pop,13,601,700,9,0.0142051
Model2,2pop,13,701,800,5,0.00701282
Model2,2pop,13,801,900,5,0.0156923
Model2,2pop,13,901,1000,7,0.0162564
Model2,2pop,18,1,100,12,0.0364359
Model2,2pop,18,101,200,15,0.0344487
Model2,2pop,18,201,300,12,0.0329487
Model2,2pop,18,301,400,9,0.0265256
Model2,2pop,18,401,500,6,0.0250641
Model2,2pop,18,501,600,6,0.0132051
Model2,2pop,18,601,700,8,0.0185128
Model2,2pop,18,701,800,10,0.0271538
Model2,2pop,18,801,900,5,0.0169615
Model2,2pop,18,901,1000,5,0.0181667
Model2,2pop,12,1,100,11,0.0335
Model2,2pop,12,101,200,14,0.0344615
Model2,2pop,12,201,300,13,0.0278462
Model2,2pop,12,301,400,7,0.0200897
Model2,2pop,12,401,500,9,0.0189872
Model2,2pop,12,501,600,6,0.019859
Model2,2pop,12,601,700,13,0.0378077
Model2,2pop,12,701,800,12,0.0340385
Model2,2pop,12,801,900,6,0.0145641
Model2,2pop,12,901,1000,10,0.0207692
Model2,2pop,1,1,100,5,0.0140513
Model2,2pop,1,101,200,10,0.0305769
Model2,2pop,1,201,300,8,0.0192436
Model2,2pop,1,301,400,7,0.0204359
Model2,2pop,1,401,500,8,0.0196923
Model2,2pop,1,501,600,5,0.0148077
Model2,2pop,1,601,700,8,0.0224615
Model2,2pop,1,701,800,8,0.0233974
Model2,2pop,1,801,900,6,0.00870513
Model2,2pop,1,901,1000,5,0.0100897
Model2,2pop,1,1,100,11,0.028
Model2,2pop,1,101,200,7,0.0192821
Model2,2pop,1,201,300,9,0.0271538
Model2,2pop,1,301,400,7,0.0296154
Model2,2pop,1,401,500,11,0.0242692
Model2,2pop,1,501,600,7,0.0152564
Model2,2pop,1,601,700,12,0.0278205
Model2,2pop,1,701,800,7,0.0140513
Model2,2pop,1,801,900,9,0.0293205
Model2,2pop,1,901,1000,7,0.0174615
Model2,2pop,15,1,100,10,0.0328205
Model2,2pop,15,101,200,12,0.0365385
Model2,2pop,15,201,300,11,0.0388077
Model2,2pop,15,301,400,7,0.0178846
Model2,2pop,15,401,500,5,0.0134872
Model2,2pop,15,501,600,8,0.027
Model2,2pop,15,601,700,6,0.0171154
Model2,2pop,15,701,800,8,0.0270385
Model2,2pop,15,801,900,6,0.0179744
Model2,2pop,15,901,1000,6,0.014
Model2,2pop,16,1,100,13,0.0406154
Model2,2pop,16,101,200,11,0.0230769
Model2,2pop,16,201,300,10,0.0286667
Model2,2pop,16,301,400,7,0.00946154
Model2,2pop,16,401,500,6,0.0147308
Model2,2pop,16,501,600,10,0.0162051
Model2,2pop,16,601,700,5,0.00865385
Model2,2pop,16,701,800,8,0.0181923
Model2,2pop,16,801,900,5,0.00907692
Model2,2pop,16,901,1000,9,0.0191026
Model2,2pop,14,1,100,14,0.0398718
Model2,2pop,14,101,200,9,0.0207308
Model2,2pop,14,201,300,14,0.0436026
Model2,2pop,14,301,400,8,0.0233718
Model2,2pop,14,401,500,20,0.0601154
Model2,2pop,14,501,600,15,0.0453205
Model2,2pop,14,601,700,14,0.0390897
Model2,2pop,14,701,800,11,0.0398846
Model2,2pop,14,801,900,15,0.0372821
Model2,2pop,14,901,1000,10,0.0375769
Model2,2pop,7,1,100,6,0.0180897
Model2,2pop,7,101,200,8,0.0393846
Model2,2pop,7,201,300,7,0.0207436
Model2,2pop,7,301,400,7,0.0254872
Model2,2pop,7,401,500,10,0.0339615
Model2,2pop,7,501,600,8,0.0247821
Model2,2pop,7,601,700,12,0.0378205
Model2,2pop,7,701,800,11,0.0355769
Model2,2pop,7,801,900,14,0.0544872
Model2,2pop,7,901,1000,4,0.0196923
Model2,2pop,11,1,100,8,0.019141
Model2,2pop,11,101,200,7,0.00730769
Model2,2pop,11,201,300,6,0.0116026
Model2,2pop,11,301,400,10,0.0221667
Model2,2pop,11,401,500,3,0.0123462
Model2,2pop,11,501,600,7,0.0193205
Model2,2pop,11,601,700,6,0.0103974
Model2,2pop,11,701,800,6,0.0166923
Model2,2pop,11,801,900,12,0.0291667
Model2,2pop,11,901,1000,11,0.0219744
Model2,2pop,5,1,100,6,0.0147179
Model2,2pop,5,101,200,8,0.0318846
Model2,2pop,5,201,300,7,0.0176795
Model2,2pop,5,301,400,10,0.0235128
Model2,2pop,5,401,500,5,0.0108718
Model2,2pop,5,501,600,8,0.0189744
Model2,2pop,5,601,700,6,0.0184744
Model2,2pop,5,701,800,14,0.0441282
Model2,2pop,5,801,900,6,0.0199487
Model2,2pop,5,901,1000,9,0.0211026
Model2,2pop,11,1,100,5,0.0197821
Model2,2pop,11,101,200,11,0.0300897
Model2,2pop,11,201,300,12,0.0397308
Model2,2pop,11,301,400,10,0.0395128
Model2,2pop,11,401,500,8,0.0285385
Model2,2pop,11,501,600,10,0.0246923
Model2,2pop,11,601,700,8,0.0325641
Model2,2pop,11,701,800,9,0.0146026
Model2,2pop,11,801,900,10,0.0407179
Model2,2pop,11,901,1000,10,0.0365128
Model2,2pop,18,1,100,10,0.0219487
Model2,2pop,18,101,200,9,0.0276795
Model2,2pop,18,201,300,5,0.0186026
Model2,2pop,18,301,400,10,0.0173974
Model2,2pop,18,401,500,5,0.0135
Model2,2pop,18,501,600,8,0.0252051
Model2,2pop,18,601,700,10,0.0256154
Model2,2pop,18,701,800,11,0.0153333
Model2,2pop,18,801,900,10,0.0302308
Model2,2pop,18,901,1000,6,0.0203077
Model2,2pop,4,1,100,12,0.0381538
Model2,2pop,4,101,200,14,0.0454487
Model2,2pop,4,201,300,13,0.0348718
Model2,2pop,4,301,400,13,0.0353205
Model2,2pop,4,401,500,16,0.0344231
Model2,2pop,4,501,600,15,0.0431795
Model2,2pop,4,601,700,15,0.0531026
Model2,2pop,4,701,800,16,0.0572436
Model2,2pop,4,801,900,13,0.0426923
Model2,2pop,4,901,1000,19,0.0668205
Model2,2pop,0,1,100,11,0.044141
Model2,2pop,0,101,200,8,0.0260256
Model2,2pop,0,201,300,10,0.0344359
Model2,2pop,0,301,400,11,0.0307308
Model2,2pop,0,401,500,9,0.0332692
Model2,2pop,0,501,600,7,0.0202564
Model2,2pop,0,601,700,11,0.0420641
Model2,2pop,0,701,800,10,0.0248205
Model2,2pop,0,801,900,9,0.0326026
Model2,2pop,0,901,1000,11,0.0434744
Model2,2pop,12,1,100,6,0.0162564
Model2,2pop,12,101,200,10,0.0165769
Model2,2pop,12,201,300,7,0.00828205
Model2,2pop,12,301,400,3,0.00578205
Model2,2pop,12,401,500,7,0.015859
Model2,2pop,12,501,600,5,0.00988462
Model2,2pop,12,601,700,9,0.0266923
Model2,2pop,12,701,800,5,0.0153333
Model2,2pop,12,801,900,5,0.00697436
Model2,2pop,12,901,1000,7,0.0167949
Model2,2pop,12,1,100,4,0.00384615
Model2,2pop,12,101,200,5,0.0137436
Model2,2pop,12,201,300,5,0.0136795
Model2,2pop,12,301,400,10,0.0218974
Model2,2pop,12,401,500,7,0.0137564
Model2,2pop,12,501,600,8,0.0294103
Model2,2pop,12,601,700,7,0.0119103
Model2,2pop,12,701,800,4,0.00833333
Model2,2pop,12,801,900,11,0.0251923
Model2,2pop,12,901,1000,5,0.0125128
Model2,2pop,5,1,100,5,0.0105897
Model2,2pop,5,101,200,5,0.0142949
Model2,2pop,5,201,300,12,0.033
Model2,2pop,5,301,400,5,0.00651282
Model2,2pop,5,401,500,8,0.0223077
Model2,2pop,5,501,600,11,0.0252949
Model2,2pop,5,601,700,10,0.0160385
Model2,2pop,5,701,800,6,0.0132692
Model2,2pop,5,801,900,7,0.0195256
Model2,2pop,5,901,1000,11,0.0297436
Model2,2pop,0,1,100,9,0.0180513
Model2,2pop,0,101,200,7,0.0141667
Model2,2pop,0,201,300,9,0.0215128
Model2,2pop,0,301,400,9,0.0236026
Model2,2pop,0,401,500,11,0.0209487
Model2,2pop,0,501,600,9,0.0171923
Model2,2pop,0,601,700,9,0.0205128
Model2,2pop,0,701,800,14,0.0372564
Model2,2pop,0,801,900,6,0.0159487
Model2,2pop,0,901,1000,6,0.0124231
Model2,2pop,14,1,100,10,0.0155897
Model2,2pop,14,101,200,11,0.0251026
Model2,2pop,14,201,300,8,0.0157179
Model2,2pop,14,301,400,4,0.00733333
Model2,2pop,14,401,500,12,0.0238462
Model2,2pop,14,501,600,4,0.00828205
Model2,2pop,14,601,700,9,0.0135897
Model2,2pop,14,701,800,10,0.0161026
Model2,2pop,14,801,900,3,0.00535897
Model2,2pop,14,901,1000,10,0.0200385
Model2,2pop,2,1,100,4,0.00973077
Model2,2pop,2,101,200,2,0.0100256
Model2,2pop,2,201,300,8,0.00905128
Model2,2pop,2,301,400,6,0.0163205
Model2,2pop,2,401,500,1,0.000974359
Model2,2pop,2,501,600,4,0.00869231
Model2,2pop,2,601,700,6,0.0170128
Model2,2pop,2,701,800,2,0.001
Model2,2pop,2,801,900,6,0.0104487
Model2,2pop,2,901,1000,8,0.0235385
Model2,2pop,19,1,100,8,0.0161154
Model2,2pop,19,101,200,9,0.0212949
Model2,2pop,19,201,300,7,0.0172821
Model2,2pop,19,301,400,14,0.0301026
Model2,2pop,19,401,500,11,0.0218077
Model2,2pop,19,501,600,9,0.0183333
Model2,2pop,19,601,700,10,0.0139872
Model2,2pop,19,701,800,8,0.0216538
Model2,2pop,19,801,900,5,0.0144872
Model2,2pop,19,901,1000,8,0.0201923
Model2,2pop,1,1,100,8,0.0215128
Model2,2pop,1,101,200,6,0.0192436
Model2,2pop,1,201,300,6,0.00738462
Model2,2pop,1,301,400,7,0.0141923
Model2,2pop,1,401,500,6,0.0126154
Model2,2pop,1,501,600,9,0.0208333
Model2,2pop,1,601,700,6,0.00619231
Model2,2pop,1,701,800,4,0.00889744
Model2,2pop,1,801,900,14,0.0224487
Model2,2pop,1,901,1000,6,0.00880769
Model2,2pop,5,1,100,7,0.0105128
Model2,2pop,5,101,200,8,0.0206795
Model2,2pop,5,201,300,8,0.0238974
Model2,2pop,5,301,400,2,0.00194872
Model2,2pop,5,401,500,6,0.0123205
Model2,2pop,5,501,600,7,0.0135128
Model2,2pop,5,601,700,5,0.0126154
Model2,2pop,5,701,800,12,0.0224103
Model2,2pop,5,801,900,10,0.0212564
Model2,2pop,5,901,1000,10,0.0357436
Model2,2pop,0,1,100,9,0.0257949
Model2,2pop,0,101,200,12,0.0164231
Model2,2pop,0,201,300,9,0.0132051
Model2,2pop,0,301,400,8,0.0166923
Model2,2pop,0,401,500,7,0.0180769
Model2,2pop,0,501,600,6,0.0156282
Model2,2pop,0,601,700,11,0.028141
Model2,2pop,0,701,800,6,0.0124103
Model2,2pop,0,801,900,11,0.0262564
Model2,2pop,0,901,1000,6,0.0210128
Model2,2pop,3,1,100,22,0.0874744
Model2,2pop,3,101,200,18,0.0532821
Model2,2pop,3,201,300,17,0.0544231
Model2,2pop,3,301,400,19,0.0665897
Model2,2pop,3,401,500,27,0.0958462
Model2,2pop,3,501,600,21,0.0766667
Model2,2pop,3,601,700,21,0.0848846
Model2,2pop,3,701,800,17,0.0484231
Model2,2pop,3,801,900,20,0.0616154
Model2,2pop,3,901,1000,15,0.0597564
Model2,2pop,10,1,100,12,0.0357308
Model2,2pop,10,101,200,15,0.0327308
Model2,2pop,10,201,300,14,0.038859
Model2,2pop,10,301,400,10,0.034359
Model2,2pop,10,401,500,8,0.0209744
Model2,2pop,10,501,600,10,0.0238462
Model2,2pop,10,601,700,9,0.0243846
Model2,2pop,10,701,800,10,0.0310513
Model2,2pop,10,801,900,14,0.0427949
Model2,2pop,10,901,1000,8,0.0188846
Model2,2pop,7,1,100,9,0.0229487
Model2,2pop,7,101,200,12,0.0165128
Model2,2pop,7,201,300,12,0.0249103
Model2,2pop,7,301,400,12,0.0252949
Model2,2pop,7,401,500,8,0.0250513
Model2,2pop,7,501,600,14,0.0371282
Model2,2pop,7,601,700,11,0.0268846
Model2,2pop,7,701,800,10,0.0350256
Model2,2pop,7,801,900,8,0.0118974
Model2,2pop,7,901,1000,10,0.0216923
Model2,2pop,15,1,100,4,0.0115
Model2,2pop,15,101,200,14,0.0262051
Model2,2pop,15,201,300,8,0.0163333
Model2,2pop,15,301,400,7,0.00801282
Model2,2pop,15,401,500,2,0.00732051
Model2,2pop,15,501,600,5,0.00785897
Model2,2pop,15,601,700,4,0.00476923
Model2,2pop,15,701,800,10,0.0202308
Model2,2pop,15,801,900,9,0.0170769
Model2,2pop,15,901,1000,8,0.0167949
Model2,2pop,8,1,100,9,0.0288333
Model2,2pop,8,101,200,13,0.0456667
Model2,2pop,8,201,300,18,0.0626154
Model2,2pop,8,301,400,10,0.0381282
Model2,2pop,8,401,500,16,0.0507949
Model2,2pop,8,501,600,7,0.0304744
Model2,2pop,8,601,700,13,0.0394615
Model2,2pop,8,701,800,11,0.0387179
Model2,2pop,8,801,900,12,0.0439103
Model2,2pop,8,901,1000,9,0.0202436
Model2,2pop,19,1,100,15,0.0511538
Model2,2pop,19,101,200,11,0.0320128
Model2,2pop,19,201,300,11,0.0380769
Model2,2pop,19,301,400,12,0.0380897
Model2,2pop,19,401,500,11,0.0353333
Model2,2pop,19,501,600,11,0.0362308
Model2,2pop,19,601,700,14,0.0436154
Model2,2pop,19,701,800,14,0.0403974
Model2,2pop,19,801,900,13,0.0404872
Model2,2pop,19,901,1000,13,0.0414744
Model2,2pop,7,1,100,8,0.00637179
Model2,2pop,7,101,200,10,0.0204103
Model2,2pop,7,201,300,10,0.0129487
Model2,2pop,7,301,400,9,0.0149744
Model2,2pop,7,401,500,9,0.0108333
Model2,2pop,7,501,600,4,0.00941026
Model2,2pop,7,601,700,10,0.0217821
Model2,2pop,7,701,800,5,0.00519231
Model2,2pop,7,801,900,6,0.0059359
Model2,2pop,7,901,1000,4,0.00339744
Model2,2pop,1,1,100,7,0.0231282
Model2,2pop,1,101,200,7,0.0156667
Model2,2pop,1,201,300,3,0.0122692
Model2,2pop,1,301,400,5,0.0064359
Model2,2pop,1,401,500,2,0.00753846
Model2,2pop,1,501,600,6,0.0160385
Model2,2pop,1,601,700,5,0.0107692
Model2,2pop,1,701,800,6,0.0172308
Model2,2pop,1,801,900,3,0.00530769
Model2,2pop,1,901,1000,4,0.00294872
Model2,2pop,5,1,100,7,0.0250769
Model2,2pop,5,101,200,3,0.00244872
Model2,2pop,5,201,300,7,0.0170513
Model2,2pop,5,301,400,9,0.0281923
Model2,2pop,5,401,500,9,0.0188333
Model2,2pop,5,501,600,8,0.0139231
Model2,2pop,5,601,700,10,0.0124615
Model2,2pop,5,701,800,15,0.0284359
Model2,2pop,5,801,900,2,0.00564103
Model2,2pop,5,901,1000,8,0.0179231
Model2,2pop,9,1,100,9,0.0257179
Model2,2pop,9,101,200,9,0.0128718
Model2,2pop,9,201,300,8,0.0212179
Model2,2pop,9,301,400,7,0.0207308
Model2,2pop,9,401,500,10,0.0346538
Model2,2pop,9,501,600,9,0.0284487
Model2,2pop,9,601,700,9,0.0172051
Model2,2pop,9,701,800,7,0.0189744
Model2,2pop,9,801,900,7,0.0147692
Model2,2pop,9,901,1000,10,0.0264359
Model2,2pop,8,1,100,10,0.0304744
Model2,2pop,8,101,200,10,0.0209231
Model2,2pop,8,201,300,14,0.0448846
Model2,2pop,8,301,400,10,0.0158333
Model2,2pop,8,401,500,7,0.0164231
Model2,2pop,8,501,600,14,0.0460256
Model2,2pop,8,601,700,14,0.0344103
Model2,2pop,8,701,800,10,0.0338333
Model2,2pop,8,801,900,12,0.0428846
Model2,2pop,8,901,1000,6,0.016641
Model2,2pop,13,1,100,8,0.0197564
Model2,2pop,13,101,200,7,0.0182692
Model2,2pop,13,201,300,12,0.0344359
Model2,2pop,13,301,400,9,0.0204103
Model2,2pop,13,401,500,4,0.0079359
Model2,2pop,13,501,600,7,0.0228333
Model2,2pop,13,601,700,11,0.0248077
Model2,2pop,13,701,800,10,0.0276154
Model2,2pop,13,801,900,18,0.0429231
Model2,2pop,13,901,1000,11,0.0225641
Model2,2pop,13,1,100,8,0.0220513
Model2,2pop,13,101,200,2,0.00530769
Model2,2pop,13,201,300,10,0.0272436
Model2,2pop,13,301,400,10,0.0265385
Model2,2pop,13,401,500,8,0.0285513
Model2,2pop,13,501,600,9,0.0245897
Model2,2pop,13,601,700,3,0.00705128
Model2,2pop,13,701,800,6,0.00773077
Model2,2pop,13,801,900,7,0.0194231
Model2,2pop,13,901,1000,9,0.0288333
Model2,2pop,16,1,100,18,0.0700128
Model2,2pop,16,101,200,20,0.0929872
Model2,2pop,16,201,300,19,0.0689615
Model2,2pop,16,301,400,13,0.0468846
Model2,2pop,16,401,500,12,0.0556538
Model2,2pop,16,501,600,12,0.0363974
Model2,2pop,16,601,700,16,0.0651026
Model2,2pop,16,701,800,10,0.0406282
Model2,2pop,16,801,900,17,0.0657949
Model2,2pop,16,901,1000,13,0.053
Model2,2pop,18,1,100,12,0.0282949
Model2,2pop,18,101,200,13,0.0217051
Model2,2pop,18,201,300,5,0.00966667
Model2,2pop,18,301,400,13,0.0194615
Model2,2pop,18,401,500,9,0.0161282
Model2,2pop,18,501,600,5,0.00855128
Model2,2pop,18,601,700,12,0.0349359
Model2,2pop,18,701,800,12,0.0224872
Model2,2pop,18,801,900,8,0.0208462
Model2,2pop,18,901,1000,12,0.0248077
Model2,2pop,17,1,100,8,0.0199103
Model2,2pop,17,101,200,7,0.0249231
Model2,2pop,17,201,300,4,0.0118974
Model2,2pop,17,301,400,3,0.00962821
Model2,2pop,17,401,500,7,0.027641
Model2,2pop,17,501,600,12,0.0464487
Model2,2pop,17,601,700,4,0.00665385
Model2,2pop,17,701,800,9,0.0267949
Model2,2pop,17,801,900,6,0.0238205
Model2,2pop,17,901,1000,5,0.00946154
Model2,2pop,16,1,100,16,0.0316154
Model2,2pop,16,101,200,13,0.0302436
Model2,2pop,16,201,300,16,0.0303205
Model2,2pop,16,301,400,11,0.0203846
Model2,2pop,16,401,500,6,0.0124359
Model2,2pop,16,501,600,14,0.0185385
Model2,2pop,16,601,700,20,0.0267949
Model2,2pop,16,701,800,13,0.0324615
Model2,2pop,16,801,900,17,0.0359872
Model2,2pop,16,901,1000,14,0.0254872
Model2,2pop,2,1,100,8,0.014
Model2,2pop,2,101,200,11,0.0205641
Model2,2pop,2,201,300,7,0.0162308
Model2,2pop,2,301,400,8,0.012859
Model2,2pop,2,401,500,6,0.0149615
Model2,2pop,2,501,600,5,0.010859
Model2,2pop,2,601,700,12,0.0215641
Model2,2pop,2,701,800,8,0.0132949
Model2,2pop,2,801,900,14,0.0312821
Model2,2pop,2,901,1000,6,0.0215769
Model2,2pop,6,1,100,11,0.0175128
Model2,2pop,6,101,200,9,0.0147692
Model2,2pop,6,201,300,9,0.0203077
Model2,2pop,6,301,400,8,0.00898718
Model2,2pop,6,401,500,8,0.0213718
Model2,2pop,6,501,600,9,0.0210513
Model2,2pop,6,601,700,10,0.0253205
Model2,2pop,6,701,800,10,0.0258462
Model2,2pop,6,801,900,5,0.0147564
Model2,2pop,6,901,1000,7,0.0226154
Model2,2pop,0,1,100,15,0.0466923
Model2,2pop,0,101,200,14,0.0521923
Model2,2pop,0,201,300,21,0.0675385
Model2,2pop,0,301,400,14,0.039641
Model2,2pop,0,401,500,17,0.0593462
Model2,2pop,0,501,600,15,0.0570385
Model2,2pop,0,601,700,16,0.0522308
Model2,2pop,0,701,800,18,0.0645513
Model2,2pop,0,801,900,24,0.0745256
Model2,2pop,0,901,1000,16,0.0473846
Model2,2pop,18,1,100,8,0.0201923
Model2,2pop,18,101,200,10,0.0270128
Model2,2pop,18,201,300,13,0.0369359
Model2,2pop,18,301,400,16,0.0396538
Model2,2pop,18,401,500,8,0.0229872
Model2,2pop,18,501,600,14,0.0404359
Model2,2pop,18,601,700,6,0.0154744
Model2,2pop,18,701,800,12,0.0229359
Model2,2pop,18,801,900,16,0.0394359
Model2,2pop,18,901,1000,10,0.0255385
Model2,2pop,6,1,100,7,0.0187564
Model2,2pop,6,101,200,8,0.0240769
Model2,2pop,6,201,300,7,0.0196923
Model2,2pop,6,301,400,13,0.0333846
Model2,2pop,6,401,500,8,0.0188077
Model2,2pop,6,501,600,7,0.0211538
Model2,2pop,6,601,700,11,0.0217051
Model2,2pop,6,701,800,10,0.0264231
Model2,2pop,6,801,900,6,0.0200897
Model2,2pop,6,901,1000,5,0.0168077
Model2,2pop,15,1,100,5,0.0115385
Model2,2pop,15,101,200,6,0.0133974
Model2,2pop,15,201,300,9,0.0209487
Model2,2pop,15,301,400,6,0.0116154
Model2,2pop,15,401,500,6,0.0142436
Model2,2pop,15,501,600,10,0.0248205
Model2,2pop,15,601,700,9,0.0215385
Model2,2pop,15,701,800,7,0.0142821
Model2,2pop,15,801,900,6,0.0108718
Model2,2pop,15,901,1000,9,0.0202692
Model2,2pop,12,1,100,7,0.0319231
Model2,2pop,12,101,200,5,0.0169615
Model2,2pop,12,201,300,9,0.0270641
Model2,2pop,12,301,400,4,0.0115
Model2,2pop,12,401,500,7,0.0305769
Model2,2pop,12,501,600,7,0.0175769
Model2,2pop,12,601,700,8,0.0330513
Model2,2pop,12,701,800,11,0.0383974
Model2,2pop,12,801,900,8,0.0284103
Model2,2pop,12,901,1000,4,0.00698718
Model2,2pop,5,1,100,9,0.0194103
Model2,2pop,5,101,200,10,0.0154103
Model2,2pop,5,201,300,11,0.0206154
Model2,2pop,5,301,400,13,0.0276154
Model2,2pop,5,401,500,14,0.0356538
Model2,2pop,5,501,600,17,0.0240641
Model2,2pop,5,601,700,9,0.0206667
Model2,2pop,5,701,800,12,0.0273846
Model2,2pop,5,801,900,15,0.0251026
Model2,2pop,5,901,1000,19,0.0456923
Model2,2pop,3,1,100,9,0.0146923
Model2,2pop,3,101,200,8,0.0248846
Model2,2pop,3,201,300,4,0.00916667
Model2,2pop,3,301,400,7,0.0163718
Model2,2pop,3,401,500,9,0.0128846
Model2,2pop,3,501,600,7,0.0139872
Model2,2pop,3,601,700,10,0.0235256
Model2,2pop,3,701,800,5,0.0175897
Model2,2pop,3,801,900,10,0.0174487
Model2,2pop,3,901,1000,4,0.00573077
Model2,2pop,19,1,100,14,0.0417051
Model2,2pop,19,101,200,10,0.0388462
Model2,2pop,19,201,300,10,0.0268205
Model2,2pop,19,301,400,17,0.0560641
Model2,2pop,19,401,500,8,0.036
Model2,2pop,19,501,600,14,0.0501154
Model2,2pop,19,601,700,16,0.0606667
Model2,2pop,19,701,800,15,0.0533205
Model2,2pop,19,801,900,14,0.0536795
Model2,2pop,19,901,1000,14,0.0347051
Model2,2pop,7,1,100,4,0.00675641
Model2,2pop,7,101,200,6,0.0129103
Model2,2pop,7,201,300,10,0.0237564
Model2,2pop,7,301,400,10,0.0194615
Model2,2pop,7,401,500,9,0.0273974
Model2,2pop,7,501,600,7,0.0181923
Model2,2pop,7,601,700,2,0.00569231
Model2,2pop,7,701,800,8,0.0187692
Model2,2pop,7,801,900,4,0.0117436
Model2,2pop,7,901,1000,6,0.0190256
Model2,2pop,14,1,100,11,0.036641
Model2,2pop,14,101,200,12,0.0286795
Model2,2pop,14,201,300,7,0.0177949
Model2,2pop,14,301,400,13,0.0301795
Model2,2pop,14,401,500,11,0.0302692
Model2,2pop,14,501,600,12,0.0427436
Model2,2pop,14,601,700,9,0.0237179
Model2,2pop,14,701,800,7,0.0151026
Model2,2pop,14,801,900,7,0.0259359
Model2,2pop,14,901,1000,10,0.0366538
Model2,2pop,16,1,100,12,0.0482436
Model2,2pop,16,101,200,11,0.0332436
Model2,2pop,16,201,300,9,0.0403974
Model2,2pop,16,301,400,17,0.063141
Model2,2pop,16,401,500,11,0.0325641
Model2,2pop,16,501,600,20,0.0817436
Model2,2pop,16,601,700,16,0.0611282
Model2,2pop,16,701,800,10,0.0388333
Model2,2pop,16,801,900,11,0.0486795
Model2,2pop,16,901,1000,11,0.0382564
Model2,2pop,15,1,100,10,0.0310897
Model2,2pop,15,101,200,16,0.0574615
Model2,2pop,15,201,300,11,0.0462308
Model2,2pop,15,301,400,17,0.0639872
Model2,2pop,15,401,500,21,0.0896282
Model2,2pop,15,501,600,13,0.0445641
Model2,2pop,15,601,700,12,0.0407051
Model2,2pop,15,701,800,6,0.0205
Model2,2pop,15,801,900,18,0.0597308
Model2,2pop,15,901,1000,14,0.0481154
Model2,2pop,14,1,100,10,0.0411282
Model2,2pop,14,101,200,17,0.0618205
Model2,2pop,14,201,300,11,0.034859
Model2,2pop,14,301,400,16,0.0605641
Model2,2pop,14,401,500,11,0.0435641
Model2,2pop,14,501,600,17,0.0615897
Model2,2pop,14,601,700,14,0.0533077
Model2,2pop,14,701,800,20,0.0810256
Model2,2pop,14,801,900,14,0.0538077
Model2,2pop,14,901,1000,20,0.0731026
Model2,2pop,18,1,100,8,0.0202308
Model2,2pop,18,101,200,14,0.0473462
Model2,2pop,18,201,300,13,0.0352308
Model2,2pop,18,301,400,17,0.0415641
Model2,2pop,18,401,500,10,0.0274872
Model2,2pop,18,501,600,16,0.0437179
Model2,2pop,18,601,700,12,0.0337821
Model2,2pop,18,701,800,8,0.0265128
Model2,2pop,18,801,900,13,0.0384231
Model2,2pop,18,901,1000,7,0.0153846
Model2,2pop,6,1,100,10,0.0145769
Model2,2pop,6,101,200,7,0.0141282
Model2,2pop,6,201,300,7,0.0180641
Model2,2pop,6,301,400,9,0.0117436
Model2,2pop,6,401,500,12,0.0255513
Model2,2pop,6,501,600,4,0.00924359
Model2,2pop,6,601,700,8,0.0188333
Model2,2pop,6,701,800,7,0.0145256
Model2,2pop,6,801,900,7,0.0217051
Model2,2pop,6,901,1000,8,0.0150385
Model2,2pop,10,1,100,9,0.0200641
Model2,2pop,10,101,200,8,0.020359
Model2,2pop,10,201,300,12,0.0321538
Model2,2pop,10,301,400,7,0.0159487
Model2,2pop,10,401,500,10,0.028141
Model2,2pop,10,501,600,8,0.021359
Model2,2pop,10,601,700,12,0.0335513
Model2,2pop,10,701,800,7,0.0156282
Model2,2pop,10,801,900,6,0.0129615
Model2,2pop,10,901,1000,8,0.0128205
Model2,2pop,7,1,100,6,0.0128462
Model2,2pop,7,101,200,10,0.0278718
Model2,2pop,7,201,300,9,0.0248077
Model2,2pop,7,301,400,12,0.0324872
Model2,2pop,7,401,500,10,0.0303974
Model2,2pop,7,501,600,13,0.042
Model2,2pop,7,601,700,6,0.00901282
Model2,2pop,7,701,800,14,0.0197051
Model2,2pop,7,801,900,7,0.0271923
Model2,2pop,7,901,1000,6,0.0144744
Model2,2pop,6,1,100,8,0.0214615
Model2,2pop,6,101,200,5,0.0080641
Model2,2pop,6,201,300,9,0.0234872
Model2,2pop,6,301,400,8,0.0186795
Model2,2pop,6,401,500,11,0.0319615
Model2,2pop,6,501,600,13,0.025641
Model2,2pop,6,601,700,8,0.0193846
Model2,2pop,6,701,800,9,0.0135897
Model2,2pop,6,801,900,5,0.0101154
Model2,2pop,6,901,1000,5,0.0195897
Model2,2pop,17,1,100,11,0.0197821
Model2,2pop,17,101,200,12,0.0143205
Model2,2pop,17,201,300,8,0.0155897
Model2,2pop,17,301,400,13,0.0265641
Model2,2pop,17,401,500,10,0.0101154
Model2,2pop,17,501,600,23,0.0391282
Model2,2pop,17,601,700,18,0.0346026
Model2,2pop,17,701,800,11,0.0238974
Model2,2pop,17,801,900,12,0.0260513
Model2,2pop,17,901,1000,12,0.0154103
Model2,2pop,9,1,100,6,0.0112051
Model2,2pop,9,101,200,14,0.0285385
Model2,2pop,9,201,300,8,0.0148462
Model2,2pop,9,301,400,13,0.0162308
Model2,2pop,9,401,500,11,0.0187436
Model2,2pop,9,501,600,12,0.0134487
Model2,2pop,9,601,700,10,0.017141
Model2,2pop,9,701,800,12,0.0157051
Model2,2pop,9,801,900,8,0.00991026
Model2,2pop,9,901,1000,13,0.0166538
Model2,2pop,13,1,100,11,0.0185513
Model2,2pop,13,101,200,14,0.0284487
Model2,2pop,13,201,300,9,0.0120769
Model2,2pop,13,301,400,10,0.0178974
Model2,2pop,13,401,500,13,0.0215256
Model2,2pop,13,501,600,12,0.0122564
Model2,2pop,13,601,700,8,0.0139487
Model2,2pop,13,701,800,13,0.0137308
Model2,2pop,13,801,900,5,0.0060641
Model2,2pop,13,901,1000,14,0.0227821
Model2,2pop,4,1,100,8,0.0184872
Model2,2pop,4,101,200,4,0.0162051
Model2,2pop,4,201,300,9,0.0259744
Model2,2pop,4,301,400,5,0.0148462
Model2,2pop,4,401,500,4,0.0118846
Model2,2pop,4,501,600,7,0.0178718
Model2,2pop,4,601,700,9,0.0272051
Model2,2pop,4,701,800,7,0.0192051
Model2,2pop,4,801,900,5,0.0136795
Model2,2pop,4,901,1000,5,0.0146282
Model2,2pop,19,1,100,14,0.0422436
Model2,2pop,19,101,200,17,0.0484872
Model2,2pop,19,201,300,12,0.0343462
Model2,2pop,19,301,400,13,0.0421795
Model2,2pop,19,401,500,10,0.0301667
Model2,2pop,19,501,600,16,0.0453077
Model2,2pop,19,601,700,11,0.0385385
Model2,2pop,19,701,800,8,0.0197821
Model2,2pop,19,801,900,10,0.0345513
Model2,2pop,19,901,1000,13,0.0374487
Model2,2pop,14,1,100,8,0.00679487
Model2,2pop,14,101,200,7,0.0106026
Model2,2pop,14,201,300,9,0.0219359
Model2,2pop,14,301,400,8,0.0217308
Model2,2pop,14,401,500,6,0.0134872
Model2,2pop,14,501,600,12,0.0293333
Model2,2pop,14,601,700,8,0.0109487
Model2,2pop,14,701,800,9,0.0212436
Model2,2pop,14,801,900,10,0.0176026
Model2,2pop,14,901,1000,5,0.0117949
Model2,2pop,9,1,100,9,0.0139487
Model2,2pop,9,101,200,8,0.0186282
Model2,2pop,9,201,300,11,0.0209744
Model2,2pop,9,301,400,12,0.0240513
Model2,2pop,9,401,500,9,0.0175256
Model2,2pop,9,501,600,13,0.0204615
Model2,2pop,9,601,700,17,0.0422821
Model2,2pop,9,701,800,12,0.0202308
Model2,2pop,9,801,900,10,0.0205897
Model2,2pop,9,901,1000,15,0.0288846
Model2,2pop,14,1,100,9,0.0289231
Model2,2pop,14,101,200,13,0.0372051
Model2,2pop,14,201,300,6,0.012359
Model2,2pop,14,301,400,10,0.027
Model2,2pop,14,401,500,9,0.0332051
Model2,2pop,14,501,600,11,0.0231026
Model2,2pop,14,601,700,10,0.0213718
Model2,2pop,14,701,800,16,0.0500128
Model2,2pop,14,801,900,14,0.0336667
Model2,2pop,14,901,1000,6,0.0233205
Model2,2pop,10,1,100,15,0.0664231
Model2,2pop,10,101,200,10,0.0408718
Model2,2pop,10,201,300,9,0.0376923
Model2,2pop,10,301,400,13,0.0313462
Model2,2pop,10,401,500,10,0.0388974
Model2,2pop,10,501,600,12,0.0316795
Model2,2pop,10,601,700,9,0.0309231
Model2,2pop,10,701,800,8,0.0186154
Model2,2pop,10,801,900,8,0.0196667
Model2,2pop,10,901,1000,17,0.0517308
Model2,2pop,9,1,100,16,0.0148718
Model2,2pop,9,101,200,13,0.0163077
Model2,2pop,9,201,300,13,0.0102051
Model2,2pop,9,301,400,8,0.00878205
Model2,2pop,9,401,500,18,0.0172949
Model2,2pop,9,501,600,16,0.0167308
Model2,2pop,9,601,700,11,0.0142179
Model2,2pop,9,701,800,10,0.0128462
Model2,2pop,9,801,900,13,0.0153462
Model2,2pop,9,901,1000,13,0.0174487
Model2,2pop,6,1,100,6,0.015359
Model2,2pop,6,101,200,7,0.0278974
Model2,2pop,6,201,300,6,0.0112564
Model2,2pop,6,301,400,6,0.0134615
Model2,2pop,6,401,500,6,0.0198974
Model2,2pop,6,501,600,6,0.0128462
Model2,2pop,6,601,700,10,0.0251282
Model2,2pop,6,701,800,8,0.0125
Model2,2pop,6,801,900,4,0.00967949
Model2,2pop,6,901,1000,5,0.00898718
Model2,2pop,0,1,100,9,0.0132949
Model2,2pop,0,101,200,8,0.00982051
Model2,2pop,0,201,300,9,0.0157308
Model2,2pop,0,301,400,8,0.0110897
Model2,2pop,0,401,500,6,0.0146923
Model2,2pop,0,501,600,4,0.012359
Model2,2pop,0,601,700,7,0.0122564
Model2,2pop,0,701,800,8,0.0226282
Model2,2pop,0,801,900,7,0.0122949
Model2,2pop,0,901,1000,8,0.00852564
Model2,2pop,2,1,100,11,0.0220769
Model2,2pop,2,101,200,10,0.0245769
Model2,2pop,2,201,300,13,0.0403974
Model2,2pop,2,301,400,9,0.0285385
Model2,2pop,2,401,500,8,0.0177051
Model2,2pop,2,501,600,16,0.0438974
Model2,2pop,2,601,700,9,0.0236026
Model2,2pop,2,701,800,11,0.0282692
Model2,2pop,2,801,900,9,0.0223718
Model2,2pop,2,901,1000,11,0.0272179
Model2,2pop,11,1,100,12,0.0378974
Model2,2pop,11,101,200,15,0.0395256
Model2,2pop,11,201,300,15,0.0512821
Model2,2pop,11,301,400,13,0.0385513
Model2,2pop,11,401,500,11,0.028859
Model2,2pop,11,501,600,12,0.0395
Model2,2pop,11,601,700,10,0.020359
Model2,2pop,11,701,800,17,0.0541923
Model2,2pop,11,801,900,11,0.0302051
Model2,2pop,11,901,1000,12,0.0334231
Model2,2pop,10,1,100,13,0.0409487
Model2,2pop,10,101,200,14,0.0359359
Model2,2pop,10,201,300,8,0.0222051
Model2,2pop,10,301,400,9,0.0197564
Model2,2pop,10,401,500,11,0.0262051
Model2,2pop,10,501,600,18,0.0543333
Model2,2pop,10,601,700,10,0.0305385
Model2,2pop,10,701,800,16,0.0400513
Model2,2pop,10,801,900,16,0.0352821
Model2,2pop,10,901,1000,11,0.0358205
Model2,2pop,7,1,100,7,0.0231282
Model2,2pop,7,101,200,17,0.0582436
Model2,2pop,7,201,300,9,0.0329487
Model2,2pop,7,301,400,15,0.0450385
Model2,2pop,7,401,500,12,0.0392179
Model2,2pop,7,501,600,15,0.0469231
Model2,2pop,7,601,700,11,0.0321538
Model2,2pop,7,701,800,12,0.0327564
Model2,2pop,7,801,900,10,0.0267564
Model2,2pop,7,901,1000,9,0.0348077
Model2,2pop,5,1,100,12,0.0365128
Model2,2pop,5,101,200,16,0.0428846
Model2,2pop,5,201,300,8,0.0282949
Model2,2pop,5,301,400,8,0.0214615
Model2,2pop,5,401,500,13,0.0432436
Model2,2pop,5,501,600,8,0.0201154
Model2,2pop,5,601,700,10,0.0263462
Model2,2pop,5,701,800,8,0.0279487
Model2,2pop,5,801,900,14,0.0418077
Model2,2pop,5,901,1000,12,0.0427564
Model2,2pop,16,1,100,10,0.0227692
Model2,2pop,16,101,200,12,0.0310769
Model2,2pop,16,201,300,11,0.0356538
Model2,2pop,16,301,400,10,0.0263077
Model2,2pop,16,401,500,4,0.00612821
Model2,2pop,16,501,600,6,0.0172692
Model2,2pop,16,601,700,9,0.0254231
Model2,2pop,16,701,800,7,0.0215385
Model2,2pop,16,801,900,9,0.026859
Model2,2pop,16,901,1000,4,0.0146538
Model2,2pop,2,1,100,10,0.0215256
Model2,2pop,2,101,200,5,0.0123333
Model2,2pop,2,201,300,3,0.00666667
Model2,2pop,2,301,400,9,0.0233077
Model2,2pop,2,401,500,9,0.0251667
Model2,2pop,2,501,600,4,0.00534615
Model2,2pop,2,601,700,6,0.0193974
Model2,2pop,2,701,800,10,0.0182308
Model2,2pop,2,801,900,5,0.00880769
Model2,2pop,2,901,1000,7,0.0132436
Model2,2pop,4,1,100,9,0.0262564
Model2,2pop,4,101,200,9,0.0226154
Model2,2pop,4,201,300,9,0.0175769
Model2,2pop,4,301,400,15,0.0394872
Model2,2pop,4,401,500,11,0.0352821
Model2,2pop,4,501,600,14,0.0311795
Model2,2pop,4,601,700,9,0.0256667
Model2,2pop,4,701,800,11,0.0232821
Model2,2pop,4,801,900,8,0.0237308
Model2,2pop,4,901,1000,11,0.0274615
Model2,2pop,2,1,100,10,0.0196538
Model2,2pop,2,101,200,10,0.0194103
Model2,2pop,2,201,300,14,0.0226538
Model2,2pop,2,301,400,10,0.0197692
Model2,2pop,2,401,500,11,0.0151154
Model2,2pop,2,501,600,7,0.00682051
Model2,2pop,2,601,700,11,0.00976923
Model2,2pop,2,701,800,10,0.0161282
Model2,2pop,2,801,900,7,0.0166538
Model2,2pop,2,901,1000,10,0.0163846
Model2,2pop,16,1,100,4,0.00670513
Model2,2pop,16,101,200,4,0.0050641
Model2,2pop,16,201,300,8,0.0264872
Model2,2pop,16,301,400,3,0.00197436
Model2,2pop,16,401,500,2,0.00147436
Model2,2pop,16,501,600,8,0.0182692
Model2,2pop,16,601,700,5,0.00439744
Model2,2pop,16,701,800,2,0.00455128
Model2,2pop,16,801,900,5,0.0125
Model2,2pop,16,901,1000,6,0.0135128
Model2,2pop,7,1,100,12,0.0335897
Model2,2pop,7,101,200,11,0.0345256
Model2,2pop,7,201,300,15,0.0513846
Model2,2pop,7,301,400,14,0.0473333
Model2,2pop,7,401,500,6,0.0224744
Model2,2pop,7,501,600,5,0.0159872
Model2,2pop,7,601,700,9,0.0402949
Model2,2pop,7,701,800,10,0.0376667
Model2,2pop,7,801,900,17,0.0635256
Model2,2pop,7,901,1000,8,0.026641
Model2,2pop,7,1,100,11,0.0447692
Model2,2pop,7,101,200,8,0.0214231
Model2,2pop,7,201,300,9,0.0267308
Model2,2pop,7,301,400,10,0.0279231
Model2,2pop,7,401,500,8,0.0273846
Model2,2pop,7,501,600,7,0.0191538
Model2,2pop,7,601,700,5,0.0195513
Model2,2pop,7,701,800,6,0.027
Model2,2pop,7,801,900,6,0.0194744
Model2,2pop,7,901,1000,10,0.0359872
Model2,2pop,13,1,100,14,0.0236538
Model2,2pop,13,101,200,10,0.0146026
Model2,2pop,13,201,300,8,0.0101154
Model2,2pop,13,301,400,10,0.0120769
Model2,2pop,13,401,500,10,0.018859
Model2,2pop,13,501,600,12,0.0220641
Model2,2pop,13,601,700,11,0.023859
Model2,2pop,13,701,800,10,0.0123846
Model2,2pop,13,801,900,13,0.0217436
Model2,2pop,13,901,1000,5,0.0130385
Model2,2pop,2,1,100,14,0.0322692
Model2,2pop,2,101,200,13,0.0335
Model2,2pop,2,201,300,8,0.0198974
Model2,2pop,2,301,400,10,0.0211923
Model2,2pop,2,401,500,10,0.0316538
Model2,2pop,2,501,600,5,0.0128974
Model2,2pop,2,601,700,10,0.0340256
Model2,2pop,2,701,800,3,0.0055
Model2,2pop,2,801,900,6,0.0130513
Model2,2pop,2,901,1000,7,0.0181923
Model2,2pop,14,1,100,11,0.0474231
Model2,2pop,14,101,200,27,0.118923
Model2,2pop,14,201,300,14,0.0611538
Model2,2pop,14,301,400,22,0.0999231
Model2,2pop,14,401,500,29,0.116718
Model2,2pop,14,501,600,22,0.104205
Model2,2pop,14,601,700,25,0.111013
Model2,2pop,14,701,800,13,0.0524231
Model2,2pop,14,801,900,20,0.0787436
Model2,2pop,14,901,1000,19,0.0814615
Model2,2pop,17,1,100,15,0.0258205
Model2,2pop,17,101,200,13,0.0298333
Model2,2pop,17,201,300,9,0.0203205
Model2,2pop,17,301,400,14,0.0335641
Model2,2pop,17,401,500,6,0.0214231
Model2,2pop,17,501,600,7,0.0139359
Model2,2pop,17,601,700,11,0.0167436
Model2,2pop,17,701,800,8,0.0161795
Model2,2pop,17,801,900,8,0.0233718
Model2,2pop,17,901,1000,7,0.0106026
Model2,2pop,4,1,100,11,0.0429103
Model2,2pop,4,101,200,9,0.0289744
Model2,2pop,4,201,300,12,0.0369231
Model2,2pop,4,301,400,6,0.0216795
Model2,2pop,4,401,500,11,0.0408205
Model2,2pop,4,501,600,12,0.0556923
Model2,2pop,4,601,700,10,0.0375256
Model2,2pop,4,701,800,7,0.0234231
Model2,2pop,4,801,900,3,0.00828205
Model2,2pop,4,901,1000,7,0.0283974
Model2,2pop,0,1,100,12,0.0256026
Model2,2pop,0,101,200,7,0.0199615
Model2,2pop,0,201,300,14,0.0335385
Model2,2pop,0,301,400,4,0.0127692
Model2,2pop,0,401,500,7,0.0205385
Model2,2pop,0,501,600,7,0.0191795
Model2,2pop,0,601,700,10,0.0334615
Model2,2pop,0,701,800,9,0.0255
Model2,2pop,0,801,900,7,0.0176282
Model2,2pop,0,901,1000,10,0.0227949
Model2,2pop,11,1,100,11,0.0237436
Model2,2pop,11,101,200,9,0.0104231
Model2,2pop,11,201,300,6,0.0166538
Model2,2pop,11,301,400,5,0.0089359
Model2,2pop,11,401,500,3,0.00683333
Model2,2pop,11,501,600,3,0.00610256
Model2,2pop,11,601,700,6,0.0162564
Model2,2pop,11,701,800,2,0.0109231
Model2,2pop,11,801,900,7,0.0187692
Model2,2pop,11,901,1000,6,0.0141026
Model2,2pop,0,1,100,11,0.0353462
Model2,2pop,0,101,200,21,0.070141
Model2,2pop,0,201,300,19,0.0797179
Model2,2pop,0,301,400,17,0.0682949
Model2,2pop,0,401,500,11,0.0421154
Model2,2pop,0,501,600,17,0.0588462
Model2,2pop,0,601,700,17,0.0484872
Model2,2pop,0,701,800,19,0.0568205
Model2,2pop,0,801,900,18,0.0693462
Model2,2pop,0,901,1000,24,0.0678462
Model2,2pop,19,1,100,10,0.0311923
Model2,2pop,19,101,200,10,0.0316667
Model2,2pop,19,201,300,12,0.041141
Model2,2pop,19,301,400,6,0.0145769
Model2,2pop,19,401,500,7,0.0215513
Model2,2pop,19,501,600,11,0.0295128
Model2,2pop,19,601,700,10,0.0231026
Model2,2pop,19,701,800,9,0.0248846
Model2,2pop,19,801,900,14,0.0385513
Model2,2pop,19,901,1000,9,0.0243718
Model2,2pop,11,1,100,7,0.0227821
Model2,2pop,11,101,200,10,0.0360513
Model2,2pop,11,201,300,7,0.0257051
Model2,2pop,11,301,400,6,0.021641
Model2,2pop,11,401,500,8,0.0381538
Model2,2pop,11,501,600,7,0.0117051
Model2,2pop,11,601,700,3,0.00592308
Model2,2pop,11,701,800,3,0.0108462
Model2,2pop,11,801,900,10,0.0312821
Model2,2pop,11,901,1000,12,0.025141
Model2,2pop,2,1,100,9,0.0142179
Model2,2pop,2,101,200,14,0.0203718
Model2,2pop,2,201,300,3,0.00197436
Model2,2pop,2,301,400,10,0.0209744
Model2,2pop,2,401,500,6,0.00658974
Model2,2pop,2,501,600,11,0.0120641
Model2,2pop,2,601,700,10,0.0100128
Model2,2pop,2,701,800,9,0.0107949
Model2,2pop,2,801,900,14,0.0203205
Model2,2pop,2,901,1000,11,0.0105128
Model2,2pop,3,1,100,11,0.0237436
Model2,2pop,3,101,200,6,0.0120897
Model2,2pop,3,201,300,10,0.0135897
Model2,2pop,3,301,400,8,0.0206538
Model2,2pop,3,401,500,5,0.0132308
Model2,2pop,3,501,600,7,0.0126282
Model2,2pop,3,601,700,6,0.0141667
Model2,2pop,3,701,800,10,0.0188846
Model2,2pop,3,801,900,9,0.0244487
Model2,2pop,3,901,1000,9,0.0206154
Model2,2pop,5,1,100,10,0.0315385
Model2,2pop,5,101,200,10,0.0383846
Model2,2pop,5,201,300,11,0.0419103
Model2,2pop,5,301,400,13,0.046
Model2,2pop,5,401,500,13,0.0521026
Model2,2pop,5,501,600,15,0.0444103
Model2,2pop,5,601,700,20,0.0806282
Model2,2pop,5,701,800,19,0.0605641
Model2,2pop,5,801,900,8,0.0313846
Model2,2pop,5,901,1000,21,0.0761923
Model2,2pop,3,1,100,6,0.00712821
Model2,2pop,3,101,200,7,0.0110641
Model2,2pop,3,201,300,3,0.00324359
Model2,2pop,3,301,400,8,0.0125
Model2,2pop,3,401,500,7,0.0147692
Model2,2pop,3,501,600,5,0.00424359
Model2,2pop,3,601,700,6,0.0115
Model2,2pop,3,701,800,7,0.0064359
Model2,2pop,3,801,900,7,0.00619231
Model2,2pop,3,901,1000,4,0.0050641
Model2,2pop,11,1,100,9,0.0196923
Model2,2pop,11,101,200,12,0.0315256
Model2,2pop,11,201,300,9,0.0212179
Model2,2pop,11,301,400,6,0.0131538
Model2,2pop,11,401,500,7,0.0136923
Model2,2pop,11,501,600,5,0.00526923
Model2,2pop,11,601,700,3,0.00244872
Model2,2pop,11,701,800,4,0.0120128
Model2,2pop,11,801,900,8,0.0222949
Model2,2pop,11,901,1000,4,0.00546154
Model2,2pop,8,1,100,8,0.0213462
Model2,2pop,8,101,200,10,0.0347179
Model2,2pop,8,201,300,7,0.0103333
Model2,2pop,8,301,400,8,0.0293462
Model2,2pop,8,401,500,5,0.0234231
Model2,2pop,8,501,600,5,0.0177821
Model2,2pop,8,601,700,5,0.0209615
Model2,2pop,8,701,800,3,0.00808974
Model2,2pop,8,801,900,7,0.016859
Model2,2pop,8,901,1000,1,0.00511538
Model2,2pop,12,1,100,6,0.0171667
Model2,2pop,12,101,200,8,0.0204359
Model2,2pop,12,201,300,10,0.0140897
Model2,2pop,12,301,400,13,0.0248333
Model2,2pop,12,401,500,9,0.024
Model2,2pop,12,501,600,12,0.0202564
Model2,2pop,12,601,700,10,0.0222564
Model2,2pop,12,701,800,11,0.0162436
Model2,2pop,12,801,900,8,0.0147949
Model2,2pop,12,901,1000,10,0.0281282
Model2,2pop,3,1,100,6,0.0122949
Model2,2pop,3,101,200,13,0.0336795
Model2,2pop,3,201,300,7,0.0105513
Model2,2pop,3,301,400,9,0.0119487
Model2,2pop,3,401,500,5,0.00947436
Model2,2pop,3,501,600,8,0.0180769
Model2,2pop,3,601,700,9,0.0105769
Model2,2pop,3,701,800,5,0.012641
Model2,2pop,3,801,900,8,0.0184231
Model2,2pop,3,901,1000,8,0.0175641
Model2,2pop,12,1,100,11,0.05
Model2,2pop,12,101,200,11,0.0310897
Model2,2pop,12,201,300,6,0.0221923
Model2,2pop,12,301,400,15,0.0427821
Model2,2pop,12,401,500,12,0.0520769
Model2,2pop,12,501,600,12,0.0328205
Model2,2pop,12,601,700,11,0.0413462
Model2,2pop,12,701,800,10,0.0441923
Model2,2pop,12,801,900,10,0.0297821
Model2,2pop,12,901,1000,16,0.065
Model2,2pop,15,1,100,9,0.0261538
Model2,2pop,15,101,200,17,0.0506282
Model2,2pop,15,201,300,7,0.0170769
Model2,2pop,15,301,400,13,0.0297692
Model2,2pop,15,401,500,12,0.0336154
Model2,2pop,15,501,600,12,0.0300256
Model2,2pop,15,601,700,18,0.0385641
Model2,2pop,15,701,800,13,0.0473718
Model2,2pop,15,801,900,11,0.0225385
Model2,2pop,15,901,1000,15,0.0386154
Model2,2pop,3,1,100,14,0.0469103
Model2,2pop,3,101,200,20,0.0581538
Model2,2pop,3,201,300,9,0.0287308
Model2,2pop,3,301,400,20,0.0706154
Model2,2pop,3,401,500,10,0.0331282
Model2,2pop,3,501,600,15,0.0505128
Model2,2pop,3,601,700,13,0.0390256
Model2,2pop,3,701,800,16,0.0549103
Model2,2pop,3,801,900,13,0.0487564
Model2,2pop,3,901,1000,11,0.0302692
Model2,2pop,1,1,100,12,0.0284487
Model2,2pop,1,101,200,11,0.0250385
Model2,2pop,1,201,300,9,0.0189872
Model2,2pop,1,301,400,14,0.040359
Model2,2pop,1,401,500,10,0.0266026
Model2,2pop,1,501,600,12,0.0295769
Model2,2pop,1,601,700,14,0.0316667
Model2,2pop,1,701,800,16,0.0337436
Model2,2pop,1,801,900,8,0.0147436
Model2,2pop,1,901,1000,15,0.0339872
Model2,2pop,15,1,100,13,0.0470897
Model2,2pop,15,101,200,21,0.0854744
Model2,2pop,15,201,300,11,0.0272308
Model2,2pop,15,301,400,9,0.0357564
Model2,2pop,15,401,500,13,0.047359
Model2,2pop,15,501,600,17,0.0631923
Model2,2pop,15,601,700,17,0.0672949
Model2,2pop,15,701,800,8,0.0214615
Model2,2pop,15,801,900,16,0.0485
Model2,2pop,15,901,1000,14,0.0543333
Model2,2pop,12,1,100,6,0.0171923
Model2,2pop,12,101,200,9,0.0270128
Model2,2pop,12,201,300,5,0.00479487
Model2,2pop,12,301,400,9,0.0210769
Model2,2pop,12,401,500,10,0.0200641
Model2,2pop,12,501,600,4,0.00862821
Model2,2pop,12,601,700,10,0.0308974
Model2,2pop,12,701,800,9,0.0149615
Model2,2pop,12,801,900,7,0.0260769
Model2,2pop,12,901,1000,6,0.0169231
Model2,2pop,4,1,100,7,0.0158462
Model2,2pop,4,101,200,14,0.0362051
Model2,2pop,4,201,300,13,0.0248077
Model2,2pop,4,301,400,6,0.0188974
Model2,2pop,4,401,500,4,0.0110897
Model2,2pop,4,501,600,8,0.0247436
Model2,2pop,4,601,700,10,0.0196538
Model2,2pop,4,701,800,3,0.0099359
Model2,2pop,4,801,900,16,0.0471538
Model2,2pop,4,901,1000,6,0.0153205
Model2,2pop,11,1,100,8,0.0164744
Model2,2pop,11,101,200,8,0.0245769
Model2,2pop,11,201,300,5,0.00939744
Model2,2pop,11,301,400,6,0.0164872
Model2,2pop,11,401,500,6,0.0125897
Model2,2pop,11,501,600,6,0.0162179
Model2,2pop,11,601,700,5,0.00344872
Model2,2pop,11,701,800,4,0.00867949
Model2,2pop,11,801,900,7,0.0179103
Model2,2pop,11,901,1000,10,0.019141
Model2,2pop,19,1,100,7,0.0258333
Model2,2pop,19,101,200,19,0.0795128
Model2,2pop,19,201,300,11,0.034359
Model2,2pop,19,301,400,14,0.0453205
Model2,2pop,19,401,500,13,0.0447308
Model2,2pop,19,501,600,16,0.0673462
Model2,2pop,19,601,700,15,0.0385256
Model2,2pop,19,701,800,10,0.0350513
Model2,2pop,19,801,900,15,0.0568462
Model2,2pop,19,901,1000,13,0.0475256
Model2,2pop,8,1,100,6,0.0181026
Model2,2pop,8,101,200,11,0.0484359
Model2,2pop,8,201,300,6,0.0204615
Model2,2pop,8,301,400,6,0.0217821
Model2,2pop,8,401,500,12,0.0582308
Model2,2pop,8,501,600,10,0.0326923
Model2,2pop,8,601,700,16,0.0604103
Model2,2pop,8,701,800,8,0.0311026
Model2,2pop,8,801,900,9,0.031641
Model2,2pop,8,901,1000,9,0.0339872
Model2,2pop,19,1,100,6,0.0128462
Model2,2pop,19,101,200,11,0.0215897
Model2,2pop,19,201,300,7,0.0158462
Model2,2pop,19,301,400,12,0.0252436
Model2,2pop,19,401,500,9,0.015641
Model2,2pop,19,501,600,6,0.0176667
Model2,2pop,19,601,700,7,0.0122051
Model2,2pop,19,701,800,13,0.0326154
Model2,2pop,19,801,900,8,0.0209103
Model2,2pop,19,901,1000,5,0.0145641
Model2,2pop,12,1,100,7,0.0129359
Model2,2pop,12,101,200,4,0.0125385
Model2,2pop,12,201,300,7,0.0134872
Model2,2pop,12,301,400,10,0.0182564
Model2,2pop,12,401,500,4,0.0104744
Model2,2pop,12,501,600,9,0.0190256
Model2,2pop,12,601,700,11,0.0192308
Model2,2pop,12,701,800,8,0.0237436
Model2,2pop,12,801,900,9,0.021641
Model2,2pop,12,901,1000,4,0.00858974
Model2,2pop,14,1,100,17,0.0577051
Model2,2pop,14,101,200,16,0.0605769
Model2,2pop,14,201,300,11,0.0455897
Model2,2pop,14,301,400,13,0.0523333
Model2,2pop,14,401,500,9,0.0298077
Model2,2pop,14,501,600,16,0.0632436
Model2,2pop,14,601,700,15,0.0600897
Model2,2pop,14,701,800,9,0.0355256
Model2,2pop,14,801,900,12,0.0485513
Model2,2pop,14,901,1000,10,0.0335128
Model2,2pop,9,1,100,14,0.0437692
Model2,2pop,9,101,200,9,0.0358077
Model2,2pop,9,201,300,11,0.0391154
Model2,2pop,9,301,400,11,0.0440641
Model2,2pop,9,401,500,12,0.0545513
Model2,2pop,9,501,600,13,0.0385
Model2,2pop,9,601,700,13,0.0513462
Model2,2pop,9,701,800,9,0.0394359
Model2,2pop,9,801,900,13,0.0495769
Model2,2pop,9,901,1000,13,0.0499744
Model2,2pop,19,1,100,6,0.0199487
Model2,2pop,19,101,200,6,0.0208205
Model2,2pop,19,201,300,9,0.0275897
Model2,2pop,19,301,400,4,0.00965385
Model2,2pop,19,401,500,9,0.0270385
Model2,2pop,19,501,600,8,0.0165513
Model2,2pop,19,601,700,12,0.0313974
Model2,2pop,19,701,800,5,0.00601282
Model2,2pop,19,801,900,5,0.0222949
Model2,2pop,19,901,1000,10,0.0241154
Model2,2pop,11,1,100,7,0.0245641
Model2,2pop,11,101,200,9,0.0430256
Model2,2pop,11,201,300,7,0.0165769
Model2,2pop,11,301,400,6,0.024859
Model2,2pop,11,401,500,8,0.0353333
Model2,2pop,11,501,600,7,0.0239872
Model2,2pop,11,601,700,8,0.0237564
Model2,2pop,11,701,800,10,0.0388974
Model2,2pop,11,801,900,9,0.0301795
Model2,2pop,11,901,1000,10,0.0359103
Model2,2pop,15,1,100,5,0.0129872
Model2,2pop,15,101,200,6,0.0197949
Model2,2pop,15,201,300,9,0.0361154
Model2,2pop,15,301,400,7,0.0141667
Model2,2pop,15,401,500,8,0.024
Model2,2pop,15,501,600,2,0.001
Model2,2pop,15,601,700,4,0.00973077
Model2,2pop,15,701,800,8,0.0232436
Model2,2pop,15,801,900,7,0.0218077
Model2,2pop,15,901,1000,6,0.0138718
Model2,2pop,5,1,100,10,0.0281923
Model2,2pop,5,101,200,5,0.00787179
Model2,2pop,5,201,300,6,0.0146667
Model2,2pop,5,301,400,13,0.0260897
Model2,2pop,5,401,500,6,0.00775641
Model2,2pop,5,501,600,7,0.0132692
Model2,2pop,5,601,700,7,0.0139359
Model2,2pop,5,701,800,8,0.0169231
Model2,2pop,5,801,900,5,0.0165256
Model2,2pop,5,901,1000,8,0.0222436
Model2,2pop,6,1,100,10,0.0400769
Model2,2pop,6,101,200,12,0.0485769
Model2,2pop,6,201,300,6,0.0207051
Model2,2pop,6,301,400,14,0.0569103
Model2,2pop,6,401,500,10,0.0359615
Model2,2pop,6,501,600,10,0.0403846
Model2,2pop,6,601,700,11,0.0227564
Model2,2pop,6,701,800,13,0.0389359
Model2,2pop,6,801,900,16,0.0526026
Model2,2pop,6,901,1000,8,0.0311923
Model2,2pop,4,1,100,17,0.0245256
Model2,2pop,4,101,200,11,0.0188205
Model2,2pop,4,201,300,7,0.0153718
Model2,2pop,4,301,400,11,0.0225385
Model2,2pop,4,401,500,10,0.0151667
Model2,2pop,4,501,600,10,0.0269872
Model2,2pop,4,601,700,18,0.0307179
Model2,2pop,4,701,800,11,0.0223205
Model2,2pop,4,801,900,15,0.026859
Model2,2pop,4,901,1000,14,0.0350256
Model2,2pop,8,1,100,8,0.00930769
Model2,2pop,8,101,200,8,0.0237821
Model2,2pop,8,201,300,7,0.0229615
Model2,2pop,8,301,400,9,0.0170897
Model2,2pop,8,401,500,6,0.0162051
Model2,2pop,8,501,600,4,0.00626923
Model2,2pop,8,601,700,6,0.0161154
Model2,2pop,8,701,800,6,0.0148974
Model2,2pop,8,801,900,11,0.0161154
Model2,2pop,8,901,1000,4,0.00566667
Model2,2pop,9,1,100,15,0.0442821
Model2,2pop,9,101,200,14,0.0399359
Model2,2pop,9,201,300,16,0.0556923
Model2,2pop,9,301,400,19,0.0593462
Model2,2pop,9,401,500,26,0.0846795
Model2,2pop,9,501,600,13,0.0436667
Model2,2pop,9,601,700,18,0.0569744
Model2,2pop,9,701,800,24,0.0766154
Model2,2pop,9,801,900,20,0.0664744
Model2,2pop,9,901,1000,14,0.0374615
Model2,2pop,0,1,100,10,0.0305256
Model2,2pop,0,101,200,9,0.0282308
Model2,2pop,0,201,300,3,0.00687179
Model2,2pop,0,301,400,7,0.0137692
Model2,2pop,0,401,500,7,0.0162949
Model2,2pop,0,501,600,13,0.0342692
Model2,2pop,0,601,700,5,0.0124359
Model2,2pop,0,701,800,7,0.0102179
Model2,2pop,0,801,900,4,0.00782051
Model2,2pop,0,901,1000,9,0.0142179
Model2,2pop,18,1,100,12,0.0347564
Model2,2pop,18,101,200,15,0.039141
Model2,2pop,18,201,300,16,0.0605
Model2,2pop,18,301,400,10,0.0286282
Model2,2pop,18,401,500,13,0.0432051
Model2,2pop,18,501,600,16,0.0337436
Model2,2pop,18,601,700,12,0.0394744
Model2,2pop,18,701,800,17,0.0576026
Model2,2pop,18,801,900,6,0.0186667
Model2,2pop,18,901,1000,16,0.0545
Model2,2pop,6,1,100,11,0.0238846
Model2,2pop,6,101,200,5,0.0146026
Model2,2pop,6,201,300,4,0.00970513
Model2,2pop,6,301,400,14,0.0254487
Model2,2pop,6,401,500,7,0.0130769
Model2,2pop,6,501,600,7,0.0133462
Model2,2pop,6,601,700,5,0.0121795
Model2,2pop,6,701,800,6,0.0117692
Model2,2pop,6,801,900,3,0.00741026
Model2,2pop,6,901,1000,13,0.0273205
Model2,2pop,3,1,100,6,0.00884615
Model2,2pop,3,101,200,3,0.00578205
Model2,2pop,3,201,300,7,0.016141
Model2,2pop,3,301,400,7,0.0108846
Model2,2pop,3,401,500,3,0.00532051
Model2,2pop,3,501,600,4,0.00920513
Model2,2pop,3,601,700,5,0.0108333
Model2,2pop,3,701,800,9,0.0192949
Model2,2pop,3,801,900,5,0.00437179
Model2,2pop,3,901,1000,5,0.011859
Model2,2pop,8,1,100,22,0.085141
Model2,2pop,8,101,200,16,0.0632051
Model2,2pop,8,201,300,17,0.0661282
Model2,2pop,8,301,400,17,0.049
Model2,2pop,8,401,500,18,0.0506923
Model2,2pop,8,501,600,18,0.0700897
Model2,2pop,8,601,700,15,0.0515897
Model2,2pop,8,701,800,19,0.0741667
Model2,2pop,8,801,900,14,0.0469103
Model2,2pop,8,901,1000,20,0.0741154
Model2,2pop,10,1,100,14,0.0380256
Model2,2pop,10,101,200,9,0.0245769
Model2,2pop,10,201,300,6,0.0132436
Model2,2pop,10,301,400,9,0.0212949
Model2,2pop,10,401,500,11,0.0285385
Model2,2pop,10,501,600,9,0.0300128
Model2,2pop,10,601,700,9,0.0248205
Model2,2pop,10,701,800,10,0.0259872
Model2,2pop,10,801,900,7,0.0179615
Model2,2pop,10,901,1000,7,0.0198462
Model2,2pop,8,1,100,3,0.00562821
Model2,2pop,8,101,200,4,0.00387179
Model2,2pop,8,201,300,3,0.00242308
Model2,2pop,8,301,400,7,0.00801282
Model2,2pop,8,401,500,4,0.00851282
Model2,2pop,8,501,600,3,0.00332051
Model2,2pop,8,601,700,5,0.00788462
Model2,2pop,8,701,800,8,0.0162949
Model2,2pop,8,801,900,4,0.006
Model2,2pop,8,901,1000,8,0.00629487
Model2,2pop,17,1,100,16,0.0316154
Model2,2pop,17,101,200,13,0.0302436
Model2,2pop,17,201,300,16,0.0303205
Model2,2pop,17,301,400,11,0.0203846
Model2,2pop,17,401,500,6,0.0124359
Model2,2pop,17,501,600,14,0.0185385
Model2,2pop,17,601,700,20,0.0267949
Model2,2pop,17,701,800,13,0.0324615
Model2,2pop,17,801,900,17,0.0359872
Model2,2pop,17,901,1000,14,0.0254872
Model2,2pop,8,1,100,20,0.0806538
Model2,2pop,8,101,200,11,0.0373077
Model2,2pop,8,201,300,18,0.059359
Model2,2pop,8,301,400,17,0.0619615
Model2,2pop,8,401,500,18,0.0579487
Model2,2pop,8,501,600,18,0.0584359
Model2,2pop,8,601,700,13,0.0560256
Model2,2pop,8,701,800,13,0.0448077
Model2,2pop,8,801,900,11,0.0409231
Model2,2pop,8,901,1000,17,0.0712821
Model2,2pop,9,1,100,3,0.00334615
Model2,2pop,9,101,200,10,0.0177051
Model2,2pop,9,201,300,5,0.00508974
Model2,2pop,9,301,400,4,0.00670513
Model2,2pop,9,401,500,6,0.00439744
Model2,2pop,9,501,600,5,0.00553846
Model2,2pop,9,601,700,7,0.00965385
Model2,2pop,9,701,800,6,0.00780769
Model2,2pop,9,801,900,9,0.0156282
Model2,2pop,9,901,1000,7,0.0112692
Model2,2pop,10,1,100,2,0.00655128
Model2,2pop,10,101,200,6,0.0156667
Model2,2pop,10,201,300,10,0.0120513
Model2,2pop,10,301,400,6,0.0130897
Model2,2pop,10,401,500,3,0.00752564
Model2,2pop,10,501,600,3,0.00670513
Model2,2pop,10,601,700,9,0.0222949
Model2,2pop,10,701,800,3,0.00197436
Model2,2pop,10,801,900,2,0.00147436
Model2,2pop,10,901,1000,3,0.00416667
Model2,2pop,18,1,100,9,0.0316795
Model2,2pop,18,101,200,7,0.0176795
Model2,2pop,18,201,300,7,0.0158205
Model2,2pop,18,301,400,6,0.016
Model2,2pop,18,401,500,12,0.0276538
Model2,2pop,18,501,600,5,0.0151154
Model2,2pop,18,601,700,6,0.0146154
Model2,2pop,18,701,800,11,0.0296154
Model2,2pop,18,801,900,7,0.0122949
Model2,2pop,18,901,1000,8,0.0182051
Model2,2pop,17,1,100,10,0.0222308
Model2,2pop,17,101,200,6,0.0124872
Model2,2pop,17,201,300,10,0.0217308
Model2,2pop,17,301,400,6,0.0143718
Model2,2pop,17,401,500,6,0.0155
Model2,2pop,17,501,600,5,0.0105
Model2,2pop,17,601,700,15,0.028641
Model2,2pop,17,701,800,12,0.0323333
Model2,2pop,17,801,900,11,0.0173205
Model2,2pop,17,901,1000,7,0.0157949
Model2,2pop,3,1,100,10,0.0334487
Model2,2pop,3,101,200,10,0.0220513
Model2,2pop,3,201,300,15,0.0438974
Model2,2pop,3,301,400,8,0.0221282
Model2,2pop,3,401,500,7,0.0251667
Model2,2pop,3,501,600,13,0.0408205
Model2,2pop,3,601,700,14,0.043
Model2,2pop,3,701,800,10,0.0285641
Model2,2pop,3,801,900,4,0.0095
Model2,2pop,3,901,1000,9,0.0260385
