Model,Pop,CHROM,BIN_START,BIN_END,N_VARIANTS,WEIGHTED_FST,MEAN_FST
Model6,3pop,16,1,100,89,0.97738,0.971718
Model6,3pop,16,101,200,94,0.968582,0.966263
Model6,3pop,16,201,300,88,0.980661,0.974058
Model6,3pop,16,301,400,90,0.984787,0.968948
Model6,3pop,16,401,500,93,0.980636,0.971398
Model6,3pop,16,501,600,82,0.982537,0.975554
Model6,3pop,16,601,700,86,0.98278,0.982815
Model6,3pop,16,701,800,90,0.979372,0.968193
Model6,3pop,16,801,900,94,0.976022,0.949241
Model6,3pop,16,901,1000,91,0.979901,0.979416
Model6,3pop,4,1,100,91,0.995511,0.99555
Model6,3pop,4,101,200,89,0.98998,0.989815
Model6,3pop,4,201,300,94,0.992653,0.983221
Model6,3pop,4,301,400,93,0.992733,0.99252
Model6,3pop,4,401,500,93,0.986926,0.97783
Model6,3pop,4,501,600,89,0.989829,0.979792
Model6,3pop,4,601,700,89,0.997072,0.996937
Model6,3pop,4,701,800,85,0.996228,0.985608
Model6,3pop,4,801,900,87,0.988794,0.978881
Model6,3pop,4,901,1000,86,0.9887,0.979929
Model6,3pop,7,1,100,92,0.989854,0.970877
Model6,3pop,7,101,200,89,0.987479,0.981473
Model6,3pop,7,201,300,88,0.991713,0.980808
Model6,3pop,7,301,400,93,0.986889,0.98724
Model6,3pop,7,401,500,93,0.992495,0.991625
Model6,3pop,7,501,600,90,0.990461,0.988462
Model6,3pop,7,601,700,91,0.993301,0.990743
Model6,3pop,7,701,800,91,0.994875,0.984116
Model6,3pop,7,801,900,83,0.994244,0.970831
Model6,3pop,7,901,1000,91,0.993635,0.983683
Model6,3pop,1,1,100,86,0.987786,0.986877
Model6,3pop,1,101,200,90,0.989799,0.969129
Model6,3pop,1,201,300,86,0.989455,0.987522
Model6,3pop,1,301,400,89,0.984092,0.971487
Model6,3pop,1,401,500,92,0.992539,0.978966
Model6,3pop,1,501,600,88,0.994468,0.994313
Model6,3pop,1,601,700,88,0.979808,0.969846
Model6,3pop,1,701,800,86,0.991098,0.979821
Model6,3pop,1,801,900,88,0.989508,0.972217
Model6,3pop,1,901,1000,92,0.990541,0.980273
Model6,3pop,0,1,100,79,0.962108,0.932951
Model6,3pop,17,1,100,90,0.990215,0.984232
Model6,3pop,17,101,200,90,0.985699,0.984559
Model6,3pop,17,201,300,86,0.990482,0.989397
Model6,3pop,17,301,400,89,0.990063,0.990635
Model6,3pop,17,401,500,85,0.988326,0.981849
Model6,3pop,17,501,600,88,0.985405,0.9854
Model6,3pop,17,601,700,95,0.985422,0.981014
Model6,3pop,17,701,800,91,0.983704,0.980731
Model6,3pop,17,801,900,92,0.991534,0.991932
Model6,3pop,17,901,1000,85,0.989847,0.984172
Model6,3pop,8,1,100,90,0.98597,0.982638
Model6,3pop,8,101,200,89,0.99435,0.995171
Model6,3pop,8,201,300,88,0.979971,0.943822
Model6,3pop,8,301,400,85,0.98864,0.97719
Model6,3pop,8,401,500,91,0.985135,0.975679
Model6,3pop,8,501,600,92,0.982405,0.976233
Model6,3pop,8,601,700,93,0.985524,0.980959
Model6,3pop,8,701,800,84,0.990801,0.99028
Model6,3pop,8,801,900,87,0.986955,0.982828
Model6,3pop,8,901,1000,89,0.981809,0.955982
Model6,3pop,18,1,100,85,0.992678,0.97528
Model6,3pop,18,101,200,86,0.982535,0.965087
Model6,3pop,18,201,300,93,0.98937,0.988147
Model6,3pop,18,301,400,91,0.983228,0.965177
Model6,3pop,18,401,500,91,0.989926,0.989402
Model6,3pop,18,501,600,87,0.98726,0.976772
Model6,3pop,18,601,700,98,0.992601,0.992043
Model6,3pop,18,701,800,89,0.981503,0.968693
Model6,3pop,18,801,900,83,0.982915,0.960538
Model6,3pop,18,901,1000,87,0.988515,0.970409
Model6,3pop,2,1,100,91,0.97159,0.959257
Model6,3pop,2,101,200,90,0.985453,0.978181
Model6,3pop,2,201,300,86,0.984769,0.976575
Model6,3pop,2,301,400,90,0.987139,0.973159
Model6,3pop,2,401,500,91,0.987919,0.967849
Model6,3pop,2,501,600,93,0.98576,0.967683
Model6,3pop,2,601,700,94,0.986557,0.979823
Model6,3pop,2,701,800,85,0.984166,0.983992
Model6,3pop,2,801,900,93,0.988881,0.978264
Model6,3pop,2,901,1000,95,0.993281,0.992638
Model6,3pop,5,1,100,94,0.982111,0.973713
Model6,3pop,5,101,200,93,0.983549,0.976175
Model6,3pop,5,201,300,90,0.994297,0.994432
Model6,3pop,5,301,400,92,0.991136,0.978605
Model6,3pop,5,401,500,89,0.992428,0.979159
Model6,3pop,5,501,600,88,0.994183,0.992628
Model6,3pop,5,601,700,88,0.994073,0.993828
Model6,3pop,5,701,800,89,0.991318,0.989397
Model6,3pop,5,801,900,90,0.989053,0.978139
Model6,3pop,5,901,1000,90,0.994749,0.984581
Model6,3pop,3,1,100,95,0.992941,0.983918
Model6,3pop,3,101,200,86,0.981883,0.972689
Model6,3pop,3,201,300,91,0.98005,0.981199
Model6,3pop,3,301,400,88,0.988481,0.977358
Model6,3pop,3,401,500,88,0.97885,0.956165
Model6,3pop,3,501,600,88,0.984,0.984655
Model6,3pop,3,601,700,90,0.984876,0.975873
Model6,3pop,3,701,800,84,0.989331,0.986386
Model6,3pop,3,801,900,91,0.99104,0.991356
Model6,3pop,3,901,1000,88,0.986724,0.987501
Model6,3pop,4,1,100,89,0.957949,0.945083
Model6,3pop,4,101,200,92,0.964436,0.943208
Model6,3pop,4,201,300,87,0.977344,0.959706
Model6,3pop,4,301,400,96,0.963959,0.942106
Model6,3pop,4,401,500,88,0.972815,0.973924
Model6,3pop,4,501,600,87,0.968554,0.944832
Model6,3pop,4,601,700,92,0.955769,0.938434
Model6,3pop,4,701,800,91,0.961311,0.948778
Model6,3pop,4,801,900,88,0.974336,0.960293
Model6,3pop,4,901,1000,87,0.964161,0.95202
Model6,3pop,6,1,100,90,0.978221,0.957223
Model6,3pop,6,101,200,90,0.988168,0.967306
Model6,3pop,6,201,300,90,0.976532,0.959626
Model6,3pop,6,301,400,96,0.981371,0.980261
Model6,3pop,6,401,500,92,0.97806,0.958351
Model6,3pop,6,501,600,90,0.984018,0.972341
Model6,3pop,6,601,700,90,0.9888,0.979123
Model6,3pop,6,701,800,89,0.980157,0.970172
Model6,3pop,6,801,900,87,0.978331,0.975962
Model6,3pop,6,901,1000,95,0.979999,0.950103
Model6,3pop,14,1,100,86,0.979461,0.969184
Model6,3pop,14,101,200,91,0.988235,0.987541
Model6,3pop,14,201,300,92,0.983452,0.952718
Model6,3pop,14,301,400,93,0.992793,0.985642
Model6,3pop,14,401,500,92,0.987801,0.986556
Model6,3pop,14,501,600,89,0.986755,0.986743
Model6,3pop,14,601,700,88,0.991294,0.992051
Model6,3pop,14,701,800,89,0.985746,0.985486
Model6,3pop,14,801,900,89,0.987322,0.98714
Model6,3pop,14,901,1000,87,0.986736,0.985997
Model6,3pop,11,1,100,84,0.989647,0.980166
Model6,3pop,11,101,200,91,0.982127,0.980658
Model6,3pop,11,201,300,89,0.974615,0.969277
Model6,3pop,11,301,400,94,0.979866,0.956555
Model6,3pop,11,401,500,91,0.9767,0.975599
Model6,3pop,11,501,600,94,0.982001,0.98228
Model6,3pop,11,601,700,94,0.975719,0.9574
Model6,3pop,11,701,800,97,0.986058,0.980085
Model6,3pop,11,801,900,89,0.984704,0.976098
Model6,3pop,11,901,1000,90,0.991587,0.990046
Model6,3pop,8,1,100,93,0.984393,0.965574
Model6,3pop,8,101,200,90,0.992372,0.991612
Model6,3pop,8,201,300,85,0.987667,0.987252
Model6,3pop,8,301,400,88,0.986205,0.980875
Model6,3pop,8,401,500,88,0.992611,0.992998
Model6,3pop,8,501,600,94,0.98749,0.981005
Model6,3pop,8,601,700,92,0.983279,0.982517
Model6,3pop,8,701,800,82,0.989611,0.977454
Model6,3pop,8,801,900,94,0.977675,0.970628
Model6,3pop,8,901,1000,80,0.985472,0.976114
Model6,3pop,2,1,100,87,0.966829,0.956702
Model6,3pop,2,101,200,88,0.966478,0.959609
Model6,3pop,2,201,300,92,0.969345,0.947836
Model6,3pop,2,301,400,93,0.977071,0.961672
Model6,3pop,2,401,500,89,0.977669,0.951076
Model6,3pop,2,501,600,92,0.980554,0.958351
Model6,3pop,2,601,700,93,0.97719,0.976235
Model6,3pop,2,701,800,90,0.968328,0.96038
Model6,3pop,2,801,900,90,0.978957,0.97937
Model6,3pop,2,901,1000,90,0.988724,0.98906
Model6,3pop,5,1,100,93,0.988014,0.97617
Model6,3pop,5,101,200,86,0.990787,0.949061
Model6,3pop,5,201,300,87,0.988763,0.965184
Model6,3pop,5,301,400,92,0.992093,0.976687
Model6,3pop,5,401,500,83,0.996476,0.996551
Model6,3pop,5,501,600,87,0.99583,0.985684
Model6,3pop,5,601,700,90,0.985796,0.986171
Model6,3pop,5,701,800,94,0.994574,0.98507
Model6,3pop,5,801,900,87,0.994447,0.972503
Model6,3pop,5,901,1000,89,0.98915,0.958351
Model6,3pop,9,1,100,85,0.982847,0.974384
Model6,3pop,9,101,200,86,0.989196,0.978025
Model6,3pop,9,201,300,90,0.987263,0.976075
Model6,3pop,9,301,400,91,0.988017,0.961984
Model6,3pop,9,401,500,91,0.9796,0.968941
Model6,3pop,9,501,600,93,0.992519,0.984449
Model6,3pop,9,601,700,88,0.989802,0.989436
Model6,3pop,9,701,800,94,0.995422,0.995096
Model6,3pop,9,801,900,90,0.987157,0.978061
Model6,3pop,9,901,1000,88,0.98504,0.983501
Model6,3pop,16,1,100,91,0.988943,0.969843
Model6,3pop,16,101,200,86,0.981086,0.957706
Model6,3pop,16,201,300,91,0.983635,0.980485
Model6,3pop,16,301,400,91,0.977736,0.974929
Model6,3pop,16,401,500,94,0.981787,0.963496
Model6,3pop,16,501,600,94,0.98641,0.972985
Model6,3pop,16,601,700,87,0.990414,0.990358
Model6,3pop,16,701,800,90,0.986407,0.985424
Model6,3pop,16,801,900,88,0.987244,0.987743
Model6,3pop,16,901,1000,92,0.978517,0.971985
Model6,3pop,10,1,100,93,0.992431,0.993359
Model6,3pop,10,101,200,88,0.988364,0.977458
Model6,3pop,10,201,300,86,0.973468,0.961518
Model6,3pop,10,301,400,92,0.990696,0.989349
Model6,3pop,10,401,500,93,0.988419,0.987599
Model6,3pop,10,501,600,92,0.992879,0.985009
Model6,3pop,10,601,700,88,0.982754,0.982328
Model6,3pop,10,701,800,86,0.98133,0.961096
Model6,3pop,10,801,900,91,0.985048,0.985351
Model6,3pop,10,901,1000,87,0.980662,0.96819
Model6,3pop,0,1,100,72,0.982728,0.957822
Model6,3pop,11,1,100,86,0.98184,0.949455
Model6,3pop,11,101,200,89,0.979381,0.970418
Model6,3pop,11,201,300,96,0.987281,0.958105
Model6,3pop,11,301,400,93,0.97356,0.964829
Model6,3pop,11,401,500,87,0.973957,0.952843
Model6,3pop,11,501,600,91,0.971242,0.948581
Model6,3pop,11,601,700,90,0.980556,0.980536
Model6,3pop,11,701,800,91,0.972895,0.957074
Model6,3pop,11,801,900,90,0.970848,0.947158
Model6,3pop,11,901,1000,89,0.981518,0.969446
Model6,3pop,0,1,100,91,0.990978,0.981113
Model6,3pop,0,101,200,90,0.992018,0.980765
Model6,3pop,0,201,300,86,0.993026,0.993903
Model6,3pop,0,301,400,86,0.991347,0.975194
Model6,3pop,0,401,500,87,0.988046,0.975847
Model6,3pop,0,501,600,85,0.995028,0.982324
Model6,3pop,0,601,700,90,0.986653,0.97041
Model6,3pop,0,701,800,94,0.992933,0.992769
Model6,3pop,0,801,900,91,0.989115,0.965001
Model6,3pop,0,901,1000,85,0.988349,0.989091
Model6,3pop,0,1,100,79,0.970066,0.939123
Model6,3pop,13,1,100,90,0.985136,0.982315
Model6,3pop,13,101,200,94,0.973856,0.953584
Model6,3pop,13,201,300,91,0.971844,0.964958
Model6,3pop,13,301,400,90,0.986098,0.986184
Model6,3pop,13,401,500,90,0.953703,0.933396
Model6,3pop,13,501,600,93,0.969026,0.962575
Model6,3pop,13,601,700,88,0.964044,0.954039
Model6,3pop,13,701,800,89,0.975303,0.973213
Model6,3pop,13,801,900,92,0.970676,0.965379
Model6,3pop,13,901,1000,89,0.970161,0.942419
Model6,3pop,13,1,100,89,0.982032,0.976641
Model6,3pop,13,101,200,96,0.979019,0.949293
Model6,3pop,13,201,300,84,0.987943,0.982907
Model6,3pop,13,301,400,90,0.984192,0.973496
Model6,3pop,13,401,500,91,0.98537,0.981147
Model6,3pop,13,501,600,90,0.985257,0.97792
Model6,3pop,13,601,700,93,0.989878,0.990676
Model6,3pop,13,701,800,86,0.979555,0.966957
Model6,3pop,13,801,900,87,0.993508,0.99277
Model6,3pop,13,901,1000,91,0.979987,0.96961
Model6,3pop,6,1,100,87,0.995734,0.985796
Model6,3pop,6,101,200,90,0.975886,0.97468
Model6,3pop,6,201,300,88,0.988387,0.988353
Model6,3pop,6,301,400,91,0.987078,0.965315
Model6,3pop,6,401,500,90,0.969383,0.961136
Model6,3pop,6,501,600,85,0.976111,0.975409
Model6,3pop,6,601,700,90,0.991075,0.986938
Model6,3pop,6,701,800,85,0.992508,0.981413
Model6,3pop,6,801,900,90,0.97777,0.976554
Model6,3pop,6,901,1000,83,0.975225,0.95901
Model6,3pop,9,1,100,94,0.989385,0.988269
Model6,3pop,9,101,200,84,0.983203,0.965627
Model6,3pop,9,201,300,92,0.991362,0.975197
Model6,3pop,9,301,400,91,0.98829,0.977646
Model6,3pop,9,401,500,92,0.984963,0.974808
Model6,3pop,9,501,600,86,0.986036,0.986239
Model6,3pop,9,601,700,90,0.986516,0.970608
Model6,3pop,9,701,800,87,0.982861,0.981208
Model6,3pop,9,801,900,87,0.984696,0.974942
Model6,3pop,9,901,1000,83,0.986839,0.988433
Model6,3pop,17,1,100,91,0.986611,0.985338
Model6,3pop,17,101,200,87,0.987118,0.979212
Model6,3pop,17,201,300,94,0.984571,0.963179
Model6,3pop,17,301,400,97,0.987835,0.983344
Model6,3pop,17,401,500,90,0.99125,0.980365
Model6,3pop,17,501,600,84,0.99624,0.996906
Model6,3pop,17,601,700,88,0.985406,0.98536
Model6,3pop,17,701,800,88,0.983685,0.983467
Model6,3pop,17,801,900,92,0.981262,0.973057
Model6,3pop,17,901,1000,94,0.98831,0.98361
Model6,3pop,18,1,100,90,0.988769,0.968712
Model6,3pop,18,101,200,89,0.984993,0.97497
Model6,3pop,18,201,300,87,0.995419,0.995702
Model6,3pop,18,301,400,86,0.992678,0.981235
Model6,3pop,18,401,500,91,0.990088,0.971276
Model6,3pop,18,501,600,92,0.991528,0.96458
Model6,3pop,18,601,700,87,0.992247,0.981639
Model6,3pop,18,701,800,90,0.989945,0.978678
Model6,3pop,18,801,900,85,0.986167,0.966026
Model6,3pop,18,901,1000,92,0.98883,0.988589
Model6,3pop,7,1,100,87,0.979521,0.979093
Model6,3pop,7,101,200,87,0.990787,0.96954
Model6,3pop,7,201,300,90,0.988865,0.971718
Model6,3pop,7,301,400,96,0.986475,0.986482
Model6,3pop,7,401,500,95,0.989922,0.979894
Model6,3pop,7,501,600,90,0.991031,0.980172
Model6,3pop,7,601,700,94,0.992067,0.974064
Model6,3pop,7,701,800,92,0.989442,0.98852
Model6,3pop,7,801,900,90,0.98648,0.968299
Model6,3pop,7,901,1000,87,0.991846,0.992637
Model6,3pop,11,1,100,91,0.988929,0.983294
Model6,3pop,11,101,200,89,0.988503,0.988281
Model6,3pop,11,201,300,91,0.99628,0.995892
Model6,3pop,11,301,400,94,0.989942,0.984714
Model6,3pop,11,401,500,92,0.994469,0.994857
Model6,3pop,11,501,600,90,0.987904,0.977574
Model6,3pop,11,601,700,93,0.984763,0.951126
Model6,3pop,11,701,800,93,0.993367,0.992435
Model6,3pop,11,801,900,90,0.981902,0.973579
Model6,3pop,11,901,1000,85,0.993745,0.987051
Model6,3pop,6,1,100,84,0.990229,0.981053
Model6,3pop,6,101,200,88,0.988172,0.978766
Model6,3pop,6,201,300,87,0.981256,0.967801
Model6,3pop,6,301,400,92,0.980813,0.981234
Model6,3pop,6,401,500,95,0.986296,0.971869
Model6,3pop,6,501,600,84,0.974035,0.963187
Model6,3pop,6,601,700,86,0.9912,0.975608
Model6,3pop,6,701,800,86,0.994474,0.995169
Model6,3pop,6,801,900,95,0.981371,0.972637
Model6,3pop,6,901,1000,86,0.981861,0.98253
Model6,3pop,17,1,100,85,0.992143,0.993222
Model6,3pop,17,101,200,89,0.99082,0.988637
Model6,3pop,17,201,300,87,0.994857,0.987417
Model6,3pop,17,301,400,85,0.992237,0.974212
Model6,3pop,17,401,500,87,0.991761,0.989846
Model6,3pop,17,501,600,87,0.992762,0.992574
Model6,3pop,17,601,700,90,0.995136,0.977765
Model6,3pop,17,701,800,90,0.988824,0.967405
Model6,3pop,17,801,900,84,0.994414,0.983727
Model6,3pop,17,901,1000,88,0.988871,0.977375
Model6,3pop,9,1,100,94,0.985324,0.975171
Model6,3pop,9,101,200,90,0.992284,0.971454
Model6,3pop,9,201,300,90,0.987448,0.984113
Model6,3pop,9,301,400,90,0.989932,0.990183
Model6,3pop,9,401,500,92,0.991986,0.984554
Model6,3pop,9,501,600,89,0.995469,0.985816
Model6,3pop,9,601,700,90,0.993012,0.992541
Model6,3pop,9,701,800,88,0.99142,0.990647
Model6,3pop,9,801,900,88,0.998479,0.976894
Model6,3pop,9,901,1000,87,0.994537,0.99427
Model6,3pop,3,1,100,86,0.985636,0.982509
Model6,3pop,3,101,200,85,0.987372,0.98525
Model6,3pop,3,201,300,88,0.988238,0.960315
Model6,3pop,3,301,400,94,0.991496,0.991211
Model6,3pop,3,401,500,93,0.993461,0.993864
Model6,3pop,3,501,600,92,0.987175,0.947687
Model6,3pop,3,601,700,90,0.98084,0.980086
Model6,3pop,3,701,800,86,0.99356,0.971953
Model6,3pop,3,801,900,94,0.992076,0.972061
Model6,3pop,3,901,1000,91,0.980516,0.972883
Model6,3pop,9,1,100,87,0.986568,0.975149
Model6,3pop,9,101,200,91,0.991474,0.980549
Model6,3pop,9,201,300,90,0.993669,0.994232
Model6,3pop,9,301,400,92,0.979265,0.963849
Model6,3pop,9,401,500,86,0.990903,0.989622
Model6,3pop,9,501,600,92,0.989783,0.987351
Model6,3pop,9,601,700,94,0.981753,0.96338
Model6,3pop,9,701,800,91,0.991113,0.970309
Model6,3pop,9,801,900,86,0.984655,0.984527
Model6,3pop,9,901,1000,92,0.989644,0.966487
Model6,3pop,19,1,100,91,0.972284,0.958116
Model6,3pop,19,101,200,91,0.982439,0.970614
Model6,3pop,19,201,300,91,0.980926,0.957098
Model6,3pop,19,301,400,90,0.986895,0.98578
Model6,3pop,19,401,500,92,0.981286,0.968574
Model6,3pop,19,501,600,91,0.969401,0.931809
Model6,3pop,19,601,700,85,0.982273,0.970412
Model6,3pop,19,701,800,90,0.984051,0.97929
Model6,3pop,19,801,900,92,0.968841,0.941568
Model6,3pop,19,901,1000,91,0.969378,0.954396
Model6,3pop,17,1,100,90,0.994798,0.994458
Model6,3pop,17,101,200,93,0.985901,0.975953
Model6,3pop,17,201,300,92,0.983193,0.974226
Model6,3pop,17,301,400,87,0.985103,0.974785
Model6,3pop,17,401,500,91,0.983885,0.968637
Model6,3pop,17,501,600,85,0.987319,0.976917
Model6,3pop,17,601,700,94,0.982157,0.966852
Model6,3pop,17,701,800,91,0.983237,0.97399
Model6,3pop,17,801,900,88,0.986769,0.975869
Model6,3pop,17,901,1000,95,0.990465,0.989814
Model6,3pop,8,1,100,91,0.988834,0.986413
Model6,3pop,8,101,200,92,0.992357,0.992349
Model6,3pop,8,201,300,90,0.980142,0.98083
Model6,3pop,8,301,400,92,0.975282,0.956807
Model6,3pop,8,401,500,91,0.985003,0.984596
Model6,3pop,8,501,600,94,0.981692,0.975432
Model6,3pop,8,601,700,90,0.980562,0.976669
Model6,3pop,8,701,800,87,0.991706,0.982518
Model6,3pop,8,801,900,90,0.980197,0.977817
Model6,3pop,8,901,1000,82,0.986427,0.96841
Model6,3pop,17,1,100,91,0.978892,0.973565
Model6,3pop,17,101,200,90,0.98916,0.986645
Model6,3pop,17,201,300,81,0.978466,0.972359
Model6,3pop,17,301,400,92,0.98427,0.983999
Model6,3pop,17,401,500,91,0.989747,0.979242
Model6,3pop,17,501,600,90,0.982969,0.983367
Model6,3pop,17,601,700,89,0.979472,0.971274
Model6,3pop,17,701,800,90,0.968148,0.934243
Model6,3pop,17,801,900,90,0.98537,0.975155
Model6,3pop,17,901,1000,89,0.982437,0.980855
Model6,3pop,7,1,100,88,0.981161,0.953682
Model6,3pop,7,101,200,94,0.987327,0.974427
Model6,3pop,7,201,300,90,0.985389,0.96519
Model6,3pop,7,301,400,87,0.983021,0.97242
Model6,3pop,7,401,500,92,0.978455,0.961352
Model6,3pop,7,501,600,86,0.982343,0.974869
Model6,3pop,7,601,700,89,0.976273,0.955031
Model6,3pop,7,701,800,92,0.982059,0.953775
Model6,3pop,7,801,900,89,0.983878,0.976276
Model6,3pop,7,901,1000,90,0.979977,0.972431
Model6,3pop,4,1,100,97,0.986426,0.977417
Model6,3pop,4,101,200,84,0.977587,0.965981
Model6,3pop,4,201,300,95,0.973082,0.957722
Model6,3pop,4,301,400,89,0.987168,0.98279
Model6,3pop,4,401,500,92,0.985958,0.975545
Model6,3pop,4,501,600,91,0.98808,0.98821
Model6,3pop,4,601,700,94,0.984669,0.985471
Model6,3pop,4,701,800,91,0.99375,0.994445
Model6,3pop,4,801,900,89,0.990453,0.979473
Model6,3pop,4,901,1000,92,0.983199,0.956965
Model6,3pop,18,1,100,90,0.990537,0.990805
Model6,3pop,18,101,200,90,0.984279,0.964502
Model6,3pop,18,201,300,87,0.976767,0.945989
Model6,3pop,18,301,400,88,0.979328,0.959472
Model6,3pop,18,401,500,90,0.977542,0.966109
Model6,3pop,18,501,600,86,0.983061,0.946079
Model6,3pop,18,601,700,86,0.982123,0.972323
Model6,3pop,18,701,800,91,0.977905,0.952392
Model6,3pop,18,801,900,90,0.987215,0.968093
Model6,3pop,18,901,1000,86,0.978028,0.976948
Model6,3pop,16,1,100,87,0.989373,0.989619
Model6,3pop,16,101,200,90,0.982469,0.969147
Model6,3pop,16,201,300,89,0.990346,0.980547
Model6,3pop,16,301,400,93,0.969937,0.95469
Model6,3pop,16,401,500,94,0.991001,0.98366
Model6,3pop,16,501,600,97,0.971469,0.964555
Model6,3pop,16,601,700,89,0.980036,0.97381
Model6,3pop,16,701,800,88,0.969777,0.947816
Model6,3pop,16,801,900,90,0.987258,0.988488
Model6,3pop,16,901,1000,87,0.975617,0.956243
Model6,3pop,19,1,100,90,0.98905,0.979681
Model6,3pop,19,101,200,88,0.985317,0.985495
Model6,3pop,19,201,300,91,0.991642,0.983835
Model6,3pop,19,301,400,90,0.989836,0.983447
Model6,3pop,19,401,500,90,0.989751,0.986246
Model6,3pop,19,501,600,91,0.990667,0.990972
Model6,3pop,19,601,700,94,0.990067,0.988754
Model6,3pop,19,701,800,92,0.996158,0.996005
Model6,3pop,19,801,900,89,0.991764,0.991469
Model6,3pop,19,901,1000,87,0.989503,0.988089
Model6,3pop,8,1,100,89,0.989514,0.979403
Model6,3pop,8,101,200,89,0.99656,0.996542
Model6,3pop,8,201,300,87,0.991322,0.991803
Model6,3pop,8,301,400,87,0.987664,0.940146
Model6,3pop,8,401,500,90,0.986579,0.987593
Model6,3pop,8,501,600,91,0.990169,0.975181
Model6,3pop,8,601,700,93,0.994747,0.984255
Model6,3pop,8,701,800,82,0.993228,0.98316
Model6,3pop,8,801,900,91,0.989821,0.990299
Model6,3pop,8,901,1000,86,0.995168,0.994629
Model6,3pop,19,1,100,90,0.984893,0.98426
Model6,3pop,19,101,200,91,0.980318,0.965019
Model6,3pop,19,201,300,87,0.990045,0.989907
Model6,3pop,19,301,400,90,0.98858,0.98702
Model6,3pop,19,401,500,93,0.985805,0.975122
Model6,3pop,19,501,600,88,0.988814,0.988687
Model6,3pop,19,601,700,93,0.988679,0.977783
Model6,3pop,19,701,800,94,0.98117,0.972878
Model6,3pop,19,801,900,97,0.988041,0.985217
Model6,3pop,19,901,1000,89,0.987472,0.974573
Model6,3pop,2,1,100,92,0.990864,0.991202
Model6,3pop,2,101,200,90,0.997613,0.99758
Model6,3pop,2,201,300,91,0.991457,0.981265
Model6,3pop,2,301,400,89,0.989529,0.978788
Model6,3pop,2,401,500,86,0.994843,0.994746
Model6,3pop,2,501,600,93,0.991455,0.991578
Model6,3pop,2,601,700,92,0.992409,0.991771
Model6,3pop,2,701,800,87,0.989743,0.978553
Model6,3pop,2,801,900,88,0.98826,0.987733
Model6,3pop,2,901,1000,85,0.987437,0.95364
Model6,3pop,6,1,100,82,0.988102,0.988782
Model6,3pop,6,101,200,88,0.982787,0.974195
Model6,3pop,6,201,300,94,0.988158,0.97953
Model6,3pop,6,301,400,87,0.981611,0.955534
Model6,3pop,6,401,500,91,0.987148,0.987293
Model6,3pop,6,501,600,91,0.977874,0.926819
Model6,3pop,6,601,700,87,0.988999,0.979278
Model6,3pop,6,701,800,90,0.991234,0.990546
Model6,3pop,6,801,900,87,0.985699,0.984324
Model6,3pop,6,901,1000,92,0.975558,0.950469
Model6,3pop,2,1,100,88,0.986611,0.976135
Model6,3pop,2,101,200,92,0.982025,0.968868
Model6,3pop,2,201,300,90,0.98114,0.963861
Model6,3pop,2,301,400,92,0.991385,0.971342
Model6,3pop,2,401,500,87,0.986576,0.985506
Model6,3pop,2,501,600,91,0.987225,0.976907
Model6,3pop,2,601,700,89,0.985664,0.985698
Model6,3pop,2,701,800,89,0.987494,0.964087
Model6,3pop,2,801,900,93,0.995017,0.989906
Model6,3pop,2,901,1000,93,0.98052,0.969499
Model6,3pop,14,1,100,92,0.980335,0.971001
Model6,3pop,14,101,200,88,0.96616,0.960112
Model6,3pop,14,201,300,86,0.976572,0.967716
Model6,3pop,14,301,400,93,0.973542,0.956469
Model6,3pop,14,401,500,91,0.979435,0.976737
Model6,3pop,14,501,600,97,0.962855,0.94542
Model6,3pop,14,601,700,92,0.977319,0.96927
Model6,3pop,14,701,800,83,0.952044,0.927627
Model6,3pop,14,801,900,87,0.976767,0.961767
Model6,3pop,14,901,1000,90,0.975049,0.963857
Model6,3pop,13,1,100,90,0.984418,0.974048
Model6,3pop,13,101,200,86,0.992852,0.993884
Model6,3pop,13,201,300,92,0.987339,0.984821
Model6,3pop,13,301,400,89,0.983749,0.976122
Model6,3pop,13,401,500,87,0.985928,0.969978
Model6,3pop,13,501,600,90,0.993276,0.977122
Model6,3pop,13,601,700,89,0.984755,0.974728
Model6,3pop,13,701,800,87,0.986718,0.969683
Model6,3pop,13,801,900,93,0.98906,0.974002
Model6,3pop,13,901,1000,90,0.978156,0.953804
Model6,3pop,11,1,100,85,0.983892,0.96338
Model6,3pop,11,101,200,89,0.976573,0.961793
Model6,3pop,11,201,300,87,0.984801,0.978129
Model6,3pop,11,301,400,93,0.988258,0.987312
Model6,3pop,11,401,500,86,0.988985,0.98126
Model6,3pop,11,501,600,93,0.979728,0.936548
Model6,3pop,11,601,700,89,0.987458,0.983097
Model6,3pop,11,701,800,92,0.990227,0.982298
Model6,3pop,11,801,900,86,0.977425,0.964535
Model6,3pop,11,901,1000,90,0.99103,0.986331
Model6,3pop,15,1,100,92,0.989909,0.985132
Model6,3pop,15,101,200,86,0.988259,0.984307
Model6,3pop,15,201,300,89,0.985939,0.965291
Model6,3pop,15,301,400,92,0.990526,0.990465
Model6,3pop,15,401,500,86,0.983587,0.971875
Model6,3pop,15,501,600,81,0.990369,0.978021
Model6,3pop,15,601,700,92,0.99177,0.991814
Model6,3pop,15,701,800,84,0.987797,0.96511
Model6,3pop,15,801,900,84,0.984511,0.971454
Model6,3pop,15,901,1000,84,0.97935,0.961826
Model6,3pop,17,1,100,93,0.978657,0.972938
Model6,3pop,17,101,200,90,0.996349,0.996658
Model6,3pop,17,201,300,89,0.989114,0.987964
Model6,3pop,17,301,400,90,0.995252,0.994737
Model6,3pop,17,401,500,90,0.991321,0.991431
Model6,3pop,17,501,600,87,0.991346,0.975328
Model6,3pop,17,601,700,92,0.991988,0.988626
Model6,3pop,17,701,800,88,0.980076,0.96644
Model6,3pop,17,801,900,91,0.984526,0.967474
Model6,3pop,17,901,1000,86,0.987377,0.969958
Model6,3pop,6,1,100,91,0.990763,0.982085
Model6,3pop,6,101,200,88,0.981073,0.968278
Model6,3pop,6,201,300,91,0.997259,0.997302
Model6,3pop,6,301,400,92,0.981049,0.979415
Model6,3pop,6,401,500,92,0.990052,0.97304
Model6,3pop,6,501,600,88,0.97578,0.968787
Model6,3pop,6,601,700,93,0.986124,0.976058
Model6,3pop,6,701,800,85,0.990396,0.99169
Model6,3pop,6,801,900,88,0.986225,0.986985
Model6,3pop,6,901,1000,85,0.986785,0.970619
Model6,3pop,12,1,100,92,0.98117,0.981143
Model6,3pop,12,101,200,88,0.982814,0.977272
Model6,3pop,12,201,300,94,0.98875,0.986947
Model6,3pop,12,301,400,88,0.980573,0.961888
Model6,3pop,12,401,500,86,0.982461,0.958185
Model6,3pop,12,501,600,90,0.988908,0.988853
Model6,3pop,12,601,700,91,0.990091,0.9799
Model6,3pop,12,701,800,95,0.986256,0.965825
Model6,3pop,12,801,900,89,0.989118,0.980267
Model6,3pop,12,901,1000,90,0.989152,0.980121
Model6,3pop,16,1,100,95,0.977911,0.974211
Model6,3pop,16,101,200,89,0.980161,0.976207
Model6,3pop,16,201,300,91,0.986541,0.975736
Model6,3pop,16,301,400,87,0.984901,0.979198
Model6,3pop,16,401,500,88,0.980339,0.972768
Model6,3pop,16,501,600,89,0.988955,0.982266
Model6,3pop,16,601,700,90,0.992545,0.982103
Model6,3pop,16,701,800,87,0.98319,0.982751
Model6,3pop,16,801,900,90,0.984998,0.986218
Model6,3pop,16,901,1000,93,0.983289,0.97072
Model6,3pop,5,1,100,88,0.993662,0.993115
Model6,3pop,5,101,200,88,0.993824,0.987443
Model6,3pop,5,201,300,87,0.983196,0.975865
Model6,3pop,5,301,400,93,0.989803,0.982719
Model6,3pop,5,401,500,91,0.985659,0.975398
Model6,3pop,5,501,600,89,0.986107,0.986664
Model6,3pop,5,601,700,90,0.979576,0.971531
Model6,3pop,5,701,800,85,0.989731,0.989961
Model6,3pop,5,801,900,91,0.982453,0.98318
Model6,3pop,5,901,1000,94,0.991325,0.977907
Model6,3pop,10,1,100,89,0.989265,0.989783
Model6,3pop,10,101,200,83,0.992695,0.990368
Model6,3pop,10,201,300,89,0.989042,0.989185
Model6,3pop,10,301,400,89,0.987915,0.98379
Model6,3pop,10,401,500,90,0.991393,0.970939
Model6,3pop,10,501,600,88,0.985264,0.980237
Model6,3pop,10,601,700,88,0.995565,0.995627
Model6,3pop,10,701,800,92,0.989957,0.990745
Model6,3pop,10,801,900,90,0.98721,0.983988
Model6,3pop,10,901,1000,94,0.990586,0.963931
Model6,3pop,0,1,100,71,0.985788,0.95816
Model6,3pop,10,1,100,93,0.979186,0.976633
Model6,3pop,10,101,200,92,0.955789,0.936642
Model6,3pop,10,201,300,93,0.971159,0.935641
Model6,3pop,10,301,400,90,0.980717,0.970987
Model6,3pop,10,401,500,87,0.984127,0.976774
Model6,3pop,10,501,600,88,0.967734,0.948436
Model6,3pop,10,601,700,86,0.975166,0.946376
Model6,3pop,10,701,800,86,0.983741,0.964536
Model6,3pop,10,801,900,90,0.982855,0.972206
Model6,3pop,10,901,1000,83,0.973746,0.971425
Model6,3pop,2,1,100,90,0.988238,0.977073
Model6,3pop,2,101,200,91,0.987264,0.975383
Model6,3pop,2,201,300,90,0.995754,0.983345
Model6,3pop,2,301,400,92,0.987132,0.972115
Model6,3pop,2,401,500,89,0.987418,0.955376
Model6,3pop,2,501,600,90,0.988744,0.980096
Model6,3pop,2,601,700,87,0.985598,0.96455
Model6,3pop,2,701,800,87,0.991763,0.964753
Model6,3pop,2,801,900,94,0.989023,0.962636
Model6,3pop,2,901,1000,83,0.986632,0.975251
Model6,3pop,5,1,100,96,0.981891,0.978008
Model6,3pop,5,101,200,91,0.986618,0.987841
Model6,3pop,5,201,300,88,0.981972,0.981785
Model6,3pop,5,301,400,94,0.983696,0.964807
Model6,3pop,5,401,500,90,0.979827,0.967751
Model6,3pop,5,501,600,90,0.979413,0.96732
Model6,3pop,5,601,700,90,0.98749,0.98008
Model6,3pop,5,701,800,85,0.981883,0.97648
Model6,3pop,5,801,900,91,0.985513,0.978219
Model6,3pop,5,901,1000,89,0.97772,0.965585
Model6,3pop,10,1,100,87,0.986312,0.970971
Model6,3pop,10,101,200,96,0.988019,0.969029
Model6,3pop,10,201,300,88,0.98908,0.989123
Model6,3pop,10,301,400,89,0.995384,0.994951
Model6,3pop,10,401,500,88,0.974324,0.961871
Model6,3pop,10,501,600,84,0.975315,0.957547
Model6,3pop,10,601,700,93,0.979983,0.975866
Model6,3pop,10,701,800,90,0.975376,0.961811
Model6,3pop,10,801,900,92,0.98262,0.974432
Model6,3pop,10,901,1000,88,0.987226,0.986569
Model6,3pop,16,1,100,88,0.995314,0.995752
Model6,3pop,16,101,200,92,0.987316,0.978219
Model6,3pop,16,201,300,84,0.993707,0.972055
Model6,3pop,16,301,400,87,0.987375,0.986151
Model6,3pop,16,401,500,92,0.98846,0.986254
Model6,3pop,16,501,600,94,0.986307,0.986341
Model6,3pop,16,601,700,92,0.993109,0.972754
Model6,3pop,16,701,800,88,0.994777,0.993414
Model6,3pop,16,801,900,90,0.988389,0.988694
Model6,3pop,16,901,1000,91,0.995516,0.995561
Model6,3pop,8,1,100,88,0.982112,0.969433
Model6,3pop,8,101,200,90,0.982602,0.968978
Model6,3pop,8,201,300,93,0.982942,0.956811
Model6,3pop,8,301,400,90,0.983187,0.965739
Model6,3pop,8,401,500,91,0.967945,0.947268
Model6,3pop,8,501,600,94,0.969267,0.95981
Model6,3pop,8,601,700,91,0.977773,0.97226
Model6,3pop,8,701,800,90,0.983971,0.966201
Model6,3pop,8,801,900,88,0.9801,0.960336
Model6,3pop,8,901,1000,92,0.983289,0.97196
Model6,3pop,17,1,100,94,0.987689,0.984919
Model6,3pop,17,101,200,93,0.982625,0.97241
Model6,3pop,17,201,300,85,0.987707,0.975188
Model6,3pop,17,301,400,89,0.980619,0.979047
Model6,3pop,17,401,500,94,0.995053,0.986899
Model6,3pop,17,501,600,90,0.98657,0.9563
Model6,3pop,17,601,700,88,0.993634,0.993445
Model6,3pop,17,701,800,90,0.990139,0.991545
Model6,3pop,17,801,900,95,0.981355,0.978097
Model6,3pop,17,901,1000,88,0.981704,0.957035
Model6,3pop,1,1,100,89,0.984777,0.969453
Model6,3pop,1,101,200,91,0.99615,0.985258
Model6,3pop,1,201,300,88,0.994107,0.984935
Model6,3pop,1,301,400,91,0.993491,0.971534
Model6,3pop,1,401,500,94,0.992114,0.991974
Model6,3pop,1,501,600,86,0.997338,0.977792
Model6,3pop,1,601,700,87,0.988699,0.97958
Model6,3pop,1,701,800,90,0.996009,0.968009
Model6,3pop,1,801,900,87,0.991238,0.980963
Model6,3pop,1,901,1000,86,0.995979,0.995254
Model6,3pop,9,1,100,94,0.975946,0.966489
Model6,3pop,9,101,200,92,0.982453,0.982216
Model6,3pop,9,201,300,91,0.97462,0.969506
Model6,3pop,9,301,400,89,0.972659,0.971617
Model6,3pop,9,401,500,91,0.986208,0.987071
Model6,3pop,9,501,600,82,0.985839,0.974373
Model6,3pop,9,601,700,86,0.990809,0.980465
Model6,3pop,9,701,800,88,0.970356,0.963673
Model6,3pop,9,801,900,92,0.991343,0.970128
Model6,3pop,9,901,1000,89,0.98371,0.977993
Model6,3pop,0,1,100,91,0.988965,0.982945
Model6,3pop,0,101,200,94,0.984016,0.953346
Model6,3pop,0,201,300,90,0.989679,0.989293
Model6,3pop,0,301,400,86,0.989866,0.98943
Model6,3pop,0,401,500,91,0.988797,0.986416
Model6,3pop,0,501,600,85,0.981852,0.963912
Model6,3pop,0,601,700,91,0.98707,0.987126
Model6,3pop,0,701,800,90,0.993109,0.992761
Model6,3pop,0,801,900,85,0.98271,0.975601
Model6,3pop,0,901,1000,86,0.992826,0.987913
Model6,3pop,17,1,100,87,0.990975,0.978965
Model6,3pop,17,101,200,91,0.983098,0.958303
Model6,3pop,17,201,300,91,0.983821,0.983941
Model6,3pop,17,301,400,93,0.989437,0.98093
Model6,3pop,17,401,500,86,0.984965,0.983068
Model6,3pop,17,501,600,87,0.984385,0.960206
Model6,3pop,17,601,700,91,0.980708,0.971151
Model6,3pop,17,701,800,88,0.977129,0.939166
Model6,3pop,17,801,900,88,0.978089,0.966339
Model6,3pop,17,901,1000,88,0.988126,0.982836
Model6,3pop,3,1,100,97,0.987992,0.969723
Model6,3pop,3,101,200,93,0.987771,0.975867
Model6,3pop,3,201,300,85,0.991539,0.99185
Model6,3pop,3,301,400,91,0.983183,0.945027
Model6,3pop,3,401,500,81,0.982121,0.964972
Model6,3pop,3,501,600,87,0.986776,0.986878
Model6,3pop,3,601,700,91,0.99243,0.981983
Model6,3pop,3,701,800,86,0.983566,0.983349
Model6,3pop,3,801,900,88,0.992289,0.970199
Model6,3pop,3,901,1000,91,0.99171,0.989639
Model6,3pop,18,1,100,88,0.987071,0.966027
Model6,3pop,18,101,200,90,0.986104,0.953666
Model6,3pop,18,201,300,94,0.987513,0.951621
Model6,3pop,18,301,400,91,0.977109,0.963282
Model6,3pop,18,401,500,90,0.993503,0.992679
Model6,3pop,18,501,600,83,0.992439,0.99282
Model6,3pop,18,601,700,92,0.987681,0.985635
Model6,3pop,18,701,800,87,0.987721,0.944729
Model6,3pop,18,801,900,91,0.993115,0.992884
Model6,3pop,18,901,1000,87,0.977599,0.978178
Model6,3pop,16,1,100,94,0.983711,0.983769
Model6,3pop,16,101,200,92,0.980471,0.977683
Model6,3pop,16,201,300,82,0.979326,0.967663
Model6,3pop,16,301,400,86,0.977669,0.95597
Model6,3pop,16,401,500,89,0.975947,0.951742
Model6,3pop,16,501,600,89,0.979121,0.967156
Model6,3pop,16,601,700,94,0.984554,0.985345
Model6,3pop,16,701,800,87,0.979581,0.970491
Model6,3pop,16,801,900,88,0.98643,0.970852
Model6,3pop,16,901,1000,92,0.981073,0.980058
Model6,3pop,10,1,100,87,0.98238,0.971049
Model6,3pop,10,101,200,90,0.983007,0.967792
Model6,3pop,10,201,300,87,0.985007,0.974837
Model6,3pop,10,301,400,90,0.982941,0.982327
Model6,3pop,10,401,500,87,0.983975,0.983422
Model6,3pop,10,501,600,89,0.983982,0.984273
Model6,3pop,10,601,700,92,0.978174,0.946453
Model6,3pop,10,701,800,88,0.983674,0.973948
Model6,3pop,10,801,900,86,0.987438,0.98627
Model6,3pop,10,901,1000,89,0.983588,0.976533
Model6,3pop,15,1,100,86,0.985276,0.975149
Model6,3pop,15,101,200,94,0.991849,0.982185
Model6,3pop,15,201,300,92,0.986149,0.985868
Model6,3pop,15,301,400,90,0.980801,0.958238
Model6,3pop,15,401,500,88,0.984298,0.983348
Model6,3pop,15,501,600,90,0.986738,0.980821
Model6,3pop,15,601,700,84,0.98965,0.990128
Model6,3pop,15,701,800,91,0.981525,0.972206
Model6,3pop,15,801,900,89,0.978647,0.974189
Model6,3pop,15,901,1000,91,0.981905,0.982848
Model6,3pop,7,1,100,87,0.979646,0.968758
Model6,3pop,7,101,200,90,0.984123,0.96842
Model6,3pop,7,201,300,91,0.991035,0.980619
Model6,3pop,7,301,400,87,0.990844,0.981838
Model6,3pop,7,401,500,93,0.990353,0.9717
Model6,3pop,7,501,600,96,0.989958,0.973392
Model6,3pop,7,601,700,89,0.986387,0.968813
Model6,3pop,7,701,800,88,0.987786,0.978103
Model6,3pop,7,801,900,90,0.994704,0.994324
Model6,3pop,7,901,1000,87,0.98419,0.97699
Model6,3pop,2,1,100,89,0.988481,0.987018
Model6,3pop,2,101,200,95,0.990612,0.988546
Model6,3pop,2,201,300,88,0.988924,0.97573
Model6,3pop,2,301,400,89,0.994763,0.99441
Model6,3pop,2,401,500,81,0.994416,0.992118
Model6,3pop,2,501,600,89,0.986053,0.986238
Model6,3pop,2,601,700,91,0.98565,0.985187
Model6,3pop,2,701,800,91,0.983592,0.979833
Model6,3pop,2,801,900,88,0.9795,0.95695
Model6,3pop,2,901,1000,88,0.986408,0.973306
Model6,3pop,16,1,100,86,0.985145,0.984848
Model6,3pop,16,101,200,87,0.992137,0.982144
Model6,3pop,16,201,300,85,0.983127,0.957349
Model6,3pop,16,301,400,92,0.981404,0.955512
Model6,3pop,16,401,500,88,0.975559,0.972817
Model6,3pop,16,501,600,88,0.989639,0.97937
Model6,3pop,16,601,700,86,0.989225,0.987381
Model6,3pop,16,701,800,89,0.986509,0.987665
Model6,3pop,16,801,900,90,0.988584,0.972086
Model6,3pop,16,901,1000,88,0.993425,0.985515
Model6,3pop,11,1,100,95,0.983873,0.983874
Model6,3pop,11,101,200,98,0.986885,0.976928
Model6,3pop,11,201,300,93,0.986548,0.967664
Model6,3pop,11,301,400,88,0.982889,0.972795
Model6,3pop,11,401,500,89,0.987907,0.970901
Model6,3pop,11,501,600,84,0.992272,0.992079
Model6,3pop,11,601,700,91,0.978623,0.967063
Model6,3pop,11,701,800,94,0.989757,0.980033
Model6,3pop,11,801,900,85,0.985129,0.965928
Model6,3pop,11,901,1000,89,0.993367,0.986695
Model6,3pop,7,1,100,94,0.989592,0.980323
Model6,3pop,7,101,200,84,0.986634,0.980678
Model6,3pop,7,201,300,88,0.987154,0.980427
Model6,3pop,7,301,400,94,0.984064,0.975387
Model6,3pop,7,401,500,91,0.975362,0.965935
Model6,3pop,7,501,600,87,0.970125,0.965711
Model6,3pop,7,601,700,89,0.978479,0.976638
Model6,3pop,7,701,800,92,0.987569,0.987385
Model6,3pop,7,801,900,89,0.973847,0.962944
Model6,3pop,7,901,1000,92,0.989018,0.980402
Model6,3pop,19,1,100,88,0.986766,0.985604
Model6,3pop,19,101,200,88,0.989448,0.988869
Model6,3pop,19,201,300,90,0.982476,0.983076
Model6,3pop,19,301,400,92,0.98803,0.979186
Model6,3pop,19,401,500,94,0.978982,0.965852
Model6,3pop,19,501,600,92,0.986837,0.987471
Model6,3pop,19,601,700,94,0.983817,0.984106
Model6,3pop,19,701,800,90,0.980576,0.980967
Model6,3pop,19,801,900,89,0.987181,0.980651
Model6,3pop,19,901,1000,94,0.98695,0.968712
Model6,3pop,7,1,100,91,0.989278,0.988238
Model6,3pop,7,101,200,88,0.985379,0.968251
Model6,3pop,7,201,300,90,0.984942,0.969712
Model6,3pop,7,301,400,90,0.996164,0.975459
Model6,3pop,7,401,500,86,0.986952,0.978151
Model6,3pop,7,501,600,82,0.994739,0.994831
Model6,3pop,7,601,700,91,0.984963,0.970336
Model6,3pop,7,701,800,89,0.991401,0.991045
Model6,3pop,7,801,900,89,0.987822,0.987871
Model6,3pop,7,901,1000,86,0.986553,0.979785
Model6,3pop,9,1,100,94,0.984398,0.965777
Model6,3pop,9,101,200,91,0.991268,0.981738
Model6,3pop,9,201,300,94,0.98908,0.98964
Model6,3pop,9,301,400,90,0.993605,0.993938
Model6,3pop,9,401,500,89,0.994292,0.99457
Model6,3pop,9,501,600,92,0.992838,0.99259
Model6,3pop,9,601,700,88,0.986451,0.970493
Model6,3pop,9,701,800,89,0.986328,0.986833
Model6,3pop,9,801,900,85,0.983715,0.980326
Model6,3pop,9,901,1000,92,0.994591,0.99438
Model6,3pop,14,1,100,90,0.992225,0.982157
Model6,3pop,14,101,200,93,0.989594,0.969139
Model6,3pop,14,201,300,89,0.993312,0.990073
Model6,3pop,14,301,400,82,0.995547,0.971731
Model6,3pop,14,401,500,92,0.985379,0.983492
Model6,3pop,14,501,600,88,0.97647,0.953532
Model6,3pop,14,601,700,90,0.994481,0.992321
Model6,3pop,14,701,800,92,0.989945,0.964043
Model6,3pop,14,801,900,91,0.988405,0.989411
Model6,3pop,14,901,1000,89,0.9876,0.976611
Model6,3pop,1,1,100,91,0.994162,0.986685
Model6,3pop,1,101,200,86,0.995536,0.965389
Model6,3pop,1,201,300,90,0.988169,0.970108
Model6,3pop,1,301,400,85,0.992299,0.979392
Model6,3pop,1,401,500,90,0.988497,0.979412
Model6,3pop,1,501,600,90,0.997337,0.997669
Model6,3pop,1,601,700,88,0.991504,0.972262
Model6,3pop,1,701,800,91,0.989864,0.960026
Model6,3pop,1,801,900,94,0.986346,0.971517
Model6,3pop,1,901,1000,90,0.990775,0.985159
Model6,3pop,18,1,100,91,0.986507,0.983389
Model6,3pop,18,101,200,89,0.990122,0.988915
Model6,3pop,18,201,300,86,0.99451,0.973873
Model6,3pop,18,301,400,82,0.988397,0.988615
Model6,3pop,18,401,500,94,0.991348,0.990223
Model6,3pop,18,501,600,90,0.981331,0.963028
Model6,3pop,18,601,700,92,0.993601,0.993358
Model6,3pop,18,701,800,87,0.993081,0.992296
Model6,3pop,18,801,900,89,0.990249,0.99025
Model6,3pop,18,901,1000,91,0.990485,0.990605
Model6,3pop,15,1,100,88,0.985972,0.976983
Model6,3pop,15,101,200,91,0.986101,0.975265
Model6,3pop,15,201,300,86,0.992837,0.967476
Model6,3pop,15,301,400,83,0.986046,0.974209
Model6,3pop,15,401,500,85,0.987772,0.984713
Model6,3pop,15,501,600,91,0.98658,0.956174
Model6,3pop,15,601,700,89,0.984726,0.972485
Model6,3pop,15,701,800,91,0.976446,0.952921
Model6,3pop,15,801,900,85,0.985749,0.972097
Model6,3pop,15,901,1000,86,0.987813,0.976356
Model6,3pop,18,1,100,84,0.987139,0.971258
Model6,3pop,18,101,200,90,0.989428,0.989593
Model6,3pop,18,201,300,90,0.975854,0.948726
Model6,3pop,18,301,400,91,0.99071,0.980369
Model6,3pop,18,401,500,92,0.979753,0.980312
Model6,3pop,18,501,600,92,0.979238,0.963513
Model6,3pop,18,601,700,91,0.992098,0.981646
Model6,3pop,18,701,800,87,0.977786,0.937264
Model6,3pop,18,801,900,89,0.984015,0.981893
Model6,3pop,18,901,1000,89,0.98346,0.956674
Model6,3pop,10,1,100,87,0.990495,0.983598
Model6,3pop,10,101,200,93,0.983519,0.974107
Model6,3pop,10,201,300,90,0.993839,0.982678
Model6,3pop,10,301,400,90,0.988342,0.988055
Model6,3pop,10,401,500,87,0.991024,0.99126
Model6,3pop,10,501,600,95,0.989594,0.982993
Model6,3pop,10,601,700,94,0.990061,0.981237
Model6,3pop,10,701,800,85,0.992595,0.959787
Model6,3pop,10,801,900,87,0.992329,0.988685
Model6,3pop,10,901,1000,91,0.991246,0.990534
Model6,3pop,3,1,100,95,0.97896,0.972993
Model6,3pop,3,101,200,94,0.990861,0.97124
Model6,3pop,3,201,300,90,0.993287,0.980971
Model6,3pop,3,301,400,92,0.983318,0.978369
Model6,3pop,3,401,500,91,0.975125,0.944674
Model6,3pop,3,501,600,92,0.990833,0.989287
Model6,3pop,3,601,700,85,0.981596,0.968792
Model6,3pop,3,701,800,87,0.985464,0.967196
Model6,3pop,3,801,900,91,0.98912,0.978637
Model6,3pop,3,901,1000,86,0.98745,0.965729
Model6,3pop,12,1,100,90,0.990577,0.983231
Model6,3pop,12,101,200,89,0.988105,0.978413
Model6,3pop,12,201,300,92,0.990048,0.9907
Model6,3pop,12,301,400,87,0.988256,0.985626
Model6,3pop,12,401,500,88,0.997251,0.987812
Model6,3pop,12,501,600,89,0.985613,0.98579
Model6,3pop,12,601,700,87,0.987448,0.977313
Model6,3pop,12,701,800,86,0.981859,0.981992
Model6,3pop,12,801,900,87,0.992326,0.99168
Model6,3pop,12,901,1000,86,0.988601,0.978496
Model6,3pop,4,1,100,92,0.977267,0.976429
Model6,3pop,4,101,200,86,0.977323,0.969778
Model6,3pop,4,201,300,99,0.99194,0.991559
Model6,3pop,4,301,400,90,0.990274,0.990217
Model6,3pop,4,401,500,85,0.97732,0.967928
Model6,3pop,4,501,600,84,0.982178,0.982499
Model6,3pop,4,601,700,91,0.989804,0.988079
Model6,3pop,4,701,800,92,0.982719,0.969504
Model6,3pop,4,801,900,89,0.984723,0.985948
Model6,3pop,4,901,1000,89,0.967501,0.915075
Model6,3pop,9,1,100,87,0.982626,0.982659
Model6,3pop,9,101,200,85,0.987382,0.98029
Model6,3pop,9,201,300,90,0.989191,0.980807
Model6,3pop,9,301,400,87,0.989546,0.979237
Model6,3pop,9,401,500,87,0.982177,0.981376
Model6,3pop,9,501,600,92,0.988633,0.977905
Model6,3pop,9,601,700,87,0.994568,0.983575
Model6,3pop,9,701,800,92,0.996665,0.996355
Model6,3pop,9,801,900,90,0.990573,0.990855
Model6,3pop,9,901,1000,89,0.981801,0.968928
Model6,3pop,3,1,100,90,0.988238,0.977073
Model6,3pop,3,101,200,91,0.987264,0.975383
Model6,3pop,3,201,300,90,0.995754,0.983345
Model6,3pop,3,301,400,92,0.987132,0.972115
Model6,3pop,3,401,500,89,0.987418,0.955376
Model6,3pop,3,501,600,90,0.988744,0.980096
Model6,3pop,3,601,700,87,0.985598,0.96455
Model6,3pop,3,701,800,87,0.991763,0.964753
Model6,3pop,3,801,900,94,0.989023,0.962636
Model6,3pop,3,901,1000,83,0.986632,0.975251
Model6,3pop,8,1,100,90,0.973411,0.973115
Model6,3pop,8,101,200,90,0.97921,0.979641
Model6,3pop,8,201,300,93,0.987666,0.980662
Model6,3pop,8,301,400,89,0.976688,0.976252
Model6,3pop,8,401,500,87,0.98674,0.986158
Model6,3pop,8,501,600,88,0.979812,0.968856
Model6,3pop,8,601,700,95,0.981025,0.973091
Model6,3pop,8,701,800,91,0.982364,0.965991
Model6,3pop,8,801,900,88,0.975277,0.971768
Model6,3pop,8,901,1000,91,0.976981,0.972369
Model6,3pop,0,1,100,86,0.994001,0.990686
Model6,3pop,0,101,200,94,0.981697,0.965825
Model6,3pop,0,201,300,91,0.982691,0.967966
Model6,3pop,0,301,400,87,0.970549,0.944154
Model6,3pop,0,401,500,92,0.990032,0.988492
Model6,3pop,0,501,600,88,0.980957,0.97748
Model6,3pop,0,601,700,93,0.981206,0.970298
Model6,3pop,0,701,800,86,0.990303,0.989729
Model6,3pop,0,801,900,89,0.988849,0.979443
Model6,3pop,0,901,1000,84,0.984693,0.974095
Model6,3pop,8,1,100,90,0.982582,0.981828
Model6,3pop,8,101,200,91,0.98247,0.980745
Model6,3pop,8,201,300,89,0.987602,0.957642
Model6,3pop,8,301,400,91,0.989575,0.989708
Model6,3pop,8,401,500,91,0.980547,0.962432
Model6,3pop,8,501,600,86,0.97646,0.968245
Model6,3pop,8,601,700,91,0.98752,0.971927
Model6,3pop,8,701,800,85,0.977595,0.94705
Model6,3pop,8,801,900,87,0.980557,0.967901
Model6,3pop,8,901,1000,90,0.981505,0.966339
Model6,3pop,17,1,100,96,0.990258,0.976109
Model6,3pop,17,101,200,85,0.984646,0.977076
Model6,3pop,17,201,300,94,0.992452,0.992249
Model6,3pop,17,301,400,90,0.991987,0.981223
Model6,3pop,17,401,500,91,0.987137,0.985292
Model6,3pop,17,501,600,88,0.985235,0.985547
Model6,3pop,17,601,700,92,0.981923,0.981406
Model6,3pop,17,701,800,88,0.994687,0.994411
Model6,3pop,17,801,900,88,0.991472,0.981752
Model6,3pop,17,901,1000,92,0.988684,0.977431
Model6,3pop,14,1,100,87,0.970538,0.944355
Model6,3pop,14,101,200,90,0.98194,0.976153
Model6,3pop,14,201,300,92,0.994156,0.992485
Model6,3pop,14,301,400,88,0.986503,0.965371
Model6,3pop,14,401,500,87,0.971814,0.970161
Model6,3pop,14,501,600,86,0.981448,0.977993
Model6,3pop,14,601,700,82,0.983345,0.977541
Model6,3pop,14,701,800,88,0.977425,0.965889
Model6,3pop,14,801,900,90,0.989686,0.98735
Model6,3pop,14,901,1000,89,0.977125,0.974512
Model6,3pop,15,1,100,90,0.985372,0.986427
Model6,3pop,15,101,200,91,0.982107,0.97253
Model6,3pop,15,201,300,88,0.980837,0.972026
Model6,3pop,15,301,400,87,0.977861,0.96331
Model6,3pop,15,401,500,91,0.995773,0.985718
Model6,3pop,15,501,600,91,0.981151,0.966049
Model6,3pop,15,601,700,93,0.991673,0.984172
Model6,3pop,15,701,800,96,0.995766,0.995267
Model6,3pop,15,801,900,90,0.987434,0.976033
Model6,3pop,15,901,1000,92,0.983467,0.958396
Model6,3pop,0,1,100,97,0.981918,0.980874
Model6,3pop,0,101,200,90,0.977513,0.976735
Model6,3pop,0,201,300,87,0.965739,0.961355
Model6,3pop,0,301,400,90,0.978341,0.963402
Model6,3pop,0,401,500,91,0.973927,0.970392
Model6,3pop,0,501,600,93,0.982918,0.973754
Model6,3pop,0,601,700,91,0.980339,0.951199
Model6,3pop,0,701,800,89,0.982397,0.980314
Model6,3pop,0,801,900,88,0.982736,0.980055
Model6,3pop,0,901,1000,91,0.971251,0.951363
Model6,3pop,12,1,100,88,0.987954,0.972265
Model6,3pop,12,101,200,93,0.988352,0.971181
Model6,3pop,12,201,300,88,0.989916,0.979901
Model6,3pop,12,301,400,90,0.989151,0.987911
Model6,3pop,12,401,500,90,0.995714,0.98583
Model6,3pop,12,501,600,89,0.99642,0.985928
Model6,3pop,12,601,700,92,0.995061,0.988553
Model6,3pop,12,701,800,88,0.993461,0.992925
Model6,3pop,12,801,900,88,0.990238,0.97437
Model6,3pop,12,901,1000,88,0.995156,0.994487
Model6,3pop,7,1,100,92,0.966615,0.956733
Model6,3pop,7,101,200,92,0.974914,0.948191
Model6,3pop,7,201,300,94,0.985528,0.962983
Model6,3pop,7,301,400,91,0.980499,0.977891
Model6,3pop,7,401,500,88,0.977709,0.959082
Model6,3pop,7,501,600,92,0.971107,0.957575
Model6,3pop,7,601,700,96,0.974168,0.965042
Model6,3pop,7,701,800,85,0.989407,0.989288
Model6,3pop,7,801,900,89,0.98216,0.967165
Model6,3pop,7,901,1000,91,0.978035,0.961276
Model6,3pop,15,1,100,89,0.986757,0.959023
Model6,3pop,15,101,200,93,0.981138,0.979981
Model6,3pop,15,201,300,92,0.981892,0.97412
Model6,3pop,15,301,400,95,0.991992,0.981108
Model6,3pop,15,401,500,94,0.984496,0.984643
Model6,3pop,15,501,600,86,0.985937,0.967893
Model6,3pop,15,601,700,81,0.984766,0.972166
Model6,3pop,15,701,800,93,0.991794,0.982261
Model6,3pop,15,801,900,91,0.982395,0.957156
Model6,3pop,15,901,1000,91,0.987268,0.979696
Model6,3pop,18,1,100,90,0.989117,0.988542
Model6,3pop,18,101,200,91,0.983867,0.975141
Model6,3pop,18,201,300,91,0.992921,0.991886
Model6,3pop,18,301,400,92,0.988979,0.988896
Model6,3pop,18,401,500,90,0.987807,0.969279
Model6,3pop,18,501,600,90,0.988756,0.989495
Model6,3pop,18,601,700,88,0.993645,0.99329
Model6,3pop,18,701,800,90,0.982153,0.96193
Model6,3pop,18,801,900,93,0.98701,0.9862
Model6,3pop,18,901,1000,88,0.988285,0.986769
Model6,3pop,1,1,100,91,0.983281,0.973367
Model6,3pop,1,101,200,85,0.979696,0.977304
Model6,3pop,1,201,300,86,0.979124,0.96782
Model6,3pop,1,301,400,91,0.988333,0.970907
Model6,3pop,1,401,500,90,0.977201,0.977319
Model6,3pop,1,501,600,90,0.973044,0.969825
Model6,3pop,1,601,700,88,0.985032,0.984573
Model6,3pop,1,701,800,87,0.993094,0.993244
Model6,3pop,1,801,900,90,0.987995,0.985997
Model6,3pop,1,901,1000,90,0.988656,0.987119
Model6,3pop,14,1,100,90,0.988559,0.970524
Model6,3pop,14,101,200,91,0.985661,0.97063
Model6,3pop,14,201,300,86,0.982595,0.972837
Model6,3pop,14,301,400,89,0.972401,0.939232
Model6,3pop,14,401,500,95,0.97767,0.957715
Model6,3pop,14,501,600,96,0.98232,0.983852
Model6,3pop,14,601,700,90,0.982445,0.973477
Model6,3pop,14,701,800,88,0.987083,0.975978
Model6,3pop,14,801,900,89,0.982167,0.967924
Model6,3pop,14,901,1000,88,0.98258,0.950049
Model6,3pop,7,1,100,90,0.99075,0.980643
Model6,3pop,7,101,200,85,0.993779,0.993757
Model6,3pop,7,201,300,92,0.99185,0.980713
Model6,3pop,7,301,400,90,0.992534,0.983014
Model6,3pop,7,401,500,92,0.988121,0.987847
Model6,3pop,7,501,600,94,0.992119,0.983963
Model6,3pop,7,601,700,87,0.992686,0.992181
Model6,3pop,7,701,800,94,0.994547,0.99404
Model6,3pop,7,801,900,91,0.989138,0.989476
Model6,3pop,7,901,1000,82,0.993302,0.98281
Model6,3pop,5,1,100,94,0.977142,0.964687
Model6,3pop,5,101,200,86,0.990206,0.972581
Model6,3pop,5,201,300,91,0.977898,0.978308
Model6,3pop,5,301,400,90,0.973837,0.964421
Model6,3pop,5,401,500,87,0.986696,0.986444
Model6,3pop,5,501,600,91,0.979873,0.9694
Model6,3pop,5,601,700,86,0.956388,0.946058
Model6,3pop,5,701,800,94,0.957329,0.946214
Model6,3pop,5,801,900,88,0.97707,0.96312
Model6,3pop,5,901,1000,91,0.972606,0.973281
Model6,3pop,10,1,100,89,0.983275,0.965087
Model6,3pop,10,101,200,91,0.986267,0.983773
Model6,3pop,10,201,300,89,0.994438,0.979854
Model6,3pop,10,301,400,92,0.989785,0.988449
Model6,3pop,10,401,500,94,0.992124,0.992194
Model6,3pop,10,501,600,83,0.988114,0.984771
Model6,3pop,10,601,700,92,0.988261,0.986218
Model6,3pop,10,701,800,89,0.990695,0.991234
Model6,3pop,10,801,900,96,0.985334,0.967133
Model6,3pop,10,901,1000,92,0.993105,0.992563
Model6,3pop,8,1,100,86,0.982936,0.973856
Model6,3pop,8,101,200,89,0.984544,0.971114
Model6,3pop,8,201,300,92,0.983236,0.961031
Model6,3pop,8,301,400,88,0.976475,0.961992
Model6,3pop,8,401,500,96,0.992195,0.97849
Model6,3pop,8,501,600,96,0.981624,0.974245
Model6,3pop,8,601,700,87,0.987981,0.988372
Model6,3pop,8,701,800,88,0.979784,0.980142
Model6,3pop,8,801,900,90,0.982472,0.97267
Model6,3pop,8,901,1000,88,0.978262,0.976997
Model6,3pop,0,1,100,63,0.997581,0.982498
Model6,3pop,11,1,100,91,0.986219,0.969011
Model6,3pop,11,101,200,91,0.994856,0.983767
Model6,3pop,11,201,300,90,0.986838,0.973011
Model6,3pop,11,301,400,86,0.992244,0.98594
Model6,3pop,11,401,500,91,0.993671,0.98313
Model6,3pop,11,501,600,87,0.991861,0.980626
Model6,3pop,11,601,700,92,0.988629,0.967254
Model6,3pop,11,701,800,90,0.997736,0.988198
Model6,3pop,11,801,900,87,0.989559,0.976523
Model6,3pop,11,901,1000,84,0.991006,0.989979
Model6,3pop,5,1,100,92,0.986405,0.961467
Model6,3pop,5,101,200,96,0.988638,0.969911
Model6,3pop,5,201,300,90,0.988797,0.989628
Model6,3pop,5,301,400,86,0.977275,0.953732
Model6,3pop,5,401,500,93,0.985594,0.980641
Model6,3pop,5,501,600,87,0.992799,0.990283
Model6,3pop,5,601,700,93,0.982326,0.974796
Model6,3pop,5,701,800,87,0.978932,0.954594
Model6,3pop,5,801,900,88,0.980754,0.962186
Model6,3pop,5,901,1000,93,0.976011,0.961434
Model6,3pop,3,1,100,90,0.988015,0.962124
Model6,3pop,3,101,200,92,0.990627,0.991464
Model6,3pop,3,201,300,89,0.98144,0.970039
Model6,3pop,3,301,400,88,0.979821,0.96386
Model6,3pop,3,401,500,93,0.991495,0.992165
Model6,3pop,3,501,600,89,0.984986,0.974167
Model6,3pop,3,601,700,89,0.993618,0.993415
Model6,3pop,3,701,800,91,0.978378,0.973759
Model6,3pop,3,801,900,90,0.994731,0.988285
Model6,3pop,3,901,1000,89,0.973134,0.959531
Model6,3pop,11,1,100,88,0.985596,0.97618
Model6,3pop,11,101,200,87,0.989703,0.990275
Model6,3pop,11,201,300,93,0.989889,0.978158
Model6,3pop,11,301,400,92,0.989651,0.9886
Model6,3pop,11,401,500,85,0.989086,0.987296
Model6,3pop,11,501,600,95,0.983284,0.976558
Model6,3pop,11,601,700,94,0.993263,0.983346
Model6,3pop,11,701,800,93,0.9853,0.967083
Model6,3pop,11,801,900,92,0.987372,0.983135
Model6,3pop,11,901,1000,90,0.985548,0.965312
Model6,3pop,1,1,100,95,0.977228,0.962674
Model6,3pop,1,101,200,89,0.982521,0.960662
Model6,3pop,1,201,300,89,0.972453,0.961677
Model6,3pop,1,301,400,89,0.987535,0.987637
Model6,3pop,1,401,500,91,0.97524,0.957029
Model6,3pop,1,501,600,88,0.987875,0.977263
Model6,3pop,1,601,700,83,0.990118,0.967085
Model6,3pop,1,701,800,88,0.983578,0.936817
Model6,3pop,1,801,900,93,0.982023,0.971819
Model6,3pop,1,901,1000,94,0.981327,0.949565
Model6,3pop,13,1,100,91,0.987495,0.981193
Model6,3pop,13,101,200,93,0.988274,0.980933
Model6,3pop,13,201,300,83,0.990591,0.981356
Model6,3pop,13,301,400,91,0.993338,0.982623
Model6,3pop,13,401,500,84,0.994902,0.995333
Model6,3pop,13,501,600,87,0.990678,0.974585
Model6,3pop,13,601,700,87,0.990841,0.973671
Model6,3pop,13,701,800,90,0.991303,0.969861
Model6,3pop,13,801,900,92,0.990343,0.983677
Model6,3pop,13,901,1000,87,0.992221,0.981187
Model6,3pop,18,1,100,90,0.983607,0.974908
Model6,3pop,18,101,200,86,0.978089,0.965435
Model6,3pop,18,201,300,86,0.983469,0.968351
Model6,3pop,18,301,400,90,0.987548,0.987515
Model6,3pop,18,401,500,88,0.986768,0.986123
Model6,3pop,18,501,600,87,0.982898,0.975576
Model6,3pop,18,601,700,85,0.983793,0.963363
Model6,3pop,18,701,800,90,0.984783,0.958159
Model6,3pop,18,801,900,94,0.990211,0.980981
Model6,3pop,18,901,1000,82,0.987695,0.97873
Model6,3pop,2,1,100,89,0.988053,0.986396
Model6,3pop,2,101,200,86,0.98873,0.964883
Model6,3pop,2,201,300,91,0.9884,0.941672
Model6,3pop,2,301,400,93,0.99168,0.991516
Model6,3pop,2,401,500,89,0.992081,0.992307
Model6,3pop,2,501,600,87,0.994654,0.995326
Model6,3pop,2,601,700,93,0.992774,0.974899
Model6,3pop,2,701,800,91,0.995304,0.99503
Model6,3pop,2,801,900,87,0.993188,0.97285
Model6,3pop,2,901,1000,92,0.986931,0.980941
Model6,3pop,5,1,100,84,0.989922,0.989705
Model6,3pop,5,101,200,92,0.992102,0.969276
Model6,3pop,5,201,300,87,0.999043,0.999234
Model6,3pop,5,301,400,90,0.992552,0.991723
Model6,3pop,5,401,500,91,0.993957,0.976553
Model6,3pop,5,501,600,88,0.986291,0.978129
Model6,3pop,5,601,700,82,0.991409,0.974227
Model6,3pop,5,701,800,91,0.993156,0.973625
Model6,3pop,5,801,900,93,0.994061,0.976291
Model6,3pop,5,901,1000,88,0.993413,0.983799
Model6,3pop,18,1,100,92,0.991658,0.990803
Model6,3pop,18,101,200,93,0.986548,0.96855
Model6,3pop,18,201,300,94,0.990893,0.985853
Model6,3pop,18,301,400,91,0.983773,0.972597
Model6,3pop,18,401,500,93,0.984779,0.984807
Model6,3pop,18,501,600,91,0.982361,0.962727
Model6,3pop,18,601,700,84,0.989187,0.983873
Model6,3pop,18,701,800,93,0.993688,0.99377
Model6,3pop,18,801,900,92,0.992517,0.983257
Model6,3pop,18,901,1000,94,0.990233,0.982647
Model6,3pop,6,1,100,87,0.986582,0.979469
Model6,3pop,6,101,200,89,0.978767,0.962261
Model6,3pop,6,201,300,91,0.976327,0.96251
Model6,3pop,6,301,400,89,0.958539,0.944925
Model6,3pop,6,401,500,89,0.972407,0.953231
Model6,3pop,6,501,600,85,0.958642,0.949198
Model6,3pop,6,601,700,90,0.981426,0.981611
Model6,3pop,6,701,800,91,0.963229,0.94682
Model6,3pop,6,801,900,94,0.961425,0.951392
Model6,3pop,6,901,1000,94,0.98076,0.97083
Model6,3pop,5,1,100,91,0.987875,0.987491
Model6,3pop,5,101,200,96,0.989031,0.989596
Model6,3pop,5,201,300,85,0.978738,0.9685
Model6,3pop,5,301,400,90,0.992894,0.992892
Model6,3pop,5,401,500,93,0.986607,0.979411
Model6,3pop,5,501,600,89,0.98274,0.978272
Model6,3pop,5,601,700,92,0.992652,0.984531
Model6,3pop,5,701,800,95,0.982765,0.982061
Model6,3pop,5,801,900,86,0.979226,0.957692
Model6,3pop,5,901,1000,89,0.989866,0.97771
Model6,3pop,19,1,100,83,0.989616,0.988995
Model6,3pop,19,101,200,96,0.989559,0.981892
Model6,3pop,19,201,300,90,0.992821,0.984968
Model6,3pop,19,301,400,93,0.989416,0.97853
Model6,3pop,19,401,500,88,0.996782,0.986093
Model6,3pop,19,501,600,89,0.989078,0.989058
Model6,3pop,19,601,700,90,0.994534,0.986228
Model6,3pop,19,701,800,90,0.988025,0.9719
Model6,3pop,19,801,900,95,0.988204,0.98076
Model6,3pop,19,901,1000,94,0.989992,0.987153
Model6,3pop,13,1,100,92,0.989362,0.98701
Model6,3pop,13,101,200,93,0.980993,0.97934
Model6,3pop,13,201,300,91,0.993437,0.98748
Model6,3pop,13,301,400,92,0.979264,0.980244
Model6,3pop,13,401,500,94,0.97439,0.961828
Model6,3pop,13,501,600,94,0.98477,0.97473
Model6,3pop,13,601,700,92,0.992487,0.986282
Model6,3pop,13,701,800,90,0.983159,0.94774
Model6,3pop,13,801,900,90,0.978852,0.971554
Model6,3pop,13,901,1000,89,0.985057,0.978705
Model6,3pop,9,1,100,92,0.985723,0.984716
Model6,3pop,9,101,200,89,0.992849,0.992587
Model6,3pop,9,201,300,88,0.990213,0.989681
Model6,3pop,9,301,400,93,0.99261,0.982517
Model6,3pop,9,401,500,87,0.989856,0.970333
Model6,3pop,9,501,600,84,0.989749,0.980712
Model6,3pop,9,601,700,88,0.985995,0.986848
Model6,3pop,9,701,800,92,0.983997,0.963869
Model6,3pop,9,801,900,94,0.981537,0.972719
Model6,3pop,9,901,1000,90,0.992649,0.978861
Model6,3pop,1,1,100,85,0.991458,0.979864
Model6,3pop,1,101,200,96,0.992448,0.984311
Model6,3pop,1,201,300,89,0.980833,0.97832
Model6,3pop,1,301,400,85,0.987426,0.984597
Model6,3pop,1,401,500,89,0.983191,0.971137
Model6,3pop,1,501,600,85,0.994673,0.993864
Model6,3pop,1,601,700,89,0.992324,0.981569
Model6,3pop,1,701,800,92,0.990453,0.964994
Model6,3pop,1,801,900,91,0.98245,0.979198
Model6,3pop,1,901,1000,89,0.990212,0.959766
Model6,3pop,4,1,100,95,0.986045,0.974246
Model6,3pop,4,101,200,89,0.978104,0.96805
Model6,3pop,4,201,300,97,0.987782,0.986476
Model6,3pop,4,301,400,86,0.973449,0.972525
Model6,3pop,4,401,500,88,0.988821,0.989148
Model6,3pop,4,501,600,88,0.991871,0.993284
Model6,3pop,4,601,700,88,0.991427,0.973488
Model6,3pop,4,701,800,89,0.977412,0.961632
Model6,3pop,4,801,900,81,0.982876,0.971167
Model6,3pop,4,901,1000,88,0.987854,0.960351
Model6,3pop,6,1,100,91,0.979957,0.958609
Model6,3pop,6,101,200,90,0.985206,0.970664
Model6,3pop,6,201,300,86,0.979975,0.968007
Model6,3pop,6,301,400,87,0.976344,0.966836
Model6,3pop,6,401,500,91,0.983314,0.961261
Model6,3pop,6,501,600,86,0.980187,0.974411
Model6,3pop,6,601,700,91,0.970934,0.938679
Model6,3pop,6,701,800,93,0.979256,0.97846
Model6,3pop,6,801,900,93,0.963776,0.946746
Model6,3pop,6,901,1000,87,0.977751,0.977524
Model6,3pop,15,1,100,90,0.984154,0.97644
Model6,3pop,15,101,200,86,0.991924,0.992196
Model6,3pop,15,201,300,92,0.987836,0.970582
Model6,3pop,15,301,400,91,0.994557,0.981628
Model6,3pop,15,401,500,92,0.984753,0.98405
Model6,3pop,15,501,600,87,0.990954,0.97979
Model6,3pop,15,601,700,92,0.988114,0.97074
Model6,3pop,15,701,800,90,0.993532,0.982994
Model6,3pop,15,801,900,93,0.993784,0.972785
Model6,3pop,15,901,1000,87,0.989904,0.989651
Model6,3pop,8,1,100,92,0.987228,0.982329
Model6,3pop,8,101,200,90,0.985361,0.984996
Model6,3pop,8,201,300,90,0.989024,0.988665
Model6,3pop,8,301,400,86,0.982893,0.978687
Model6,3pop,8,401,500,86,0.990176,0.990713
Model6,3pop,8,501,600,88,0.987152,0.985367
Model6,3pop,8,601,700,92,0.981454,0.961102
Model6,3pop,8,701,800,88,0.988889,0.963429
Model6,3pop,8,801,900,84,0.984534,0.974935
Model6,3pop,8,901,1000,86,0.980712,0.980325
Model6,3pop,16,1,100,94,0.985557,0.973766
Model6,3pop,16,101,200,92,0.994052,0.990669
Model6,3pop,16,201,300,83,0.991835,0.979455
Model6,3pop,16,301,400,91,0.990842,0.990553
Model6,3pop,16,401,500,93,0.989221,0.964669
Model6,3pop,16,501,600,90,0.986874,0.978018
Model6,3pop,16,601,700,86,0.9928,0.992791
Model6,3pop,16,701,800,90,0.984597,0.975076
Model6,3pop,16,801,900,90,0.989612,0.979183
Model6,3pop,16,901,1000,87,0.987654,0.986893
Model6,3pop,4,1,100,90,0.99527,0.995217
Model6,3pop,4,101,200,95,0.991175,0.99067
Model6,3pop,4,201,300,89,0.992945,0.982362
Model6,3pop,4,301,400,91,0.988181,0.980557
Model6,3pop,4,401,500,91,0.995152,0.986848
Model6,3pop,4,501,600,89,0.992574,0.981794
Model6,3pop,4,601,700,92,0.989906,0.98655
Model6,3pop,4,701,800,86,0.985807,0.97562
Model6,3pop,4,801,900,86,0.994255,0.990752
Model6,3pop,4,901,1000,86,0.996588,0.987568
Model6,3pop,0,1,100,75,0.975979,0.948603
Model6,3pop,9,1,100,87,0.994142,0.983638
Model6,3pop,9,101,200,87,0.991885,0.989455
Model6,3pop,9,201,300,94,0.99078,0.99149
Model6,3pop,9,301,400,89,0.990448,0.98792
Model6,3pop,9,401,500,89,0.992132,0.990542
Model6,3pop,9,501,600,92,0.991065,0.983197
Model6,3pop,9,601,700,93,0.983153,0.950995
Model6,3pop,9,701,800,95,0.989961,0.989079
Model6,3pop,9,801,900,89,0.991403,0.980397
Model6,3pop,9,901,1000,92,0.986622,0.98605
Model6,3pop,15,1,100,92,0.980665,0.95991
Model6,3pop,15,101,200,93,0.97601,0.974942
Model6,3pop,15,201,300,85,0.9805,0.965397
Model6,3pop,15,301,400,93,0.972834,0.965099
Model6,3pop,15,401,500,91,0.983537,0.974306
Model6,3pop,15,501,600,91,0.991734,0.986265
Model6,3pop,15,601,700,89,0.973549,0.942598
Model6,3pop,15,701,800,96,0.98457,0.978493
Model6,3pop,15,801,900,87,0.978722,0.961124
Model6,3pop,15,901,1000,88,0.985617,0.987886
Model6,3pop,2,1,100,93,0.992613,0.982701
Model6,3pop,2,101,200,87,0.987758,0.965523
Model6,3pop,2,201,300,87,0.981386,0.980384
Model6,3pop,2,301,400,88,0.996516,0.987265
Model6,3pop,2,401,500,80,0.989921,0.99073
Model6,3pop,2,501,600,90,0.988956,0.973121
Model6,3pop,2,601,700,91,0.987929,0.967772
Model6,3pop,2,701,800,90,0.988405,0.968029
Model6,3pop,2,801,900,90,0.987493,0.9868
Model6,3pop,2,901,1000,87,0.987727,0.989025
Model6,3pop,0,1,100,87,0.988154,0.971519
Model6,3pop,0,101,200,93,0.994584,0.984021
Model6,3pop,0,201,300,90,0.991277,0.972685
Model6,3pop,0,301,400,88,0.991417,0.980637
Model6,3pop,0,401,500,91,0.994579,0.974455
Model6,3pop,0,501,600,94,0.986224,0.966962
Model6,3pop,0,601,700,89,0.998537,0.998516
Model6,3pop,0,701,800,87,0.996297,0.996301
Model6,3pop,0,801,900,92,0.983106,0.943516
Model6,3pop,0,901,1000,90,0.992411,0.970972
Model6,3pop,13,1,100,96,0.981955,0.971536
Model6,3pop,13,101,200,84,0.983985,0.980708
Model6,3pop,13,201,300,82,0.983328,0.980214
Model6,3pop,13,301,400,94,0.982766,0.971801
Model6,3pop,13,401,500,91,0.980497,0.980698
Model6,3pop,13,501,600,87,0.979404,0.968826
Model6,3pop,13,601,700,96,0.983337,0.982164
Model6,3pop,13,701,800,91,0.98921,0.974467
Model6,3pop,13,801,900,84,0.991309,0.990596
Model6,3pop,13,901,1000,93,0.989263,0.980984
Model6,3pop,1,1,100,92,0.992539,0.972806
Model6,3pop,1,101,200,94,0.975291,0.972597
Model6,3pop,1,201,300,90,0.987233,0.977185
Model6,3pop,1,301,400,87,0.98941,0.978286
Model6,3pop,1,401,500,90,0.97914,0.971523
Model6,3pop,1,501,600,92,0.985859,0.973969
Model6,3pop,1,601,700,90,0.988579,0.987844
Model6,3pop,1,701,800,90,0.987555,0.96769
Model6,3pop,1,801,900,92,0.973915,0.964874
Model6,3pop,1,901,1000,89,0.987082,0.984657
Model6,3pop,15,1,100,87,0.993756,0.993535
Model6,3pop,15,101,200,90,0.986516,0.977283
Model6,3pop,15,201,300,96,0.983544,0.965785
Model6,3pop,15,301,400,88,0.987346,0.986622
Model6,3pop,15,401,500,90,0.985988,0.967
Model6,3pop,15,501,600,88,0.983442,0.976612
Model6,3pop,15,601,700,82,0.977216,0.977745
Model6,3pop,15,701,800,91,0.981273,0.967162
Model6,3pop,15,801,900,90,0.9878,0.967105
Model6,3pop,15,901,1000,93,0.978364,0.978947
Model6,3pop,12,1,100,93,0.986055,0.986918
Model6,3pop,12,101,200,88,0.987251,0.986265
Model6,3pop,12,201,300,90,0.982744,0.980512
Model6,3pop,12,301,400,85,0.98359,0.967994
Model6,3pop,12,401,500,92,0.991547,0.991479
Model6,3pop,12,501,600,88,0.986394,0.976328
Model6,3pop,12,601,700,86,0.988157,0.981039
Model6,3pop,12,701,800,88,0.988139,0.989039
Model6,3pop,12,801,900,92,0.993439,0.982849
Model6,3pop,12,901,1000,89,0.979572,0.950355
Model6,3pop,5,1,100,89,0.981584,0.970391
Model6,3pop,5,101,200,89,0.988766,0.976687
Model6,3pop,5,201,300,90,0.974314,0.966668
Model6,3pop,5,301,400,92,0.99372,0.973427
Model6,3pop,5,401,500,92,0.994801,0.983537
Model6,3pop,5,501,600,89,0.98536,0.971723
Model6,3pop,5,601,700,90,0.987602,0.969228
Model6,3pop,5,701,800,85,0.988396,0.988343
Model6,3pop,5,801,900,90,0.986042,0.955681
Model6,3pop,5,901,1000,86,0.987996,0.9796
Model6,3pop,4,1,100,88,0.994389,0.994638
Model6,3pop,4,101,200,86,0.983016,0.947689
Model6,3pop,4,201,300,93,0.987944,0.968249
Model6,3pop,4,301,400,82,0.988033,0.989001
Model6,3pop,4,401,500,88,0.989997,0.977919
Model6,3pop,4,501,600,96,0.995937,0.986118
Model6,3pop,4,601,700,89,0.970967,0.972123
Model6,3pop,4,701,800,90,0.988003,0.987081
Model6,3pop,4,801,900,94,0.983854,0.972556
Model6,3pop,4,901,1000,90,0.991531,0.981157
Model6,3pop,0,1,100,93,0.985833,0.977757
Model6,3pop,0,101,200,88,0.99475,0.99245
Model6,3pop,0,201,300,93,0.973517,0.970351
Model6,3pop,0,301,400,81,0.987785,0.972142
Model6,3pop,0,401,500,92,0.977116,0.972468
Model6,3pop,0,501,600,89,0.992477,0.981343
Model6,3pop,0,601,700,87,0.986267,0.966078
Model6,3pop,0,701,800,93,0.985678,0.983677
Model6,3pop,0,801,900,89,0.981723,0.980596
Model6,3pop,0,901,1000,92,0.994333,0.994161
Model6,3pop,2,1,100,91,0.995127,0.984846
Model6,3pop,2,101,200,92,0.990706,0.972914
Model6,3pop,2,201,300,93,0.988425,0.987092
Model6,3pop,2,301,400,86,0.985991,0.98479
Model6,3pop,2,401,500,87,0.994509,0.989217
Model6,3pop,2,501,600,91,0.985878,0.975511
Model6,3pop,2,601,700,85,0.991948,0.992154
Model6,3pop,2,701,800,83,0.991473,0.990993
Model6,3pop,2,801,900,94,0.984078,0.976439
Model6,3pop,2,901,1000,90,0.990273,0.971037
Model6,3pop,19,1,100,88,0.984991,0.969154
Model6,3pop,19,101,200,90,0.992617,0.984025
Model6,3pop,19,201,300,86,0.994793,0.985283
Model6,3pop,19,301,400,92,0.994044,0.993336
Model6,3pop,19,401,500,90,0.990506,0.973344
Model6,3pop,19,501,600,85,0.989011,0.96647
Model6,3pop,19,601,700,87,0.989463,0.968882
Model6,3pop,19,701,800,93,0.992497,0.992377
Model6,3pop,19,801,900,91,0.987434,0.976794
Model6,3pop,19,901,1000,91,0.99139,0.980453
Model6,3pop,1,1,100,88,0.9922,0.99185
Model6,3pop,1,101,200,91,0.98757,0.977164
Model6,3pop,1,201,300,89,0.988115,0.960277
Model6,3pop,1,301,400,88,0.98876,0.980102
Model6,3pop,1,401,500,88,0.994897,0.995087
Model6,3pop,1,501,600,89,0.987399,0.989314
Model6,3pop,1,601,700,88,0.995193,0.979223
Model6,3pop,1,701,800,90,0.990219,0.973519
Model6,3pop,1,801,900,92,0.988506,0.979833
Model6,3pop,1,901,1000,84,0.98829,0.969994
Model6,3pop,0,1,100,88,0.98512,0.963867
Model6,3pop,0,101,200,94,0.987739,0.971227
Model6,3pop,0,201,300,90,0.9894,0.989052
Model6,3pop,0,301,400,88,0.995605,0.995399
Model6,3pop,0,401,500,86,0.98753,0.978939
Model6,3pop,0,501,600,87,0.987464,0.975291
Model6,3pop,0,601,700,88,0.978371,0.967309
Model6,3pop,0,701,800,90,0.98077,0.9682
Model6,3pop,0,801,900,92,0.987157,0.975984
Model6,3pop,0,901,1000,94,0.988228,0.978961
Model6,3pop,16,1,100,90,0.976319,0.974947
Model6,3pop,16,101,200,86,0.977386,0.956244
Model6,3pop,16,201,300,89,0.989796,0.977172
Model6,3pop,16,301,400,90,0.985004,0.978202
Model6,3pop,16,401,500,87,0.978783,0.969627
Model6,3pop,16,501,600,90,0.992175,0.981738
Model6,3pop,16,601,700,95,0.986735,0.984939
Model6,3pop,16,701,800,93,0.985668,0.97257
Model6,3pop,16,801,900,92,0.978972,0.9788
Model6,3pop,16,901,1000,91,0.973155,0.963665
Model6,3pop,0,1,100,70,0.985959,0.974862
Model6,3pop,11,1,100,89,0.974169,0.954549
Model6,3pop,11,101,200,88,0.964152,0.951382
Model6,3pop,11,201,300,91,0.976392,0.968787
Model6,3pop,11,301,400,93,0.965721,0.933397
Model6,3pop,11,401,500,89,0.987466,0.976851
Model6,3pop,11,501,600,90,0.979331,0.970397
Model6,3pop,11,601,700,90,0.976466,0.967484
Model6,3pop,11,701,800,85,0.975559,0.973645
Model6,3pop,11,801,900,91,0.985308,0.970069
Model6,3pop,11,901,1000,89,0.97601,0.973602
Model6,3pop,0,1,100,66,0.989757,0.9612
Model6,3pop,10,1,100,92,0.989168,0.988813
Model6,3pop,10,101,200,85,0.988215,0.955094
Model6,3pop,10,201,300,91,0.982586,0.960458
Model6,3pop,10,301,400,93,0.98942,0.98877
Model6,3pop,10,401,500,86,0.983168,0.956021
Model6,3pop,10,501,600,92,0.985713,0.961872
Model6,3pop,10,601,700,94,0.98852,0.988698
Model6,3pop,10,701,800,95,0.985261,0.965681
Model6,3pop,10,801,900,92,0.981605,0.971506
Model6,3pop,10,901,1000,89,0.984839,0.982307
Model6,3pop,6,1,100,95,0.985714,0.975359
Model6,3pop,6,101,200,96,0.98363,0.963862
Model6,3pop,6,201,300,83,0.991434,0.969115
Model6,3pop,6,301,400,89,0.991752,0.9812
Model6,3pop,6,401,500,95,0.983727,0.97302
Model6,3pop,6,501,600,87,0.990183,0.978839
Model6,3pop,6,601,700,89,0.986739,0.976461
Model6,3pop,6,701,800,90,0.99178,0.972656
Model6,3pop,6,801,900,87,0.984251,0.963638
Model6,3pop,6,901,1000,88,0.976708,0.976362
Model6,3pop,13,1,100,89,0.989367,0.98985
Model6,3pop,13,101,200,87,0.98609,0.969538
Model6,3pop,13,201,300,95,0.986389,0.977255
Model6,3pop,13,301,400,88,0.985498,0.982914
Model6,3pop,13,401,500,90,0.975932,0.961618
Model6,3pop,13,501,600,87,0.983931,0.971814
Model6,3pop,13,601,700,89,0.985809,0.973805
Model6,3pop,13,701,800,90,0.982342,0.979652
Model6,3pop,13,801,900,87,0.987088,0.987979
Model6,3pop,13,901,1000,93,0.98581,0.987209
Model6,3pop,1,1,100,92,0.976084,0.977998
Model6,3pop,1,101,200,88,0.980008,0.973149
Model6,3pop,1,201,300,83,0.986402,0.984359
Model6,3pop,1,301,400,90,0.977227,0.966436
Model6,3pop,1,401,500,89,0.974731,0.972164
Model6,3pop,1,501,600,91,0.985275,0.965939
Model6,3pop,1,601,700,90,0.979366,0.969286
Model6,3pop,1,701,800,91,0.978154,0.958675
Model6,3pop,1,801,900,94,0.981356,0.968704
Model6,3pop,1,901,1000,87,0.98706,0.967399
Model6,3pop,12,1,100,89,0.986513,0.984299
Model6,3pop,12,101,200,94,0.990735,0.990452
Model6,3pop,12,201,300,93,0.981079,0.969984
Model6,3pop,12,301,400,92,0.989998,0.98137
Model6,3pop,12,401,500,87,0.985995,0.974149
Model6,3pop,12,501,600,94,0.987468,0.986099
Model6,3pop,12,601,700,94,0.984424,0.983559
Model6,3pop,12,701,800,87,0.990928,0.973256
Model6,3pop,12,801,900,90,0.990918,0.990369
Model6,3pop,12,901,1000,89,0.989046,0.982573
Model6,3pop,0,1,100,75,0.972667,0.945066
Model6,3pop,2,1,100,88,0.990557,0.97851
Model6,3pop,2,101,200,89,0.987571,0.987469
Model6,3pop,2,201,300,88,0.981566,0.969798
Model6,3pop,2,301,400,88,0.981233,0.961131
Model6,3pop,2,401,500,90,0.977722,0.959775
Model6,3pop,2,501,600,94,0.990605,0.990482
Model6,3pop,2,601,700,94,0.982208,0.967567
Model6,3pop,2,701,800,94,0.983139,0.96423
Model6,3pop,2,801,900,91,0.980662,0.969535
Model6,3pop,2,901,1000,86,0.983283,0.970643
Model6,3pop,14,1,100,84,0.975741,0.975101
Model6,3pop,14,101,200,90,0.981816,0.981987
Model6,3pop,14,201,300,88,0.982674,0.971848
Model6,3pop,14,301,400,89,0.992031,0.981495
Model6,3pop,14,401,500,94,0.989321,0.984331
Model6,3pop,14,501,600,91,0.981799,0.980542
Model6,3pop,14,601,700,93,0.977013,0.973169
Model6,3pop,14,701,800,90,0.97916,0.97894
Model6,3pop,14,801,900,88,0.977838,0.976051
Model6,3pop,14,901,1000,93,0.981723,0.959029
Model6,3pop,10,1,100,89,0.984802,0.985963
Model6,3pop,10,101,200,85,0.971516,0.955823
Model6,3pop,10,201,300,89,0.98737,0.987631
Model6,3pop,10,301,400,90,0.989608,0.982222
Model6,3pop,10,401,500,91,0.977512,0.976138
Model6,3pop,10,501,600,86,0.987619,0.987031
Model6,3pop,10,601,700,90,0.983,0.96383
Model6,3pop,10,701,800,88,0.979858,0.967436
Model6,3pop,10,801,900,84,0.989761,0.988941
Model6,3pop,10,901,1000,91,0.992707,0.984773
Model6,3pop,12,1,100,92,0.981189,0.971157
Model6,3pop,12,101,200,94,0.975953,0.975195
Model6,3pop,12,201,300,92,0.987192,0.986232
Model6,3pop,12,301,400,94,0.988814,0.985042
Model6,3pop,12,401,500,86,0.985913,0.974006
Model6,3pop,12,501,600,93,0.992551,0.985563
Model6,3pop,12,601,700,91,0.987397,0.983858
Model6,3pop,12,701,800,87,0.97904,0.978959
Model6,3pop,12,801,900,88,0.984764,0.966004
Model6,3pop,12,901,1000,89,0.976388,0.950093
Model6,3pop,14,1,100,91,0.983972,0.98428
Model6,3pop,14,101,200,84,0.986242,0.975171
Model6,3pop,14,201,300,94,0.983759,0.967728
Model6,3pop,14,301,400,92,0.980188,0.973217
Model6,3pop,14,401,500,93,0.987984,0.977258
Model6,3pop,14,501,600,91,0.990871,0.983375
Model6,3pop,14,601,700,89,0.987003,0.987264
Model6,3pop,14,701,800,90,0.984721,0.984416
Model6,3pop,14,801,900,88,0.986164,0.979715
Model6,3pop,14,901,1000,88,0.966608,0.94224
Model6,3pop,13,1,100,89,0.987211,0.985381
Model6,3pop,13,101,200,88,0.984115,0.971647
Model6,3pop,13,201,300,91,0.993056,0.977669
Model6,3pop,13,301,400,87,0.989746,0.986469
Model6,3pop,13,401,500,87,0.980631,0.976129
Model6,3pop,13,501,600,92,0.980349,0.979707
Model6,3pop,13,601,700,91,0.982724,0.961408
Model6,3pop,13,701,800,94,0.989525,0.966346
Model6,3pop,13,801,900,89,0.979683,0.973531
Model6,3pop,13,901,1000,87,0.980189,0.960428
Model6,3pop,0,1,100,81,0.985853,0.953115
Model6,3pop,0,101,200,88,0.983802,0.963384
Model6,3pop,0,201,300,86,0.989198,0.989286
Model6,3pop,0,301,400,90,0.986589,0.975475
Model6,3pop,0,401,500,83,0.987767,0.981414
Model6,3pop,0,501,600,99,0.979364,0.96289
Model6,3pop,0,601,700,88,0.993136,0.982837
Model6,3pop,0,701,800,86,0.988637,0.980489
Model6,3pop,0,801,900,91,0.983077,0.9762
Model6,3pop,0,901,1000,84,0.985802,0.96405
Model6,3pop,11,1,100,93,0.988031,0.988726
Model6,3pop,11,101,200,87,0.985676,0.975599
Model6,3pop,11,201,300,88,0.988029,0.979626
Model6,3pop,11,301,400,90,0.991705,0.990798
Model6,3pop,11,401,500,89,0.985443,0.972211
Model6,3pop,11,501,600,91,0.98269,0.96188
Model6,3pop,11,601,700,89,0.979104,0.965359
Model6,3pop,11,701,800,86,0.994772,0.99504
Model6,3pop,11,801,900,90,0.975599,0.97207
Model6,3pop,11,901,1000,86,0.991,0.967516
Model6,3pop,12,1,100,87,0.993838,0.992384
Model6,3pop,12,101,200,96,0.991144,0.982685
Model6,3pop,12,201,300,88,0.976881,0.977471
Model6,3pop,12,301,400,89,0.9913,0.99124
Model6,3pop,12,401,500,94,0.988353,0.977477
Model6,3pop,12,501,600,88,0.98686,0.954323
Model6,3pop,12,601,700,92,0.992143,0.99158
Model6,3pop,12,701,800,87,0.990267,0.990054
Model6,3pop,12,801,900,87,0.980426,0.964293
Model6,3pop,12,901,1000,91,0.987413,0.979633
Model6,3pop,6,1,100,91,0.990918,0.973879
Model6,3pop,6,101,200,91,0.987531,0.984503
Model6,3pop,6,201,300,94,0.985019,0.982253
Model6,3pop,6,301,400,85,0.984787,0.983965
Model6,3pop,6,401,500,94,0.988489,0.988902
Model6,3pop,6,501,600,92,0.982352,0.972482
Model6,3pop,6,601,700,92,0.979798,0.96871
Model6,3pop,6,701,800,92,0.988764,0.968867
Model6,3pop,6,801,900,94,0.99533,0.986393
Model6,3pop,6,901,1000,87,0.990932,0.979184
Model6,3pop,19,1,100,86,0.994178,0.994048
Model6,3pop,19,101,200,85,0.994605,0.994694
Model6,3pop,19,201,300,90,0.989518,0.978746
Model6,3pop,19,301,400,87,0.988374,0.977601
Model6,3pop,19,401,500,89,0.986484,0.985957
Model6,3pop,19,501,600,91,0.993254,0.983217
Model6,3pop,19,601,700,88,0.982444,0.982025
Model6,3pop,19,701,800,91,0.986537,0.970917
Model6,3pop,19,801,900,89,0.992171,0.992767
Model6,3pop,19,901,1000,90,0.983255,0.955193
Model6,3pop,5,1,100,83,0.971536,0.954785
Model6,3pop,5,101,200,85,0.985812,0.986737
Model6,3pop,5,201,300,87,0.987667,0.978352
Model6,3pop,5,301,400,92,0.988099,0.964955
Model6,3pop,5,401,500,93,0.984244,0.969962
Model6,3pop,5,501,600,91,0.977773,0.968922
Model6,3pop,5,601,700,92,0.97192,0.947614
Model6,3pop,5,701,800,96,0.976147,0.975596
Model6,3pop,5,801,900,92,0.978999,0.980375
Model6,3pop,5,901,1000,89,0.988209,0.983693
Model6,3pop,11,1,100,88,0.97559,0.970615
Model6,3pop,11,101,200,92,0.981338,0.96118
Model6,3pop,11,201,300,88,0.975478,0.958553
Model6,3pop,11,301,400,90,0.977576,0.953737
Model6,3pop,11,401,500,94,0.972953,0.936896
Model6,3pop,11,501,600,89,0.975768,0.973537
Model6,3pop,11,601,700,87,0.975112,0.95393
Model6,3pop,11,701,800,86,0.98846,0.987763
Model6,3pop,11,801,900,86,0.976296,0.957933
Model6,3pop,11,901,1000,93,0.97666,0.966994
Model6,3pop,3,1,100,91,0.977335,0.958653
Model6,3pop,3,101,200,94,0.973986,0.957281
Model6,3pop,3,201,300,87,0.978803,0.968614
Model6,3pop,3,301,400,90,0.992767,0.981843
Model6,3pop,3,401,500,87,0.973703,0.957139
Model6,3pop,3,501,600,85,0.984168,0.982512
Model6,3pop,3,601,700,89,0.986947,0.986672
Model6,3pop,3,701,800,94,0.985921,0.985376
Model6,3pop,3,801,900,87,0.975751,0.976332
Model6,3pop,3,901,1000,85,0.980448,0.978073
Model6,3pop,7,1,100,92,0.987634,0.987362
Model6,3pop,7,101,200,93,0.980904,0.970714
Model6,3pop,7,201,300,84,0.988645,0.980269
Model6,3pop,7,301,400,86,0.989748,0.9768
Model6,3pop,7,401,500,94,0.984545,0.983947
Model6,3pop,7,501,600,90,0.970102,0.942803
Model6,3pop,7,601,700,85,0.987066,0.987437
Model6,3pop,7,701,800,88,0.987642,0.977971
Model6,3pop,7,801,900,85,0.988263,0.98787
Model6,3pop,7,901,1000,86,0.988984,0.989124
Model6,3pop,15,1,100,84,0.978415,0.973887
Model6,3pop,15,101,200,91,0.988346,0.989299
Model6,3pop,15,201,300,91,0.986262,0.968577
Model6,3pop,15,301,400,92,0.982252,0.971499
Model6,3pop,15,401,500,92,0.988533,0.978472
Model6,3pop,15,501,600,90,0.979211,0.956628
Model6,3pop,15,601,700,96,0.992867,0.984049
Model6,3pop,15,701,800,89,0.978434,0.976201
Model6,3pop,15,801,900,95,0.98789,0.987859
Model6,3pop,15,901,1000,83,0.981847,0.969884
Model6,3pop,14,1,100,85,0.977829,0.957582
Model6,3pop,14,101,200,88,0.986909,0.977742
Model6,3pop,14,201,300,83,0.990377,0.986923
Model6,3pop,14,301,400,93,0.981187,0.979446
Model6,3pop,14,401,500,88,0.983022,0.975326
Model6,3pop,14,501,600,94,0.991802,0.991553
Model6,3pop,14,601,700,87,0.985778,0.985232
Model6,3pop,14,701,800,88,0.981304,0.958434
Model6,3pop,14,801,900,90,0.99328,0.993114
Model6,3pop,14,901,1000,86,0.986084,0.962299
Model6,3pop,14,1,100,86,0.986735,0.983747
Model6,3pop,14,101,200,93,0.98235,0.967567
Model6,3pop,14,201,300,90,0.985604,0.972488
Model6,3pop,14,301,400,91,0.983666,0.981213
Model6,3pop,14,401,500,88,0.990377,0.980614
Model6,3pop,14,501,600,91,0.982698,0.970005
Model6,3pop,14,601,700,86,0.981176,0.980226
Model6,3pop,14,701,800,90,0.989011,0.987592
Model6,3pop,14,801,900,92,0.992418,0.992029
Model6,3pop,14,901,1000,89,0.98575,0.985519
Model6,3pop,1,1,100,94,0.993688,0.994267
Model6,3pop,1,101,200,93,0.977994,0.960785
Model6,3pop,1,201,300,88,0.99661,0.996362
Model6,3pop,1,301,400,93,0.987723,0.960325
Model6,3pop,1,401,500,88,0.989021,0.983776
Model6,3pop,1,501,600,86,0.993796,0.993253
Model6,3pop,1,601,700,88,0.992022,0.992838
Model6,3pop,1,701,800,94,0.996245,0.986918
Model6,3pop,1,801,900,90,0.987729,0.987691
Model6,3pop,1,901,1000,90,0.986386,0.982523
Model6,3pop,4,1,100,92,0.993777,0.993237
Model6,3pop,4,101,200,91,0.987769,0.977322
Model6,3pop,4,201,300,93,0.992022,0.992383
Model6,3pop,4,301,400,89,0.995731,0.99639
Model6,3pop,4,401,500,88,0.992498,0.950427
Model6,3pop,4,501,600,88,0.995735,0.995628
Model6,3pop,4,601,700,93,0.994242,0.983639
Model6,3pop,4,701,800,83,0.985648,0.956176
Model6,3pop,4,801,900,88,0.990661,0.973634
Model6,3pop,4,901,1000,87,0.997027,0.975305
Model6,3pop,18,1,100,90,0.97932,0.966922
Model6,3pop,18,101,200,91,0.980085,0.964537
Model6,3pop,18,201,300,86,0.982114,0.982289
Model6,3pop,18,301,400,90,0.986949,0.984274
Model6,3pop,18,401,500,88,0.980093,0.973216
Model6,3pop,18,501,600,95,0.980321,0.974407
Model6,3pop,18,601,700,93,0.977928,0.951791
Model6,3pop,18,701,800,90,0.98373,0.964301
Model6,3pop,18,801,900,94,0.982228,0.97278
Model6,3pop,18,901,1000,90,0.979116,0.961813
Model6,3pop,13,1,100,85,0.984243,0.984843
Model6,3pop,13,101,200,88,0.987885,0.988946
Model6,3pop,13,201,300,88,0.986592,0.974878
Model6,3pop,13,301,400,88,0.984108,0.979667
Model6,3pop,13,401,500,93,0.989806,0.979099
Model6,3pop,13,501,600,88,0.991905,0.974277
Model6,3pop,13,601,700,94,0.986991,0.969722
Model6,3pop,13,701,800,90,0.988174,0.984396
Model6,3pop,13,801,900,88,0.983636,0.978843
Model6,3pop,13,901,1000,93,0.992428,0.99244
Model6,3pop,9,1,100,96,0.985929,0.975268
Model6,3pop,9,101,200,91,0.980539,0.972314
Model6,3pop,9,201,300,90,0.989475,0.984833
Model6,3pop,9,301,400,87,0.986016,0.984416
Model6,3pop,9,401,500,86,0.988917,0.985147
Model6,3pop,9,501,600,92,0.989629,0.978501
Model6,3pop,9,601,700,88,0.986144,0.974544
Model6,3pop,9,701,800,88,0.992922,0.992906
Model6,3pop,9,801,900,88,0.987468,0.987674
Model6,3pop,9,901,1000,87,0.99136,0.980386
Model6,3pop,12,1,100,91,0.984367,0.96152
Model6,3pop,12,101,200,88,0.982766,0.974789
Model6,3pop,12,201,300,85,0.970282,0.947098
Model6,3pop,12,301,400,90,0.983171,0.975391
Model6,3pop,12,401,500,87,0.983729,0.963272
Model6,3pop,12,501,600,88,0.990032,0.991463
Model6,3pop,12,601,700,89,0.98887,0.986216
Model6,3pop,12,701,800,91,0.980994,0.981502
Model6,3pop,12,801,900,85,0.98067,0.97352
Model6,3pop,12,901,1000,91,0.986947,0.975978
Model6,3pop,13,1,100,93,0.985241,0.975499
Model6,3pop,13,101,200,90,0.991111,0.980676
Model6,3pop,13,201,300,89,0.987967,0.988357
Model6,3pop,13,301,400,89,0.985653,0.984217
Model6,3pop,13,401,500,85,0.991774,0.980163
Model6,3pop,13,501,600,87,0.99085,0.981286
Model6,3pop,13,601,700,87,0.987322,0.981814
Model6,3pop,13,701,800,88,0.987645,0.978906
Model6,3pop,13,801,900,89,0.98251,0.982499
Model6,3pop,13,901,1000,84,0.977677,0.975011
Model6,3pop,3,1,100,87,0.987185,0.982616
Model6,3pop,3,101,200,92,0.99002,0.97915
Model6,3pop,3,201,300,89,0.987657,0.975709
Model6,3pop,3,301,400,92,0.987449,0.967097
Model6,3pop,3,401,500,91,0.993598,0.994162
Model6,3pop,3,501,600,87,0.995821,0.995224
Model6,3pop,3,601,700,87,0.981619,0.967307
Model6,3pop,3,701,800,89,0.994206,0.993666
Model6,3pop,3,801,900,95,0.989506,0.978821
Model6,3pop,3,901,1000,89,0.978907,0.976024
Model6,3pop,19,1,100,88,0.983139,0.983585
Model6,3pop,19,101,200,89,0.968648,0.955646
Model6,3pop,19,201,300,91,0.992401,0.989593
Model6,3pop,19,301,400,89,0.985516,0.985467
Model6,3pop,19,401,500,92,0.987956,0.982662
Model6,3pop,19,501,600,95,0.99261,0.973574
Model6,3pop,19,601,700,90,0.988968,0.983855
Model6,3pop,19,701,800,89,0.98328,0.98455
Model6,3pop,19,801,900,86,0.990724,0.986379
Model6,3pop,19,901,1000,87,0.983246,0.965709
Model6,3pop,12,1,100,91,0.974699,0.964593
Model6,3pop,12,101,200,90,0.987718,0.975062
Model6,3pop,12,201,300,91,0.988216,0.975136
Model6,3pop,12,301,400,91,0.990561,0.985435
Model6,3pop,12,401,500,88,0.989753,0.981161
Model6,3pop,12,501,600,89,0.995541,0.98488
Model6,3pop,12,601,700,88,0.995259,0.995585
Model6,3pop,12,701,800,92,0.985512,0.985769
Model6,3pop,12,801,900,82,0.988185,0.982971
Model6,3pop,12,901,1000,91,0.984826,0.970928
Model6,3pop,3,1,100,87,0.984327,0.984233
Model6,3pop,3,101,200,90,0.991695,0.9907
Model6,3pop,3,201,300,93,0.989029,0.988619
Model6,3pop,3,301,400,87,0.986792,0.975973
Model6,3pop,3,401,500,94,0.980036,0.97594
Model6,3pop,3,501,600,94,0.986301,0.98495
Model6,3pop,3,601,700,93,0.989055,0.981144
Model6,3pop,3,701,800,87,0.986639,0.975175
Model6,3pop,3,801,900,90,0.991356,0.981713
Model6,3pop,3,901,1000,93,0.989791,0.988268
Model6,3pop,0,1,100,95,0.990943,0.990849
Model6,3pop,0,101,200,94,0.992877,0.992643
Model6,3pop,0,201,300,88,0.995812,0.995863
Model6,3pop,0,301,400,92,0.994448,0.99394
Model6,3pop,0,401,500,93,0.996149,0.996699
Model6,3pop,0,501,600,93,0.99163,0.991776
Model6,3pop,0,601,700,90,0.996677,0.987223
Model6,3pop,0,701,800,92,0.996604,0.99675
Model6,3pop,0,801,900,87,0.998688,0.989783
Model6,3pop,0,901,1000,91,0.991938,0.98918
Model6,3pop,7,1,100,91,0.978043,0.975697
Model6,3pop,7,101,200,90,0.986708,0.98004
Model6,3pop,7,201,300,91,0.979133,0.965034
Model6,3pop,7,301,400,92,0.970136,0.938021
Model6,3pop,7,401,500,90,0.973468,0.968679
Model6,3pop,7,501,600,88,0.962271,0.947454
Model6,3pop,7,601,700,88,0.966399,0.955778
Model6,3pop,7,701,800,89,0.979765,0.978825
Model6,3pop,7,801,900,91,0.97304,0.959229
Model6,3pop,7,901,1000,90,0.967221,0.937293
Model6,3pop,16,1,100,80,0.983806,0.980128
Model6,3pop,16,101,200,86,0.982096,0.971537
Model6,3pop,16,201,300,92,0.989821,0.976577
Model6,3pop,16,301,400,90,0.990154,0.960247
Model6,3pop,16,401,500,93,0.983868,0.973566
Model6,3pop,16,501,600,93,0.982312,0.963124
Model6,3pop,16,601,700,89,0.983531,0.980266
Model6,3pop,16,701,800,94,0.992608,0.98299
Model6,3pop,16,801,900,90,0.983863,0.970768
Model6,3pop,16,901,1000,85,0.985308,0.980979
Model6,3pop,0,1,100,74,0.985643,0.975451
Model6,3pop,3,1,100,83,0.989624,0.989421
Model6,3pop,3,101,200,91,0.986266,0.984667
Model6,3pop,3,201,300,92,0.969074,0.955042
Model6,3pop,3,301,400,93,0.990404,0.989628
Model6,3pop,3,401,500,90,0.985071,0.980226
Model6,3pop,3,501,600,89,0.981041,0.981239
Model6,3pop,3,601,700,89,0.985101,0.973828
Model6,3pop,3,701,800,86,0.979576,0.957739
Model6,3pop,3,801,900,90,0.983361,0.970959
Model6,3pop,3,901,1000,88,0.969187,0.960582
Model6,3pop,17,1,100,89,0.984649,0.956037
Model6,3pop,17,101,200,87,0.998529,0.998467
Model6,3pop,17,201,300,94,0.990155,0.978335
Model6,3pop,17,301,400,90,0.988569,0.974578
Model6,3pop,17,401,500,91,0.989507,0.988183
Model6,3pop,17,501,600,91,0.989806,0.986819
Model6,3pop,17,601,700,87,0.992717,0.992612
Model6,3pop,17,701,800,87,0.98946,0.970596
Model6,3pop,17,801,900,87,0.995812,0.99537
Model6,3pop,17,901,1000,87,0.989314,0.990707
Model6,3pop,0,1,100,90,0.97934,0.981048
Model6,3pop,0,101,200,87,0.976878,0.971907
Model6,3pop,0,201,300,87,0.975,0.974439
Model6,3pop,0,301,400,85,0.979702,0.970955
Model6,3pop,0,401,500,93,0.987542,0.978301
Model6,3pop,0,501,600,95,0.973501,0.969033
Model6,3pop,0,601,700,90,0.972331,0.963081
Model6,3pop,0,701,800,92,0.976028,0.953132
Model6,3pop,0,801,900,90,0.973374,0.961729
Model6,3pop,0,901,1000,84,0.971388,0.955271
Model6,3pop,19,1,100,95,0.993455,0.97828
Model6,3pop,19,101,200,89,0.987131,0.988512
Model6,3pop,19,201,300,90,0.993766,0.993067
Model6,3pop,19,301,400,87,0.990328,0.980544
Model6,3pop,19,401,500,91,0.99053,0.980594
Model6,3pop,19,501,600,90,0.991846,0.98528
Model6,3pop,19,601,700,86,0.996406,0.996316
Model6,3pop,19,701,800,88,0.989036,0.985996
Model6,3pop,19,801,900,87,0.988056,0.988616
Model6,3pop,19,901,1000,89,0.979803,0.971844
Model6,3pop,14,1,100,87,0.962745,0.958202
Model6,3pop,14,101,200,92,0.980072,0.978339
Model6,3pop,14,201,300,84,0.979483,0.967394
Model6,3pop,14,301,400,91,0.979477,0.972451
Model6,3pop,14,401,500,91,0.986358,0.959915
Model6,3pop,14,501,600,94,0.986893,0.975258
Model6,3pop,14,601,700,94,0.969833,0.959518
Model6,3pop,14,701,800,93,0.978803,0.974406
Model6,3pop,14,801,900,89,0.982476,0.977347
Model6,3pop,14,901,1000,89,0.970251,0.970998
Model6,3pop,4,1,100,90,0.992284,0.980127
Model6,3pop,4,101,200,88,0.994575,0.982815
Model6,3pop,4,201,300,93,0.993855,0.986988
Model6,3pop,4,301,400,92,0.993036,0.992959
Model6,3pop,4,401,500,86,0.988258,0.987487
Model6,3pop,4,501,600,82,0.991026,0.968264
Model6,3pop,4,601,700,83,0.987539,0.968403
Model6,3pop,4,701,800,89,0.989044,0.983137
Model6,3pop,4,801,900,88,0.991522,0.980954
Model6,3pop,4,901,1000,91,0.989185,0.978785
Model6,3pop,4,1,100,93,0.989803,0.983286
Model6,3pop,4,101,200,89,0.994593,0.994716
Model6,3pop,4,201,300,91,0.996819,0.996631
Model6,3pop,4,301,400,92,0.987704,0.987159
Model6,3pop,4,401,500,90,0.994632,0.994735
Model6,3pop,4,501,600,85,0.98659,0.986491
Model6,3pop,4,601,700,88,0.990917,0.970151
Model6,3pop,4,701,800,84,0.988047,0.956557
Model6,3pop,4,801,900,92,0.981219,0.972389
Model6,3pop,4,901,1000,90,0.983221,0.95453
Model6,3pop,19,1,100,88,0.984713,0.984505
Model6,3pop,19,101,200,87,0.986662,0.970862
Model6,3pop,19,201,300,90,0.987384,0.986552
Model6,3pop,19,301,400,94,0.986959,0.977188
Model6,3pop,19,401,500,91,0.97126,0.958268
Model6,3pop,19,501,600,89,0.983616,0.964439
Model6,3pop,19,601,700,94,0.987947,0.981215
Model6,3pop,19,701,800,92,0.985749,0.980402
Model6,3pop,19,801,900,81,0.989316,0.989611
Model6,3pop,19,901,1000,80,0.995572,0.974923
Model6,3pop,8,1,100,94,0.987619,0.977931
Model6,3pop,8,101,200,90,0.979894,0.950788
Model6,3pop,8,201,300,89,0.990695,0.98953
Model6,3pop,8,301,400,87,0.98323,0.981547
Model6,3pop,8,401,500,95,0.981776,0.969054
Model6,3pop,8,501,600,89,0.981049,0.954161
Model6,3pop,8,601,700,86,0.982613,0.978436
Model6,3pop,8,701,800,89,0.989482,0.969817
Model6,3pop,8,801,900,84,0.97936,0.975986
Model6,3pop,8,901,1000,82,0.985146,0.983217
Model6,3pop,6,1,100,91,0.984116,0.959715
Model6,3pop,6,101,200,89,0.982358,0.967264
Model6,3pop,6,201,300,87,0.978995,0.963197
Model6,3pop,6,301,400,93,0.984454,0.973851
Model6,3pop,6,401,500,89,0.976784,0.956505
Model6,3pop,6,501,600,83,0.988919,0.987558
Model6,3pop,6,601,700,81,0.981857,0.965373
Model6,3pop,6,701,800,87,0.988177,0.986215
Model6,3pop,6,801,900,94,0.982763,0.979742
Model6,3pop,6,901,1000,89,0.986271,0.978759
Model6,3pop,15,1,100,85,0.994433,0.983347
Model6,3pop,15,101,200,90,0.986772,0.967411
Model6,3pop,15,201,300,92,0.989904,0.990483
Model6,3pop,15,301,400,90,0.992254,0.983324
Model6,3pop,15,401,500,86,0.984175,0.974662
Model6,3pop,15,501,600,87,0.983467,0.979381
Model6,3pop,15,601,700,88,0.986941,0.986854
Model6,3pop,15,701,800,86,0.97684,0.97319
Model6,3pop,15,801,900,92,0.988221,0.982882
Model6,3pop,15,901,1000,83,0.982311,0.96881
Model6,3pop,12,1,100,93,0.982845,0.973419
Model6,3pop,12,101,200,92,0.987291,0.975167
Model6,3pop,12,201,300,89,0.9879,0.984953
Model6,3pop,12,301,400,87,0.986002,0.961648
Model6,3pop,12,401,500,94,0.992404,0.975545
Model6,3pop,12,501,600,87,0.983435,0.982814
Model6,3pop,12,601,700,84,0.993,0.993962
Model6,3pop,12,701,800,88,0.99618,0.996125
Model6,3pop,12,801,900,91,0.990791,0.986908
Model6,3pop,12,901,1000,84,0.99127,0.991648
Model6,3pop,10,1,100,92,0.979234,0.964378
Model6,3pop,10,101,200,95,0.977153,0.970048
Model6,3pop,10,201,300,91,0.982747,0.982895
Model6,3pop,10,301,400,89,0.986134,0.985877
Model6,3pop,10,401,500,88,0.989107,0.988912
Model6,3pop,10,501,600,91,0.989305,0.970666
Model6,3pop,10,601,700,94,0.984345,0.952065
Model6,3pop,10,701,800,87,0.981818,0.974545
Model6,3pop,10,801,900,91,0.986365,0.981459
Model6,3pop,10,901,1000,90,0.987528,0.987033
