Model,Pop,CHROM,BIN_START,BIN_END,N_VARIANTS,PI
Model1,3pop,2,1,100,80,0.368802
Model1,3pop,2,101,200,78,0.355096
Model1,3pop,2,201,300,86,0.38204
Model1,3pop,2,301,400,74,0.326808
Model1,3pop,2,401,500,82,0.369893
Model1,3pop,2,501,600,82,0.363441
Model1,3pop,2,601,700,69,0.302729
Model1,3pop,2,701,800,71,0.306588
Model1,3pop,2,801,900,77,0.347333
Model1,3pop,2,901,1000,80,0.359418
Model1,3pop,12,1,100,69,0.310503
Model1,3pop,12,101,200,77,0.354266
Model1,3pop,12,201,300,79,0.361559
Model1,3pop,12,301,400,73,0.321232
Model1,3pop,12,401,500,81,0.364299
Model1,3pop,12,501,600,81,0.361051
Model1,3pop,12,601,700,79,0.362763
Model1,3pop,12,701,800,76,0.354655
Model1,3pop,12,801,900,82,0.372565
Model1,3pop,12,901,1000,77,0.351638
Model1,3pop,9,1,100,68,0.306158
Model1,3pop,9,101,200,73,0.326316
Model1,3pop,9,201,300,76,0.342915
Model1,3pop,9,301,400,73,0.329718
Model1,3pop,9,401,500,77,0.348565
Model1,3pop,9,501,600,77,0.348492
Model1,3pop,9,601,700,82,0.364927
Model1,3pop,9,701,800,78,0.34774
Model1,3pop,9,801,900,74,0.338345
Model1,3pop,9,901,1000,71,0.313712
Model1,3pop,13,1,100,76,0.342169
Model1,3pop,13,101,200,76,0.339593
Model1,3pop,13,201,300,80,0.349051
Model1,3pop,13,301,400,77,0.350023
Model1,3pop,13,401,500,70,0.307514
Model1,3pop,13,501,600,70,0.313859
Model1,3pop,13,601,700,84,0.36987
Model1,3pop,13,701,800,81,0.357311
Model1,3pop,13,801,900,84,0.366356
Model1,3pop,13,901,1000,74,0.332062
Model1,3pop,13,1,100,77,0.356616
Model1,3pop,13,101,200,80,0.364938
Model1,3pop,13,201,300,77,0.353237
Model1,3pop,13,301,400,81,0.380723
Model1,3pop,13,401,500,83,0.380045
Model1,3pop,13,501,600,75,0.345113
Model1,3pop,13,601,700,74,0.345102
Model1,3pop,13,701,800,76,0.349209
Model1,3pop,13,801,900,77,0.346576
Model1,3pop,13,901,1000,77,0.359898
Model1,3pop,1,1,100,84,0.373458
Model1,3pop,1,101,200,81,0.357808
Model1,3pop,1,201,300,72,0.329881
Model1,3pop,1,301,400,81,0.366571
Model1,3pop,1,401,500,78,0.350113
Model1,3pop,1,501,600,81,0.365316
Model1,3pop,1,601,700,84,0.376768
Model1,3pop,1,701,800,75,0.342723
Model1,3pop,1,801,900,76,0.337073
Model1,3pop,1,901,1000,86,0.384605
Model1,3pop,14,1,100,78,0.357774
Model1,3pop,14,101,200,81,0.381
Model1,3pop,14,201,300,80,0.378644
Model1,3pop,14,301,400,78,0.354672
Model1,3pop,14,401,500,78,0.353169
Model1,3pop,14,501,600,84,0.384056
Model1,3pop,14,601,700,81,0.366712
Model1,3pop,14,701,800,78,0.367593
Model1,3pop,14,801,900,73,0.319763
Model1,3pop,14,901,1000,76,0.34465
Model1,3pop,16,1,100,75,0.335497
Model1,3pop,16,101,200,78,0.356774
Model1,3pop,16,201,300,76,0.338051
Model1,3pop,16,301,400,71,0.322977
Model1,3pop,16,401,500,80,0.366927
Model1,3pop,16,501,600,78,0.346881
Model1,3pop,16,601,700,80,0.371944
Model1,3pop,16,701,800,82,0.364073
Model1,3pop,16,801,900,83,0.373136
Model1,3pop,16,901,1000,74,0.329678
Model1,3pop,19,1,100,76,0.34487
Model1,3pop,19,101,200,74,0.331412
Model1,3pop,19,201,300,76,0.333243
Model1,3pop,19,301,400,77,0.340757
Model1,3pop,19,401,500,81,0.36326
Model1,3pop,19,501,600,84,0.376514
Model1,3pop,19,601,700,81,0.366836
Model1,3pop,19,701,800,74,0.332379
Model1,3pop,19,801,900,75,0.339356
Model1,3pop,19,901,1000,80,0.358876
Model1,3pop,5,1,100,74,0.332785
Model1,3pop,5,101,200,78,0.358774
Model1,3pop,5,201,300,72,0.311864
Model1,3pop,5,301,400,79,0.350989
Model1,3pop,5,401,500,74,0.34352
Model1,3pop,5,501,600,83,0.376955
Model1,3pop,5,601,700,76,0.326847
Model1,3pop,5,701,800,73,0.317249
Model1,3pop,5,801,900,75,0.337
Model1,3pop,5,901,1000,76,0.353203
Model1,3pop,2,1,100,79,0.350294
Model1,3pop,2,101,200,78,0.356678
Model1,3pop,2,201,300,85,0.369842
Model1,3pop,2,301,400,77,0.343169
Model1,3pop,2,401,500,77,0.347469
Model1,3pop,2,501,600,75,0.332966
Model1,3pop,2,601,700,73,0.334136
Model1,3pop,2,701,800,72,0.319887
Model1,3pop,2,801,900,75,0.338435
Model1,3pop,2,901,1000,72,0.320763
Model1,3pop,10,1,100,81,0.358768
Model1,3pop,10,101,200,83,0.367746
Model1,3pop,10,201,300,77,0.34765
Model1,3pop,10,301,400,80,0.365734
Model1,3pop,10,401,500,86,0.395616
Model1,3pop,10,501,600,79,0.352774
Model1,3pop,10,601,700,80,0.346322
Model1,3pop,10,701,800,68,0.31026
Model1,3pop,10,801,900,67,0.302294
Model1,3pop,10,901,1000,81,0.370706
Model1,3pop,15,1,100,82,0.366158
Model1,3pop,15,101,200,82,0.372944
Model1,3pop,15,201,300,81,0.371746
Model1,3pop,15,301,400,73,0.337746
Model1,3pop,15,401,500,75,0.347503
Model1,3pop,15,501,600,78,0.361424
Model1,3pop,15,601,700,79,0.365938
Model1,3pop,15,701,800,81,0.369441
Model1,3pop,15,801,900,82,0.379203
Model1,3pop,15,901,1000,82,0.376367
Model1,3pop,15,1,100,74,0.345373
Model1,3pop,15,101,200,82,0.368407
Model1,3pop,15,201,300,80,0.359588
Model1,3pop,15,301,400,75,0.336119
Model1,3pop,15,401,500,80,0.34813
Model1,3pop,15,501,600,78,0.349938
Model1,3pop,15,601,700,75,0.344531
Model1,3pop,15,701,800,83,0.366791
Model1,3pop,15,801,900,78,0.343621
Model1,3pop,15,901,1000,76,0.343565
Model1,3pop,9,1,100,76,0.34691
Model1,3pop,9,101,200,74,0.333955
Model1,3pop,9,201,300,79,0.351627
Model1,3pop,9,301,400,75,0.342294
Model1,3pop,9,401,500,74,0.33091
Model1,3pop,9,501,600,80,0.346989
Model1,3pop,9,601,700,78,0.358288
Model1,3pop,9,701,800,71,0.307277
Model1,3pop,9,801,900,79,0.348791
Model1,3pop,9,901,1000,84,0.375034
Model1,3pop,13,1,100,78,0.354068
Model1,3pop,13,101,200,78,0.359831
Model1,3pop,13,201,300,78,0.350537
Model1,3pop,13,301,400,81,0.369147
Model1,3pop,13,401,500,80,0.359345
Model1,3pop,13,501,600,82,0.375672
Model1,3pop,13,601,700,80,0.373718
Model1,3pop,13,701,800,79,0.360678
Model1,3pop,13,801,900,86,0.392684
Model1,3pop,13,901,1000,75,0.340345
Model1,3pop,8,1,100,77,0.344695
Model1,3pop,8,101,200,84,0.378768
Model1,3pop,8,201,300,79,0.360616
Model1,3pop,8,301,400,76,0.340842
Model1,3pop,8,401,500,77,0.350345
Model1,3pop,8,501,600,81,0.361797
Model1,3pop,8,601,700,83,0.370203
Model1,3pop,8,701,800,77,0.34352
Model1,3pop,8,801,900,78,0.346441
Model1,3pop,8,901,1000,79,0.350435
Model1,3pop,7,1,100,80,0.345565
Model1,3pop,7,101,200,77,0.347136
Model1,3pop,7,201,300,73,0.325678
Model1,3pop,7,301,400,72,0.320169
Model1,3pop,7,401,500,83,0.381311
Model1,3pop,7,501,600,75,0.340226
Model1,3pop,7,601,700,79,0.346412
Model1,3pop,7,701,800,76,0.338633
Model1,3pop,7,801,900,75,0.324893
Model1,3pop,7,901,1000,73,0.333175
Model1,3pop,16,1,100,78,0.338446
Model1,3pop,16,101,200,77,0.347153
Model1,3pop,16,201,300,84,0.383328
Model1,3pop,16,301,400,74,0.338672
Model1,3pop,16,401,500,79,0.351938
Model1,3pop,16,501,600,71,0.32861
Model1,3pop,16,601,700,73,0.324034
Model1,3pop,16,701,800,72,0.327266
Model1,3pop,16,801,900,75,0.332034
Model1,3pop,16,901,1000,79,0.368181
Model1,3pop,4,1,100,78,0.350486
Model1,3pop,4,101,200,81,0.377576
Model1,3pop,4,201,300,78,0.360198
Model1,3pop,4,301,400,79,0.364136
Model1,3pop,4,401,500,79,0.350989
Model1,3pop,4,501,600,75,0.328424
Model1,3pop,4,601,700,83,0.37387
Model1,3pop,4,701,800,81,0.363
Model1,3pop,4,801,900,79,0.359514
Model1,3pop,4,901,1000,71,0.321537
Model1,3pop,14,1,100,78,0.352412
Model1,3pop,14,101,200,77,0.347056
Model1,3pop,14,201,300,65,0.289458
Model1,3pop,14,301,400,71,0.324972
Model1,3pop,14,401,500,79,0.35339
Model1,3pop,14,501,600,73,0.328271
Model1,3pop,14,601,700,71,0.322169
Model1,3pop,14,701,800,86,0.381249
Model1,3pop,14,801,900,77,0.340186
Model1,3pop,14,901,1000,79,0.350181
Model1,3pop,15,1,100,73,0.331661
Model1,3pop,15,101,200,74,0.336435
Model1,3pop,15,201,300,82,0.369746
Model1,3pop,15,301,400,76,0.344904
Model1,3pop,15,401,500,81,0.366356
Model1,3pop,15,501,600,76,0.345689
Model1,3pop,15,601,700,78,0.352169
Model1,3pop,15,701,800,70,0.312395
Model1,3pop,15,801,900,83,0.366232
Model1,3pop,15,901,1000,77,0.334169
Model1,3pop,16,1,100,74,0.33609
Model1,3pop,16,101,200,79,0.358073
Model1,3pop,16,201,300,77,0.346605
Model1,3pop,16,301,400,68,0.304508
Model1,3pop,16,401,500,71,0.309808
Model1,3pop,16,501,600,79,0.356508
Model1,3pop,16,601,700,73,0.333011
Model1,3pop,16,701,800,82,0.364215
Model1,3pop,16,801,900,70,0.311181
Model1,3pop,16,901,1000,78,0.344853
Model1,3pop,17,1,100,81,0.367774
Model1,3pop,17,101,200,77,0.346638
Model1,3pop,17,201,300,77,0.349814
Model1,3pop,17,301,400,86,0.382023
Model1,3pop,17,401,500,74,0.322593
Model1,3pop,17,501,600,79,0.356706
Model1,3pop,17,601,700,88,0.386418
Model1,3pop,17,701,800,78,0.347147
Model1,3pop,17,801,900,76,0.347034
Model1,3pop,17,901,1000,71,0.314486
Model1,3pop,0,1,100,74,0.322672
Model1,3pop,0,101,200,78,0.349023
Model1,3pop,0,201,300,79,0.348073
Model1,3pop,0,301,400,72,0.327486
Model1,3pop,0,401,500,78,0.353966
Model1,3pop,0,501,600,81,0.363446
Model1,3pop,0,601,700,74,0.335056
Model1,3pop,0,701,800,77,0.333209
Model1,3pop,0,801,900,77,0.348571
Model1,3pop,0,901,1000,78,0.34387
Model1,3pop,6,1,100,87,0.398938
Model1,3pop,6,101,200,77,0.355746
Model1,3pop,6,201,300,81,0.370209
Model1,3pop,6,301,400,75,0.335944
Model1,3pop,6,401,500,85,0.380203
Model1,3pop,6,501,600,75,0.336446
Model1,3pop,6,601,700,74,0.342932
Model1,3pop,6,701,800,71,0.320243
Model1,3pop,6,801,900,74,0.333655
Model1,3pop,6,901,1000,76,0.345254
Model1,3pop,11,1,100,76,0.34587
Model1,3pop,11,101,200,76,0.335842
Model1,3pop,11,201,300,84,0.369966
Model1,3pop,11,301,400,74,0.331944
Model1,3pop,11,401,500,73,0.328333
Model1,3pop,11,501,600,76,0.341006
Model1,3pop,11,601,700,76,0.341785
Model1,3pop,11,701,800,73,0.339695
Model1,3pop,11,801,900,84,0.392429
Model1,3pop,11,901,1000,73,0.33309
Model1,3pop,15,1,100,75,0.343554
Model1,3pop,15,101,200,78,0.346401
Model1,3pop,15,201,300,78,0.342706
Model1,3pop,15,301,400,74,0.326305
Model1,3pop,15,401,500,77,0.351446
Model1,3pop,15,501,600,88,0.397582
Model1,3pop,15,601,700,71,0.32109
Model1,3pop,15,701,800,71,0.318864
Model1,3pop,15,801,900,75,0.32909
Model1,3pop,15,901,1000,74,0.344164
Model1,3pop,11,1,100,78,0.349904
Model1,3pop,11,101,200,83,0.375621
Model1,3pop,11,201,300,72,0.320768
Model1,3pop,11,301,400,83,0.37135
Model1,3pop,11,401,500,82,0.364768
Model1,3pop,11,501,600,75,0.339249
Model1,3pop,11,601,700,78,0.356017
Model1,3pop,11,701,800,75,0.339215
Model1,3pop,11,801,900,77,0.343424
Model1,3pop,11,901,1000,75,0.337802
Model1,3pop,11,1,100,76,0.339921
Model1,3pop,11,101,200,81,0.35378
Model1,3pop,11,201,300,73,0.329333
Model1,3pop,11,301,400,82,0.365689
Model1,3pop,11,401,500,75,0.333588
Model1,3pop,11,501,600,81,0.355299
Model1,3pop,11,601,700,79,0.361288
Model1,3pop,11,701,800,77,0.348638
Model1,3pop,11,801,900,68,0.308452
Model1,3pop,11,901,1000,77,0.337232
Model1,3pop,10,1,100,78,0.352836
Model1,3pop,10,101,200,79,0.356045
Model1,3pop,10,201,300,79,0.358305
Model1,3pop,10,301,400,78,0.35087
Model1,3pop,10,401,500,82,0.363644
Model1,3pop,10,501,600,75,0.330486
Model1,3pop,10,601,700,79,0.356006
Model1,3pop,10,701,800,76,0.344514
Model1,3pop,10,801,900,76,0.34478
Model1,3pop,10,901,1000,67,0.295983
Model1,3pop,9,1,100,79,0.363712
Model1,3pop,9,101,200,75,0.334362
Model1,3pop,9,201,300,73,0.332401
Model1,3pop,9,301,400,78,0.350955
Model1,3pop,9,401,500,77,0.340763
Model1,3pop,9,501,600,75,0.338565
Model1,3pop,9,601,700,84,0.381542
Model1,3pop,9,701,800,82,0.366458
Model1,3pop,9,801,900,76,0.33126
Model1,3pop,9,901,1000,76,0.329864
Model1,3pop,0,1,100,77,0.349655
Model1,3pop,0,101,200,80,0.35591
Model1,3pop,0,201,300,82,0.369582
Model1,3pop,0,301,400,80,0.366282
Model1,3pop,0,401,500,68,0.306944
Model1,3pop,0,501,600,65,0.294124
Model1,3pop,0,601,700,72,0.309379
Model1,3pop,0,701,800,76,0.340023
Model1,3pop,0,801,900,69,0.316299
Model1,3pop,0,901,1000,76,0.346831
Model1,3pop,18,1,100,75,0.332322
Model1,3pop,18,101,200,82,0.372887
Model1,3pop,18,201,300,81,0.354045
Model1,3pop,18,301,400,73,0.329362
Model1,3pop,18,401,500,72,0.321757
Model1,3pop,18,501,600,79,0.352927
Model1,3pop,18,601,700,84,0.377446
Model1,3pop,18,701,800,74,0.337463
Model1,3pop,18,801,900,77,0.347791
Model1,3pop,18,901,1000,72,0.317192
Model1,3pop,9,1,100,73,0.315113
Model1,3pop,9,101,200,78,0.352904
Model1,3pop,9,201,300,72,0.323198
Model1,3pop,9,301,400,74,0.32048
Model1,3pop,9,401,500,79,0.352367
Model1,3pop,9,501,600,86,0.381356
Model1,3pop,9,601,700,74,0.332497
Model1,3pop,9,701,800,75,0.327672
Model1,3pop,9,801,900,76,0.344119
Model1,3pop,9,901,1000,81,0.353294
Model1,3pop,10,1,100,77,0.342904
Model1,3pop,10,101,200,75,0.338966
Model1,3pop,10,201,300,75,0.335576
Model1,3pop,10,301,400,86,0.382768
Model1,3pop,10,401,500,80,0.355469
Model1,3pop,10,501,600,77,0.354226
Model1,3pop,10,601,700,79,0.35322
Model1,3pop,10,701,800,80,0.359215
Model1,3pop,10,801,900,72,0.320977
Model1,3pop,10,901,1000,77,0.347401
Model1,3pop,18,1,100,75,0.326339
Model1,3pop,18,101,200,77,0.344887
Model1,3pop,18,201,300,83,0.374785
Model1,3pop,18,301,400,82,0.365576
Model1,3pop,18,401,500,79,0.352667
Model1,3pop,18,501,600,81,0.369486
Model1,3pop,18,601,700,77,0.345006
Model1,3pop,18,701,800,73,0.33035
Model1,3pop,18,801,900,81,0.366633
Model1,3pop,18,901,1000,76,0.338492
Model1,3pop,1,1,100,73,0.331056
Model1,3pop,1,101,200,76,0.329605
Model1,3pop,1,201,300,80,0.366175
Model1,3pop,1,301,400,77,0.338593
Model1,3pop,1,401,500,86,0.381955
Model1,3pop,1,501,600,83,0.370638
Model1,3pop,1,601,700,76,0.344282
Model1,3pop,1,701,800,77,0.34652
Model1,3pop,1,801,900,79,0.359593
Model1,3pop,1,901,1000,81,0.354401
Model1,3pop,16,1,100,78,0.338215
Model1,3pop,16,101,200,76,0.346503
Model1,3pop,16,201,300,78,0.350763
Model1,3pop,16,301,400,78,0.352757
Model1,3pop,16,401,500,69,0.312616
Model1,3pop,16,501,600,69,0.313605
Model1,3pop,16,601,700,70,0.319944
Model1,3pop,16,701,800,74,0.336814
Model1,3pop,16,801,900,80,0.359853
Model1,3pop,16,901,1000,76,0.345452
Model1,3pop,8,1,100,87,0.391842
Model1,3pop,8,101,200,78,0.354915
Model1,3pop,8,201,300,77,0.336525
Model1,3pop,8,301,400,77,0.355158
Model1,3pop,8,401,500,79,0.343774
Model1,3pop,8,501,600,78,0.344096
Model1,3pop,8,601,700,75,0.338011
Model1,3pop,8,701,800,84,0.374345
Model1,3pop,8,801,900,72,0.318232
Model1,3pop,8,901,1000,71,0.318921
Model1,3pop,15,1,100,84,0.389068
Model1,3pop,15,101,200,84,0.388
Model1,3pop,15,201,300,83,0.380232
Model1,3pop,15,301,400,90,0.410525
Model1,3pop,15,401,500,89,0.390955
Model1,3pop,15,501,600,84,0.398898
Model1,3pop,15,601,700,73,0.336412
Model1,3pop,15,701,800,78,0.353814
Model1,3pop,15,801,900,76,0.348034
Model1,3pop,15,901,1000,68,0.314921
Model1,3pop,8,1,100,77,0.339763
Model1,3pop,8,101,200,77,0.340412
Model1,3pop,8,201,300,78,0.344983
Model1,3pop,8,301,400,82,0.358073
Model1,3pop,8,401,500,84,0.385825
Model1,3pop,8,501,600,85,0.384023
Model1,3pop,8,601,700,80,0.358593
Model1,3pop,8,701,800,80,0.354362
Model1,3pop,8,801,900,80,0.34739
Model1,3pop,8,901,1000,77,0.341401
Model1,3pop,14,1,100,80,0.354333
Model1,3pop,14,101,200,76,0.347412
Model1,3pop,14,201,300,63,0.285102
Model1,3pop,14,301,400,77,0.344497
Model1,3pop,14,401,500,79,0.344734
Model1,3pop,14,501,600,72,0.313785
Model1,3pop,14,601,700,78,0.346983
Model1,3pop,14,701,800,80,0.358819
Model1,3pop,14,801,900,71,0.322068
Model1,3pop,14,901,1000,75,0.33326
Model1,3pop,5,1,100,77,0.339576
Model1,3pop,5,101,200,80,0.358282
Model1,3pop,5,201,300,75,0.317175
Model1,3pop,5,301,400,70,0.314401
Model1,3pop,5,401,500,77,0.355373
Model1,3pop,5,501,600,88,0.388621
Model1,3pop,5,601,700,79,0.352395
Model1,3pop,5,701,800,83,0.375209
Model1,3pop,5,801,900,81,0.367689
Model1,3pop,5,901,1000,68,0.309989
Model1,3pop,11,1,100,85,0.385763
Model1,3pop,11,101,200,66,0.283198
Model1,3pop,11,201,300,76,0.35222
Model1,3pop,11,301,400,72,0.325469
Model1,3pop,11,401,500,69,0.311294
Model1,3pop,11,501,600,79,0.35165
Model1,3pop,11,601,700,77,0.339356
Model1,3pop,11,701,800,82,0.364938
Model1,3pop,11,801,900,78,0.354209
Model1,3pop,11,901,1000,73,0.311333
Model1,3pop,4,1,100,72,0.32826
Model1,3pop,4,101,200,76,0.346667
Model1,3pop,4,201,300,78,0.340367
Model1,3pop,4,301,400,77,0.348079
Model1,3pop,4,401,500,73,0.330859
Model1,3pop,4,501,600,81,0.354814
Model1,3pop,4,601,700,81,0.368051
Model1,3pop,4,701,800,81,0.354638
Model1,3pop,4,801,900,68,0.302508
Model1,3pop,4,901,1000,75,0.336379
Model1,3pop,2,1,100,79,0.364497
Model1,3pop,2,101,200,84,0.379158
Model1,3pop,2,201,300,73,0.325141
Model1,3pop,2,301,400,79,0.353463
Model1,3pop,2,401,500,82,0.370311
Model1,3pop,2,501,600,82,0.358644
Model1,3pop,2,601,700,83,0.384808
Model1,3pop,2,701,800,79,0.356836
Model1,3pop,2,801,900,74,0.346401
Model1,3pop,2,901,1000,79,0.355808
Model1,3pop,13,1,100,82,0.376085
Model1,3pop,13,101,200,77,0.346667
Model1,3pop,13,201,300,87,0.39909
Model1,3pop,13,301,400,73,0.340435
Model1,3pop,13,401,500,77,0.351977
Model1,3pop,13,501,600,76,0.354271
Model1,3pop,13,601,700,77,0.348853
Model1,3pop,13,701,800,81,0.371056
Model1,3pop,13,801,900,81,0.376768
Model1,3pop,13,901,1000,70,0.32087
Model1,3pop,19,1,100,73,0.297367
Model1,3pop,19,101,200,83,0.370605
Model1,3pop,19,201,300,77,0.336073
Model1,3pop,19,301,400,83,0.373983
Model1,3pop,19,401,500,81,0.371198
Model1,3pop,19,501,600,74,0.329548
Model1,3pop,19,601,700,79,0.36365
Model1,3pop,19,701,800,84,0.381198
Model1,3pop,19,801,900,84,0.370938
Model1,3pop,19,901,1000,74,0.337559
Model1,3pop,12,1,100,72,0.330808
Model1,3pop,12,101,200,77,0.342616
Model1,3pop,12,201,300,84,0.375345
Model1,3pop,12,301,400,74,0.340458
Model1,3pop,12,401,500,82,0.368785
Model1,3pop,12,501,600,84,0.380706
Model1,3pop,12,601,700,80,0.35752
Model1,3pop,12,701,800,76,0.341458
Model1,3pop,12,801,900,77,0.343695
Model1,3pop,12,901,1000,76,0.349068
Model1,3pop,3,1,100,80,0.35352
Model1,3pop,3,101,200,76,0.340215
Model1,3pop,3,201,300,74,0.323825
Model1,3pop,3,301,400,79,0.356395
Model1,3pop,3,401,500,71,0.324503
Model1,3pop,3,501,600,76,0.348684
Model1,3pop,3,601,700,76,0.346768
Model1,3pop,3,701,800,81,0.362475
Model1,3pop,3,801,900,75,0.340028
Model1,3pop,3,901,1000,77,0.354277
Model1,3pop,6,1,100,76,0.341203
Model1,3pop,6,101,200,80,0.358181
Model1,3pop,6,201,300,80,0.361701
Model1,3pop,6,301,400,84,0.379249
Model1,3pop,6,401,500,81,0.355006
Model1,3pop,6,501,600,75,0.328367
Model1,3pop,6,601,700,80,0.354271
Model1,3pop,6,701,800,75,0.337644
Model1,3pop,6,801,900,76,0.341407
Model1,3pop,6,901,1000,78,0.351051
Model1,3pop,14,1,100,72,0.319537
Model1,3pop,14,101,200,80,0.351808
Model1,3pop,14,201,300,78,0.35165
Model1,3pop,14,301,400,74,0.329994
Model1,3pop,14,401,500,72,0.324734
Model1,3pop,14,501,600,78,0.349271
Model1,3pop,14,601,700,91,0.415819
Model1,3pop,14,701,800,74,0.332593
Model1,3pop,14,801,900,74,0.335938
Model1,3pop,14,901,1000,72,0.321237
Model1,3pop,10,1,100,79,0.344102
Model1,3pop,10,101,200,73,0.324927
Model1,3pop,10,201,300,76,0.339525
Model1,3pop,10,301,400,85,0.368582
Model1,3pop,10,401,500,68,0.308412
Model1,3pop,10,501,600,78,0.336531
Model1,3pop,10,601,700,86,0.383814
Model1,3pop,10,701,800,77,0.341695
Model1,3pop,10,801,900,74,0.328136
Model1,3pop,10,901,1000,77,0.345356
Model1,3pop,7,1,100,80,0.360593
Model1,3pop,7,101,200,80,0.357395
Model1,3pop,7,201,300,75,0.351158
Model1,3pop,7,301,400,76,0.346785
Model1,3pop,7,401,500,79,0.367718
Model1,3pop,7,501,600,79,0.355842
Model1,3pop,7,601,700,68,0.321898
Model1,3pop,7,701,800,72,0.325141
Model1,3pop,7,801,900,81,0.376068
Model1,3pop,7,901,1000,79,0.366085
Model1,3pop,4,1,100,77,0.349751
Model1,3pop,4,101,200,77,0.334345
Model1,3pop,4,201,300,80,0.354514
Model1,3pop,4,301,400,73,0.328695
Model1,3pop,4,401,500,83,0.37565
Model1,3pop,4,501,600,81,0.359079
Model1,3pop,4,601,700,81,0.351181
Model1,3pop,4,701,800,80,0.368531
Model1,3pop,4,801,900,79,0.353435
Model1,3pop,4,901,1000,77,0.34135
Model1,3pop,12,1,100,77,0.344582
Model1,3pop,12,101,200,83,0.378192
Model1,3pop,12,201,300,77,0.353056
Model1,3pop,12,301,400,79,0.365254
Model1,3pop,12,401,500,79,0.358407
Model1,3pop,12,501,600,82,0.37048
Model1,3pop,12,601,700,78,0.35887
Model1,3pop,12,701,800,81,0.358328
Model1,3pop,12,801,900,83,0.366672
Model1,3pop,12,901,1000,75,0.339051
Model1,3pop,18,1,100,87,0.379102
Model1,3pop,18,101,200,79,0.354571
Model1,3pop,18,201,300,78,0.35052
Model1,3pop,18,301,400,80,0.367847
Model1,3pop,18,401,500,75,0.343006
Model1,3pop,18,501,600,75,0.339119
Model1,3pop,18,601,700,74,0.325232
Model1,3pop,18,701,800,72,0.33822
Model1,3pop,18,801,900,82,0.375463
Model1,3pop,18,901,1000,83,0.380288
Model1,3pop,6,1,100,80,0.36074
Model1,3pop,6,101,200,69,0.310661
Model1,3pop,6,201,300,78,0.345904
Model1,3pop,6,301,400,84,0.374243
Model1,3pop,6,401,500,72,0.324989
Model1,3pop,6,501,600,73,0.327797
Model1,3pop,6,601,700,78,0.338175
Model1,3pop,6,701,800,73,0.318836
Model1,3pop,6,801,900,77,0.342305
Model1,3pop,6,901,1000,79,0.353486
Model1,3pop,11,1,100,75,0.339203
Model1,3pop,11,101,200,80,0.360282
Model1,3pop,11,201,300,80,0.348944
Model1,3pop,11,301,400,74,0.336362
Model1,3pop,11,401,500,77,0.341898
Model1,3pop,11,501,600,77,0.33952
Model1,3pop,11,601,700,78,0.349056
Model1,3pop,11,701,800,74,0.347232
Model1,3pop,11,801,900,80,0.366825
Model1,3pop,11,901,1000,81,0.36965
Model1,3pop,17,1,100,81,0.36487
Model1,3pop,17,101,200,81,0.363588
Model1,3pop,17,201,300,78,0.352215
Model1,3pop,17,301,400,75,0.347503
Model1,3pop,17,401,500,81,0.359497
Model1,3pop,17,501,600,89,0.390412
Model1,3pop,17,601,700,78,0.352401
Model1,3pop,17,701,800,81,0.353412
Model1,3pop,17,801,900,81,0.356232
Model1,3pop,17,901,1000,79,0.355808
Model1,3pop,12,1,100,70,0.313158
Model1,3pop,12,101,200,85,0.384288
Model1,3pop,12,201,300,74,0.337887
Model1,3pop,12,301,400,81,0.364147
Model1,3pop,12,401,500,75,0.334452
Model1,3pop,12,501,600,77,0.349571
Model1,3pop,12,601,700,71,0.31296
Model1,3pop,12,701,800,71,0.324186
Model1,3pop,12,801,900,72,0.313294
Model1,3pop,12,901,1000,75,0.330107
Model1,3pop,8,1,100,81,0.363802
Model1,3pop,8,101,200,68,0.309232
Model1,3pop,8,201,300,76,0.333678
Model1,3pop,8,301,400,77,0.345842
Model1,3pop,8,401,500,83,0.361441
Model1,3pop,8,501,600,81,0.364746
Model1,3pop,8,601,700,77,0.342153
Model1,3pop,8,701,800,80,0.353486
Model1,3pop,8,801,900,76,0.34713
Model1,3pop,8,901,1000,81,0.358424
Model1,3pop,17,1,100,76,0.339864
Model1,3pop,17,101,200,74,0.336034
Model1,3pop,17,201,300,81,0.371096
Model1,3pop,17,301,400,77,0.354768
Model1,3pop,17,401,500,81,0.361531
Model1,3pop,17,501,600,77,0.355831
Model1,3pop,17,601,700,76,0.336232
Model1,3pop,17,701,800,76,0.343198
Model1,3pop,17,801,900,77,0.350593
Model1,3pop,17,901,1000,75,0.331559
Model1,3pop,4,1,100,75,0.343367
Model1,3pop,4,101,200,77,0.341599
Model1,3pop,4,201,300,79,0.344395
Model1,3pop,4,301,400,78,0.339701
Model1,3pop,4,401,500,77,0.354463
Model1,3pop,4,501,600,75,0.331288
Model1,3pop,4,601,700,77,0.352113
Model1,3pop,4,701,800,80,0.358079
Model1,3pop,4,801,900,85,0.387079
Model1,3pop,4,901,1000,74,0.317797
Model1,3pop,6,1,100,71,0.320107
Model1,3pop,6,101,200,81,0.370356
Model1,3pop,6,201,300,79,0.361305
Model1,3pop,6,301,400,84,0.375311
Model1,3pop,6,401,500,76,0.342028
Model1,3pop,6,501,600,83,0.360695
Model1,3pop,6,601,700,75,0.341028
Model1,3pop,6,701,800,77,0.332282
Model1,3pop,6,801,900,73,0.319362
Model1,3pop,6,901,1000,81,0.358859
Model1,3pop,9,1,100,78,0.347571
Model1,3pop,9,101,200,76,0.336299
Model1,3pop,9,201,300,78,0.346938
Model1,3pop,9,301,400,82,0.372508
Model1,3pop,9,401,500,81,0.36613
Model1,3pop,9,501,600,78,0.342989
Model1,3pop,9,601,700,75,0.331644
Model1,3pop,9,701,800,75,0.335689
Model1,3pop,9,801,900,81,0.366977
Model1,3pop,9,901,1000,75,0.328944
Model1,3pop,15,1,100,73,0.323734
Model1,3pop,15,101,200,77,0.346136
Model1,3pop,15,201,300,84,0.377701
Model1,3pop,15,301,400,83,0.358531
Model1,3pop,15,401,500,80,0.357113
Model1,3pop,15,501,600,75,0.341028
Model1,3pop,15,601,700,80,0.356017
Model1,3pop,15,701,800,78,0.35335
Model1,3pop,15,801,900,77,0.345689
Model1,3pop,15,901,1000,76,0.336435
Model1,3pop,5,1,100,75,0.328469
Model1,3pop,5,101,200,77,0.332938
Model1,3pop,5,201,300,80,0.351113
Model1,3pop,5,301,400,80,0.359757
Model1,3pop,5,401,500,84,0.373565
Model1,3pop,5,501,600,75,0.334644
Model1,3pop,5,601,700,80,0.364384
Model1,3pop,5,701,800,70,0.312853
Model1,3pop,5,801,900,85,0.370876
Model1,3pop,5,901,1000,79,0.356034
Model1,3pop,13,1,100,81,0.361791
Model1,3pop,13,101,200,87,0.401701
Model1,3pop,13,201,300,83,0.383718
Model1,3pop,13,301,400,81,0.367203
Model1,3pop,13,401,500,82,0.358689
Model1,3pop,13,501,600,85,0.379119
Model1,3pop,13,601,700,82,0.372893
Model1,3pop,13,701,800,80,0.363136
Model1,3pop,13,801,900,76,0.331362
Model1,3pop,13,901,1000,75,0.34778
Model1,3pop,9,1,100,81,0.368763
Model1,3pop,9,101,200,76,0.348203
Model1,3pop,9,201,300,72,0.323395
Model1,3pop,9,301,400,73,0.333254
Model1,3pop,9,401,500,77,0.348147
Model1,3pop,9,501,600,72,0.320299
Model1,3pop,9,601,700,76,0.335932
Model1,3pop,9,701,800,76,0.342362
Model1,3pop,9,801,900,80,0.362175
Model1,3pop,9,901,1000,79,0.342621
Model1,3pop,7,1,100,85,0.397842
Model1,3pop,7,101,200,77,0.346384
Model1,3pop,7,201,300,78,0.35313
Model1,3pop,7,301,400,79,0.351638
Model1,3pop,7,401,500,86,0.404254
Model1,3pop,7,501,600,83,0.380232
Model1,3pop,7,601,700,76,0.352684
Model1,3pop,7,701,800,74,0.33648
Model1,3pop,7,801,900,79,0.359627
Model1,3pop,7,901,1000,70,0.313621
Model1,3pop,5,1,100,79,0.358706
Model1,3pop,5,101,200,72,0.324023
Model1,3pop,5,201,300,82,0.371836
Model1,3pop,5,301,400,85,0.380232
Model1,3pop,5,401,500,81,0.361147
Model1,3pop,5,501,600,74,0.322096
Model1,3pop,5,601,700,77,0.340203
Model1,3pop,5,701,800,75,0.332797
Model1,3pop,5,801,900,81,0.352554
Model1,3pop,5,901,1000,73,0.318475
Model1,3pop,9,1,100,78,0.339994
Model1,3pop,9,101,200,85,0.384373
Model1,3pop,9,201,300,81,0.366367
Model1,3pop,9,301,400,83,0.379655
Model1,3pop,9,401,500,80,0.368458
Model1,3pop,9,501,600,82,0.387249
Model1,3pop,9,601,700,79,0.353576
Model1,3pop,9,701,800,85,0.377345
Model1,3pop,9,801,900,74,0.33287
Model1,3pop,9,901,1000,70,0.324034
Model1,3pop,13,1,100,81,0.366655
Model1,3pop,13,101,200,78,0.340932
Model1,3pop,13,201,300,73,0.329237
Model1,3pop,13,301,400,77,0.351333
Model1,3pop,13,401,500,79,0.354198
Model1,3pop,13,501,600,75,0.336599
Model1,3pop,13,601,700,79,0.348554
Model1,3pop,13,701,800,78,0.343655
Model1,3pop,13,801,900,81,0.342475
Model1,3pop,13,901,1000,79,0.351588
Model1,3pop,12,1,100,76,0.345576
Model1,3pop,12,101,200,83,0.363192
Model1,3pop,12,201,300,78,0.350588
Model1,3pop,12,301,400,71,0.318932
Model1,3pop,12,401,500,84,0.380938
Model1,3pop,12,501,600,77,0.336379
Model1,3pop,12,601,700,81,0.367023
Model1,3pop,12,701,800,75,0.328859
Model1,3pop,12,801,900,79,0.343395
Model1,3pop,12,901,1000,77,0.340401
Model1,3pop,0,1,100,77,0.344073
Model1,3pop,0,101,200,73,0.32235
Model1,3pop,0,201,300,83,0.368684
Model1,3pop,0,301,400,75,0.335446
Model1,3pop,0,401,500,75,0.339904
Model1,3pop,0,501,600,77,0.349073
Model1,3pop,0,601,700,76,0.346542
Model1,3pop,0,701,800,70,0.304486
Model1,3pop,0,801,900,75,0.332927
Model1,3pop,0,901,1000,75,0.330345
Model1,3pop,3,1,100,79,0.356401
Model1,3pop,3,101,200,73,0.329588
Model1,3pop,3,201,300,75,0.341073
Model1,3pop,3,301,400,80,0.352921
Model1,3pop,3,401,500,83,0.379362
Model1,3pop,3,501,600,73,0.326847
Model1,3pop,3,601,700,72,0.342701
Model1,3pop,3,701,800,80,0.362955
Model1,3pop,3,801,900,80,0.358876
Model1,3pop,3,901,1000,80,0.354746
Model1,3pop,16,1,100,77,0.326876
Model1,3pop,16,101,200,79,0.347328
Model1,3pop,16,201,300,80,0.36696
Model1,3pop,16,301,400,83,0.363085
Model1,3pop,16,401,500,79,0.360367
Model1,3pop,16,501,600,83,0.36609
Model1,3pop,16,601,700,77,0.350288
Model1,3pop,16,701,800,81,0.363859
Model1,3pop,16,801,900,84,0.38265
Model1,3pop,16,901,1000,85,0.386655
Model1,3pop,10,1,100,77,0.345802
Model1,3pop,10,101,200,86,0.374237
Model1,3pop,10,201,300,84,0.382367
Model1,3pop,10,301,400,80,0.364746
Model1,3pop,10,401,500,83,0.367147
Model1,3pop,10,501,600,70,0.319785
Model1,3pop,10,601,700,78,0.349864
Model1,3pop,10,701,800,83,0.373718
Model1,3pop,10,801,900,84,0.380915
Model1,3pop,10,901,1000,81,0.376373
Model1,3pop,14,1,100,81,0.361836
Model1,3pop,14,101,200,76,0.339203
Model1,3pop,14,201,300,77,0.338322
Model1,3pop,14,301,400,80,0.363339
Model1,3pop,14,401,500,76,0.348994
Model1,3pop,14,501,600,82,0.349768
Model1,3pop,14,601,700,77,0.347333
Model1,3pop,14,701,800,78,0.355147
Model1,3pop,14,801,900,77,0.348062
Model1,3pop,14,901,1000,70,0.313638
Model1,3pop,4,1,100,73,0.329475
Model1,3pop,4,101,200,89,0.393689
Model1,3pop,4,201,300,70,0.318565
Model1,3pop,4,301,400,68,0.29874
Model1,3pop,4,401,500,79,0.350113
Model1,3pop,4,501,600,79,0.353492
Model1,3pop,4,601,700,76,0.340718
Model1,3pop,4,701,800,73,0.310678
Model1,3pop,4,801,900,81,0.360672
Model1,3pop,4,901,1000,83,0.366605
Model1,3pop,17,1,100,73,0.334051
Model1,3pop,17,101,200,80,0.369819
Model1,3pop,17,201,300,80,0.360785
Model1,3pop,17,301,400,76,0.341554
Model1,3pop,17,401,500,87,0.383452
Model1,3pop,17,501,600,79,0.346237
Model1,3pop,17,601,700,80,0.364379
Model1,3pop,17,701,800,72,0.319096
Model1,3pop,17,801,900,86,0.389763
Model1,3pop,17,901,1000,74,0.336107
Model1,3pop,8,1,100,80,0.358153
Model1,3pop,8,101,200,78,0.36065
Model1,3pop,8,201,300,79,0.35339
Model1,3pop,8,301,400,78,0.342819
Model1,3pop,8,401,500,71,0.320876
Model1,3pop,8,501,600,81,0.368079
Model1,3pop,8,601,700,77,0.349706
Model1,3pop,8,701,800,70,0.316169
Model1,3pop,8,801,900,69,0.30974
Model1,3pop,8,901,1000,71,0.317508
Model1,3pop,2,1,100,75,0.33374
Model1,3pop,2,101,200,78,0.341881
Model1,3pop,2,201,300,82,0.375802
Model1,3pop,2,301,400,78,0.340548
Model1,3pop,2,401,500,81,0.350542
Model1,3pop,2,501,600,91,0.402672
Model1,3pop,2,601,700,77,0.347299
Model1,3pop,2,701,800,84,0.365695
Model1,3pop,2,801,900,83,0.360559
Model1,3pop,2,901,1000,78,0.346548
Model1,3pop,17,1,100,72,0.311836
Model1,3pop,17,101,200,79,0.350944
Model1,3pop,17,201,300,81,0.366175
Model1,3pop,17,301,400,83,0.371175
Model1,3pop,17,401,500,76,0.340791
Model1,3pop,17,501,600,81,0.360836
Model1,3pop,17,601,700,75,0.330102
Model1,3pop,17,701,800,75,0.338989
Model1,3pop,17,801,900,79,0.353407
Model1,3pop,17,901,1000,82,0.366237
Model1,3pop,3,1,100,78,0.351418
Model1,3pop,3,101,200,80,0.35752
Model1,3pop,3,201,300,79,0.346
Model1,3pop,3,301,400,73,0.322542
Model1,3pop,3,401,500,75,0.328356
Model1,3pop,3,501,600,78,0.354203
Model1,3pop,3,601,700,73,0.32478
Model1,3pop,3,701,800,76,0.333034
Model1,3pop,3,801,900,74,0.331644
Model1,3pop,3,901,1000,85,0.380463
Model1,3pop,2,1,100,80,0.370384
Model1,3pop,2,101,200,81,0.367249
Model1,3pop,2,201,300,79,0.367695
Model1,3pop,2,301,400,77,0.353853
Model1,3pop,2,401,500,74,0.327073
Model1,3pop,2,501,600,73,0.319322
Model1,3pop,2,601,700,79,0.352085
Model1,3pop,2,701,800,81,0.365418
Model1,3pop,2,801,900,78,0.345706
Model1,3pop,2,901,1000,79,0.353661
Model1,3pop,1,1,100,64,0.280898
Model1,3pop,1,101,200,78,0.361147
Model1,3pop,1,201,300,76,0.339605
Model1,3pop,1,301,400,79,0.360689
Model1,3pop,1,401,500,84,0.359073
Model1,3pop,1,501,600,72,0.325746
Model1,3pop,1,601,700,75,0.337503
Model1,3pop,1,701,800,73,0.32422
Model1,3pop,1,801,900,73,0.315915
Model1,3pop,1,901,1000,72,0.326542
Model1,3pop,15,1,100,76,0.336441
Model1,3pop,15,101,200,82,0.353322
Model1,3pop,15,201,300,81,0.37065
Model1,3pop,15,301,400,78,0.352153
Model1,3pop,15,401,500,83,0.361684
Model1,3pop,15,501,600,80,0.364401
Model1,3pop,15,601,700,73,0.324977
Model1,3pop,15,701,800,71,0.317401
Model1,3pop,15,801,900,79,0.360791
Model1,3pop,15,901,1000,82,0.370633
Model1,3pop,17,1,100,75,0.339831
Model1,3pop,17,101,200,84,0.385429
Model1,3pop,17,201,300,81,0.369983
Model1,3pop,17,301,400,81,0.365734
Model1,3pop,17,401,500,75,0.328588
Model1,3pop,17,501,600,79,0.356542
Model1,3pop,17,601,700,78,0.359859
Model1,3pop,17,701,800,78,0.347446
Model1,3pop,17,801,900,78,0.354294
Model1,3pop,17,901,1000,73,0.324096
Model1,3pop,2,1,100,78,0.352847
Model1,3pop,2,101,200,76,0.350153
Model1,3pop,2,201,300,87,0.390446
Model1,3pop,2,301,400,81,0.365045
Model1,3pop,2,401,500,81,0.376045
Model1,3pop,2,501,600,86,0.38513
Model1,3pop,2,601,700,74,0.34091
Model1,3pop,2,701,800,73,0.327475
Model1,3pop,2,801,900,79,0.357107
Model1,3pop,2,901,1000,85,0.390881
Model1,3pop,0,1,100,78,0.351073
Model1,3pop,0,101,200,83,0.379746
Model1,3pop,0,201,300,76,0.335102
Model1,3pop,0,301,400,82,0.372819
Model1,3pop,0,401,500,77,0.33513
Model1,3pop,0,501,600,79,0.349537
Model1,3pop,0,601,700,76,0.350548
Model1,3pop,0,701,800,75,0.34952
Model1,3pop,0,801,900,78,0.34152
Model1,3pop,0,901,1000,76,0.341136
Model1,3pop,11,1,100,73,0.327119
Model1,3pop,11,101,200,74,0.340695
Model1,3pop,11,201,300,85,0.380508
Model1,3pop,11,301,400,77,0.34322
Model1,3pop,11,401,500,76,0.329672
Model1,3pop,11,501,600,82,0.375718
Model1,3pop,11,601,700,76,0.342181
Model1,3pop,11,701,800,76,0.333588
Model1,3pop,11,801,900,78,0.361497
Model1,3pop,11,901,1000,81,0.365186
Model1,3pop,7,1,100,75,0.331288
Model1,3pop,7,101,200,75,0.328271
Model1,3pop,7,201,300,71,0.326288
Model1,3pop,7,301,400,77,0.341684
Model1,3pop,7,401,500,77,0.343011
Model1,3pop,7,501,600,71,0.312791
Model1,3pop,7,601,700,65,0.29087
Model1,3pop,7,701,800,72,0.325243
Model1,3pop,7,801,900,75,0.332723
Model1,3pop,7,901,1000,68,0.300921
Model1,3pop,12,1,100,80,0.357785
Model1,3pop,12,101,200,84,0.37278
Model1,3pop,12,201,300,74,0.325655
Model1,3pop,12,301,400,79,0.339927
Model1,3pop,12,401,500,78,0.346266
Model1,3pop,12,501,600,83,0.372412
Model1,3pop,12,601,700,69,0.309316
Model1,3pop,12,701,800,67,0.303497
Model1,3pop,12,801,900,75,0.330079
Model1,3pop,12,901,1000,82,0.359028
Model1,3pop,16,1,100,73,0.327333
Model1,3pop,16,101,200,74,0.337458
Model1,3pop,16,201,300,74,0.32439
Model1,3pop,16,301,400,77,0.345164
Model1,3pop,16,401,500,77,0.327384
Model1,3pop,16,501,600,86,0.372367
Model1,3pop,16,601,700,72,0.325559
Model1,3pop,16,701,800,71,0.315316
Model1,3pop,16,801,900,79,0.346429
Model1,3pop,16,901,1000,80,0.349282
Model1,3pop,10,1,100,79,0.356915
Model1,3pop,10,101,200,75,0.328153
Model1,3pop,10,201,300,80,0.361644
Model1,3pop,10,301,400,76,0.347113
Model1,3pop,10,401,500,80,0.360458
Model1,3pop,10,501,600,84,0.36809
Model1,3pop,10,601,700,73,0.324277
Model1,3pop,10,701,800,78,0.355819
Model1,3pop,10,801,900,81,0.359435
Model1,3pop,10,901,1000,76,0.328232
Model1,3pop,8,1,100,77,0.344373
Model1,3pop,8,101,200,79,0.362508
Model1,3pop,8,201,300,78,0.34709
Model1,3pop,8,301,400,74,0.335475
Model1,3pop,8,401,500,73,0.326785
Model1,3pop,8,501,600,75,0.34713
Model1,3pop,8,601,700,79,0.356136
Model1,3pop,8,701,800,79,0.356492
Model1,3pop,8,801,900,78,0.340305
Model1,3pop,8,901,1000,81,0.357932
Model1,3pop,8,1,100,82,0.37778
Model1,3pop,8,101,200,87,0.388989
Model1,3pop,8,201,300,80,0.361944
Model1,3pop,8,301,400,76,0.339282
Model1,3pop,8,401,500,77,0.352124
Model1,3pop,8,501,600,85,0.400452
Model1,3pop,8,601,700,85,0.399932
Model1,3pop,8,701,800,74,0.342181
Model1,3pop,8,801,900,76,0.345322
Model1,3pop,8,901,1000,80,0.367718
Model1,3pop,14,1,100,77,0.351486
Model1,3pop,14,101,200,81,0.367593
Model1,3pop,14,201,300,66,0.293006
Model1,3pop,14,301,400,81,0.360955
Model1,3pop,14,401,500,83,0.380384
Model1,3pop,14,501,600,71,0.322915
Model1,3pop,14,601,700,82,0.363316
Model1,3pop,14,701,800,82,0.368627
Model1,3pop,14,801,900,74,0.323379
Model1,3pop,14,901,1000,84,0.381164
Model1,3pop,7,1,100,76,0.336203
Model1,3pop,7,101,200,84,0.381254
Model1,3pop,7,201,300,76,0.338277
Model1,3pop,7,301,400,68,0.292531
Model1,3pop,7,401,500,80,0.360763
Model1,3pop,7,501,600,75,0.336966
Model1,3pop,7,601,700,75,0.345113
Model1,3pop,7,701,800,77,0.348169
Model1,3pop,7,801,900,73,0.314017
Model1,3pop,7,901,1000,77,0.349119
Model1,3pop,18,1,100,83,0.360141
Model1,3pop,18,101,200,88,0.384446
Model1,3pop,18,201,300,75,0.324062
Model1,3pop,18,301,400,77,0.337446
Model1,3pop,18,401,500,80,0.343424
Model1,3pop,18,501,600,80,0.353486
Model1,3pop,18,601,700,77,0.336565
Model1,3pop,18,701,800,79,0.350672
Model1,3pop,18,801,900,76,0.342215
Model1,3pop,18,901,1000,79,0.349079
Model1,3pop,7,1,100,80,0.358921
Model1,3pop,7,101,200,78,0.352469
Model1,3pop,7,201,300,73,0.319972
Model1,3pop,7,301,400,71,0.29891
Model1,3pop,7,401,500,81,0.368254
Model1,3pop,7,501,600,74,0.331119
Model1,3pop,7,601,700,75,0.339277
Model1,3pop,7,701,800,78,0.336288
Model1,3pop,7,801,900,85,0.386497
Model1,3pop,7,901,1000,77,0.336576
Model1,3pop,9,1,100,82,0.370418
Model1,3pop,9,101,200,74,0.329181
Model1,3pop,9,201,300,78,0.351644
Model1,3pop,9,301,400,83,0.371475
Model1,3pop,9,401,500,81,0.362282
Model1,3pop,9,501,600,75,0.326944
Model1,3pop,9,601,700,80,0.358
Model1,3pop,9,701,800,80,0.36204
Model1,3pop,9,801,900,77,0.350508
Model1,3pop,9,901,1000,74,0.338203
Model1,3pop,1,1,100,73,0.33413
Model1,3pop,1,101,200,76,0.348537
Model1,3pop,1,201,300,72,0.320429
Model1,3pop,1,301,400,79,0.340712
Model1,3pop,1,401,500,72,0.325028
Model1,3pop,1,501,600,76,0.334757
Model1,3pop,1,601,700,83,0.363463
Model1,3pop,1,701,800,77,0.348266
Model1,3pop,1,801,900,78,0.34691
Model1,3pop,1,901,1000,80,0.363565
Model1,3pop,5,1,100,80,0.356169
Model1,3pop,5,101,200,77,0.351034
Model1,3pop,5,201,300,74,0.34526
Model1,3pop,5,301,400,77,0.352819
Model1,3pop,5,401,500,84,0.373169
Model1,3pop,5,501,600,76,0.340949
Model1,3pop,5,601,700,78,0.360107
Model1,3pop,5,701,800,74,0.341678
Model1,3pop,5,801,900,82,0.371859
Model1,3pop,5,901,1000,74,0.334627
Model1,3pop,10,1,100,80,0.35552
Model1,3pop,10,101,200,77,0.346006
Model1,3pop,10,201,300,82,0.364672
Model1,3pop,10,301,400,75,0.328435
Model1,3pop,10,401,500,83,0.368011
Model1,3pop,10,501,600,72,0.330249
Model1,3pop,10,601,700,69,0.307266
Model1,3pop,10,701,800,84,0.381949
Model1,3pop,10,801,900,84,0.382689
Model1,3pop,10,901,1000,73,0.330299
Model1,3pop,17,1,100,75,0.332384
Model1,3pop,17,101,200,75,0.341441
Model1,3pop,17,201,300,78,0.342825
Model1,3pop,17,301,400,72,0.324797
Model1,3pop,17,401,500,81,0.360203
Model1,3pop,17,501,600,81,0.365277
Model1,3pop,17,601,700,78,0.356198
Model1,3pop,17,701,800,73,0.331322
Model1,3pop,17,801,900,80,0.360689
Model1,3pop,17,901,1000,79,0.356237
Model1,3pop,3,1,100,78,0.352836
Model1,3pop,3,101,200,78,0.348119
Model1,3pop,3,201,300,71,0.304977
Model1,3pop,3,301,400,79,0.346966
Model1,3pop,3,401,500,79,0.353045
Model1,3pop,3,501,600,80,0.353605
Model1,3pop,3,601,700,73,0.332881
Model1,3pop,3,701,800,78,0.352271
Model1,3pop,3,801,900,80,0.359853
Model1,3pop,3,901,1000,73,0.323452
Model1,3pop,4,1,100,79,0.353808
Model1,3pop,4,101,200,75,0.339282
Model1,3pop,4,201,300,76,0.343571
Model1,3pop,4,301,400,78,0.35365
Model1,3pop,4,401,500,75,0.331316
Model1,3pop,4,501,600,77,0.348706
Model1,3pop,4,601,700,74,0.331542
Model1,3pop,4,701,800,77,0.342141
Model1,3pop,4,801,900,75,0.337582
Model1,3pop,4,901,1000,76,0.352
Model1,3pop,1,1,100,82,0.371712
Model1,3pop,1,101,200,77,0.347282
Model1,3pop,1,201,300,81,0.36239
Model1,3pop,1,301,400,70,0.306181
Model1,3pop,1,401,500,83,0.368859
Model1,3pop,1,501,600,76,0.337017
Model1,3pop,1,601,700,80,0.360627
Model1,3pop,1,701,800,84,0.376339
Model1,3pop,1,801,900,81,0.346785
Model1,3pop,1,901,1000,77,0.35387
Model1,3pop,6,1,100,77,0.347249
Model1,3pop,6,101,200,68,0.304435
Model1,3pop,6,201,300,80,0.351633
Model1,3pop,6,301,400,65,0.290819
Model1,3pop,6,401,500,74,0.331
Model1,3pop,6,501,600,79,0.345339
Model1,3pop,6,601,700,76,0.338927
Model1,3pop,6,701,800,72,0.322164
Model1,3pop,6,801,900,83,0.377842
Model1,3pop,6,901,1000,85,0.388644
Model1,3pop,7,1,100,78,0.34578
Model1,3pop,7,101,200,72,0.331373
Model1,3pop,7,201,300,69,0.317006
Model1,3pop,7,301,400,73,0.328164
Model1,3pop,7,401,500,84,0.374023
Model1,3pop,7,501,600,79,0.361904
Model1,3pop,7,601,700,84,0.367056
Model1,3pop,7,701,800,84,0.383294
Model1,3pop,7,801,900,76,0.341695
Model1,3pop,7,901,1000,67,0.289989
Model1,3pop,9,1,100,80,0.355797
Model1,3pop,9,101,200,79,0.359994
Model1,3pop,9,201,300,77,0.347362
Model1,3pop,9,301,400,76,0.354655
Model1,3pop,9,401,500,81,0.346684
Model1,3pop,9,501,600,81,0.371644
Model1,3pop,9,601,700,90,0.393847
Model1,3pop,9,701,800,77,0.354497
Model1,3pop,9,801,900,79,0.368463
Model1,3pop,9,901,1000,81,0.381994
Model1,3pop,13,1,100,84,0.372921
Model1,3pop,13,101,200,72,0.332836
Model1,3pop,13,201,300,85,0.386531
Model1,3pop,13,301,400,77,0.341814
Model1,3pop,13,401,500,83,0.373983
Model1,3pop,13,501,600,76,0.347921
Model1,3pop,13,601,700,79,0.355605
Model1,3pop,13,701,800,82,0.355729
Model1,3pop,13,801,900,76,0.342661
Model1,3pop,13,901,1000,76,0.349113
Model1,3pop,3,1,100,78,0.358028
Model1,3pop,3,101,200,83,0.37196
Model1,3pop,3,201,300,74,0.337
Model1,3pop,3,301,400,77,0.348175
Model1,3pop,3,401,500,74,0.329305
Model1,3pop,3,501,600,82,0.374667
Model1,3pop,3,601,700,80,0.355305
Model1,3pop,3,701,800,71,0.309181
Model1,3pop,3,801,900,73,0.332475
Model1,3pop,3,901,1000,80,0.361045
Model1,3pop,12,1,100,78,0.358401
Model1,3pop,12,101,200,83,0.38448
Model1,3pop,12,201,300,82,0.369712
Model1,3pop,12,301,400,79,0.354401
Model1,3pop,12,401,500,76,0.352672
Model1,3pop,12,501,600,70,0.304983
Model1,3pop,12,601,700,76,0.342927
Model1,3pop,12,701,800,73,0.334898
Model1,3pop,12,801,900,79,0.355226
Model1,3pop,12,901,1000,76,0.345836
Model1,3pop,10,1,100,78,0.353062
Model1,3pop,10,101,200,76,0.334277
Model1,3pop,10,201,300,78,0.339017
Model1,3pop,10,301,400,75,0.34074
Model1,3pop,10,401,500,76,0.338949
Model1,3pop,10,501,600,80,0.355
Model1,3pop,10,601,700,79,0.358689
Model1,3pop,10,701,800,80,0.363921
Model1,3pop,10,801,900,74,0.33409
Model1,3pop,10,901,1000,74,0.32787
Model1,3pop,6,1,100,78,0.352209
Model1,3pop,6,101,200,74,0.336864
Model1,3pop,6,201,300,80,0.358407
Model1,3pop,6,301,400,74,0.33896
Model1,3pop,6,401,500,75,0.332254
Model1,3pop,6,501,600,73,0.328881
Model1,3pop,6,601,700,84,0.367186
Model1,3pop,6,701,800,76,0.341994
Model1,3pop,6,801,900,83,0.370232
Model1,3pop,6,901,1000,78,0.342774
Model1,3pop,17,1,100,81,0.359153
Model1,3pop,17,101,200,78,0.34409
Model1,3pop,17,201,300,75,0.338305
Model1,3pop,17,301,400,73,0.325203
Model1,3pop,17,401,500,75,0.335254
Model1,3pop,17,501,600,81,0.350644
Model1,3pop,17,601,700,68,0.298328
Model1,3pop,17,701,800,75,0.339808
Model1,3pop,17,801,900,77,0.348672
Model1,3pop,17,901,1000,77,0.346847
Model1,3pop,10,1,100,80,0.365718
Model1,3pop,10,101,200,72,0.327949
Model1,3pop,10,201,300,80,0.355802
Model1,3pop,10,301,400,79,0.360367
Model1,3pop,10,401,500,73,0.324695
Model1,3pop,10,501,600,68,0.308723
Model1,3pop,10,601,700,78,0.342203
Model1,3pop,10,701,800,72,0.317797
Model1,3pop,10,801,900,77,0.34222
Model1,3pop,10,901,1000,80,0.355537
Model1,3pop,19,1,100,78,0.344395
Model1,3pop,19,101,200,83,0.367667
Model1,3pop,19,201,300,76,0.339079
Model1,3pop,19,301,400,74,0.336277
Model1,3pop,19,401,500,80,0.353271
Model1,3pop,19,501,600,77,0.337169
Model1,3pop,19,601,700,80,0.356424
Model1,3pop,19,701,800,75,0.338339
Model1,3pop,19,801,900,79,0.354706
Model1,3pop,19,901,1000,71,0.312644
Model1,3pop,13,1,100,77,0.343774
Model1,3pop,13,101,200,79,0.355006
Model1,3pop,13,201,300,74,0.338576
Model1,3pop,13,301,400,84,0.372271
Model1,3pop,13,401,500,75,0.332542
Model1,3pop,13,501,600,80,0.35713
Model1,3pop,13,601,700,80,0.348548
Model1,3pop,13,701,800,76,0.342746
Model1,3pop,13,801,900,76,0.343418
Model1,3pop,13,901,1000,75,0.338633
Model1,3pop,2,1,100,71,0.298797
Model1,3pop,2,101,200,72,0.331684
Model1,3pop,2,201,300,81,0.363582
Model1,3pop,2,301,400,78,0.356785
Model1,3pop,2,401,500,82,0.365277
Model1,3pop,2,501,600,84,0.375085
Model1,3pop,2,601,700,82,0.373593
Model1,3pop,2,701,800,76,0.344542
Model1,3pop,2,801,900,83,0.359475
Model1,3pop,2,901,1000,81,0.363706
Model1,3pop,1,1,100,73,0.329921
Model1,3pop,1,101,200,78,0.355203
Model1,3pop,1,201,300,69,0.316045
Model1,3pop,1,301,400,85,0.385164
Model1,3pop,1,401,500,74,0.341492
Model1,3pop,1,501,600,76,0.348927
Model1,3pop,1,601,700,70,0.309864
Model1,3pop,1,701,800,85,0.388729
Model1,3pop,1,801,900,87,0.397333
Model1,3pop,1,901,1000,75,0.339768
Model1,3pop,16,1,100,76,0.327599
Model1,3pop,16,101,200,80,0.357938
Model1,3pop,16,201,300,77,0.342486
Model1,3pop,16,301,400,81,0.366124
Model1,3pop,16,401,500,77,0.328006
Model1,3pop,16,501,600,79,0.352153
Model1,3pop,16,601,700,83,0.375333
Model1,3pop,16,701,800,77,0.349011
Model1,3pop,16,801,900,81,0.368028
Model1,3pop,16,901,1000,82,0.370864
Model1,3pop,7,1,100,71,0.311322
Model1,3pop,7,101,200,75,0.337565
Model1,3pop,7,201,300,83,0.368299
Model1,3pop,7,301,400,77,0.331774
Model1,3pop,7,401,500,82,0.353644
Model1,3pop,7,501,600,79,0.354548
Model1,3pop,7,601,700,69,0.321638
Model1,3pop,7,701,800,79,0.354876
Model1,3pop,7,801,900,80,0.356565
Model1,3pop,7,901,1000,80,0.360667
Model1,3pop,19,1,100,77,0.341712
Model1,3pop,19,101,200,83,0.376955
Model1,3pop,19,201,300,73,0.330288
Model1,3pop,19,301,400,80,0.359475
Model1,3pop,19,401,500,71,0.316503
Model1,3pop,19,501,600,85,0.379068
Model1,3pop,19,601,700,70,0.314944
Model1,3pop,19,701,800,82,0.374729
Model1,3pop,19,801,900,80,0.362141
Model1,3pop,19,901,1000,81,0.365684
Model1,3pop,11,1,100,80,0.368718
Model1,3pop,11,101,200,71,0.322412
Model1,3pop,11,201,300,73,0.329311
Model1,3pop,11,301,400,77,0.352299
Model1,3pop,11,401,500,77,0.34809
Model1,3pop,11,501,600,80,0.363593
Model1,3pop,11,601,700,76,0.326136
Model1,3pop,11,701,800,77,0.351842
Model1,3pop,11,801,900,81,0.359525
Model1,3pop,11,901,1000,77,0.339689
Model1,3pop,5,1,100,82,0.368847
Model1,3pop,5,101,200,75,0.334672
Model1,3pop,5,201,300,86,0.379503
Model1,3pop,5,301,400,82,0.366949
Model1,3pop,5,401,500,80,0.357379
Model1,3pop,5,501,600,79,0.342215
Model1,3pop,5,601,700,79,0.344689
Model1,3pop,5,701,800,66,0.293333
Model1,3pop,5,801,900,80,0.349198
Model1,3pop,5,901,1000,72,0.328452
Model1,3pop,14,1,100,82,0.362056
Model1,3pop,14,101,200,76,0.348141
Model1,3pop,14,201,300,77,0.347814
Model1,3pop,14,301,400,69,0.307119
Model1,3pop,14,401,500,77,0.349475
Model1,3pop,14,501,600,71,0.319588
Model1,3pop,14,601,700,78,0.357384
Model1,3pop,14,701,800,76,0.336678
Model1,3pop,14,801,900,77,0.345266
Model1,3pop,14,901,1000,80,0.363966
Model1,3pop,0,1,100,86,0.379881
Model1,3pop,0,101,200,76,0.34248
Model1,3pop,0,201,300,74,0.330373
Model1,3pop,0,301,400,80,0.357102
Model1,3pop,0,401,500,78,0.350424
Model1,3pop,0,501,600,77,0.336701
Model1,3pop,0,601,700,80,0.365068
Model1,3pop,0,701,800,81,0.361017
Model1,3pop,0,801,900,79,0.355282
Model1,3pop,0,901,1000,81,0.362831
Model1,3pop,1,1,100,83,0.378599
Model1,3pop,1,101,200,82,0.373418
Model1,3pop,1,201,300,83,0.372599
Model1,3pop,1,301,400,79,0.351311
Model1,3pop,1,401,500,82,0.372565
Model1,3pop,1,501,600,71,0.315458
Model1,3pop,1,601,700,76,0.343339
Model1,3pop,1,701,800,80,0.352051
Model1,3pop,1,801,900,77,0.346802
Model1,3pop,1,901,1000,84,0.368288
Model1,3pop,8,1,100,81,0.363836
Model1,3pop,8,101,200,79,0.352299
Model1,3pop,8,201,300,78,0.344571
Model1,3pop,8,301,400,75,0.342299
Model1,3pop,8,401,500,81,0.363701
Model1,3pop,8,501,600,72,0.319638
Model1,3pop,8,601,700,73,0.330763
Model1,3pop,8,701,800,71,0.325147
Model1,3pop,8,801,900,78,0.344768
Model1,3pop,8,901,1000,84,0.371316
Model1,3pop,3,1,100,78,0.35174
Model1,3pop,3,101,200,78,0.343508
Model1,3pop,3,201,300,81,0.360226
Model1,3pop,3,301,400,77,0.326407
Model1,3pop,3,401,500,77,0.359831
Model1,3pop,3,501,600,82,0.369729
Model1,3pop,3,601,700,81,0.378339
Model1,3pop,3,701,800,77,0.343243
Model1,3pop,3,801,900,80,0.36548
Model1,3pop,3,901,1000,79,0.348045
Model1,3pop,18,1,100,73,0.327525
Model1,3pop,18,101,200,82,0.361073
Model1,3pop,18,201,300,81,0.350203
Model1,3pop,18,301,400,70,0.310373
Model1,3pop,18,401,500,81,0.356819
Model1,3pop,18,501,600,76,0.354729
Model1,3pop,18,601,700,74,0.328514
Model1,3pop,18,701,800,83,0.374045
Model1,3pop,18,801,900,84,0.369373
Model1,3pop,18,901,1000,82,0.361729
Model1,3pop,19,1,100,81,0.353028
Model1,3pop,19,101,200,73,0.323525
Model1,3pop,19,201,300,81,0.356277
Model1,3pop,19,301,400,83,0.365469
Model1,3pop,19,401,500,73,0.32096
Model1,3pop,19,501,600,80,0.349966
Model1,3pop,19,601,700,74,0.318548
Model1,3pop,19,701,800,81,0.368785
Model1,3pop,19,801,900,76,0.33678
Model1,3pop,19,901,1000,80,0.37639
Model1,3pop,0,1,100,83,0.356706
Model1,3pop,0,101,200,70,0.311785
Model1,3pop,0,201,300,84,0.372684
Model1,3pop,0,301,400,79,0.343362
Model1,3pop,0,401,500,77,0.338588
Model1,3pop,0,501,600,77,0.344859
Model1,3pop,0,601,700,87,0.395689
Model1,3pop,0,701,800,76,0.337599
Model1,3pop,0,801,900,87,0.381079
Model1,3pop,0,901,1000,77,0.337379
Model1,3pop,0,1,100,73,0.323825
Model1,3pop,0,101,200,77,0.355271
Model1,3pop,0,201,300,86,0.404243
Model1,3pop,0,301,400,70,0.312887
Model1,3pop,0,401,500,82,0.367198
Model1,3pop,0,501,600,79,0.354266
Model1,3pop,0,601,700,84,0.378785
Model1,3pop,0,701,800,83,0.387107
Model1,3pop,0,801,900,73,0.316051
Model1,3pop,0,901,1000,85,0.384395
Model1,3pop,6,1,100,70,0.311814
Model1,3pop,6,101,200,75,0.336
Model1,3pop,6,201,300,75,0.333814
Model1,3pop,6,301,400,76,0.333164
Model1,3pop,6,401,500,70,0.300525
Model1,3pop,6,501,600,82,0.361243
Model1,3pop,6,601,700,75,0.328198
Model1,3pop,6,701,800,79,0.334915
Model1,3pop,6,801,900,75,0.341079
Model1,3pop,6,901,1000,70,0.316136
Model1,3pop,8,1,100,75,0.348107
Model1,3pop,8,101,200,74,0.330023
Model1,3pop,8,201,300,72,0.32452
Model1,3pop,8,301,400,71,0.323621
Model1,3pop,8,401,500,77,0.345469
Model1,3pop,8,501,600,79,0.357853
Model1,3pop,8,601,700,83,0.367429
Model1,3pop,8,701,800,84,0.377565
Model1,3pop,8,801,900,80,0.364989
Model1,3pop,8,901,1000,73,0.31948
Model1,3pop,1,1,100,89,0.399525
Model1,3pop,1,101,200,73,0.329452
Model1,3pop,1,201,300,80,0.345746
Model1,3pop,1,301,400,77,0.35665
Model1,3pop,1,401,500,84,0.374316
Model1,3pop,1,501,600,74,0.318266
Model1,3pop,1,601,700,74,0.348689
Model1,3pop,1,701,800,78,0.349266
Model1,3pop,1,801,900,83,0.374153
Model1,3pop,1,901,1000,80,0.351282
Model1,3pop,7,1,100,74,0.334288
Model1,3pop,7,101,200,79,0.364774
Model1,3pop,7,201,300,77,0.348537
Model1,3pop,7,301,400,74,0.328706
Model1,3pop,7,401,500,85,0.374887
Model1,3pop,7,501,600,72,0.320548
Model1,3pop,7,601,700,72,0.316175
Model1,3pop,7,701,800,73,0.325136
Model1,3pop,7,801,900,77,0.348983
Model1,3pop,7,901,1000,71,0.311655
Model1,3pop,11,1,100,71,0.317294
Model1,3pop,11,101,200,81,0.366723
Model1,3pop,11,201,300,77,0.339751
Model1,3pop,11,301,400,73,0.331367
Model1,3pop,11,401,500,72,0.317695
Model1,3pop,11,501,600,82,0.366983
Model1,3pop,11,601,700,77,0.349147
Model1,3pop,11,701,800,83,0.36109
Model1,3pop,11,801,900,77,0.337073
Model1,3pop,11,901,1000,80,0.360401
Model1,3pop,14,1,100,80,0.346181
Model1,3pop,14,101,200,80,0.383328
Model1,3pop,14,201,300,75,0.343266
Model1,3pop,14,301,400,84,0.392367
Model1,3pop,14,401,500,74,0.336271
Model1,3pop,14,501,600,75,0.33722
Model1,3pop,14,601,700,81,0.38391
Model1,3pop,14,701,800,82,0.370825
Model1,3pop,14,801,900,78,0.363435
Model1,3pop,14,901,1000,73,0.328972
Model1,3pop,14,1,100,79,0.36404
Model1,3pop,14,101,200,73,0.328989
Model1,3pop,14,201,300,76,0.349181
Model1,3pop,14,301,400,76,0.337418
Model1,3pop,14,401,500,67,0.306096
Model1,3pop,14,501,600,69,0.313311
Model1,3pop,14,601,700,81,0.367429
Model1,3pop,14,701,800,74,0.328237
Model1,3pop,14,801,900,79,0.357356
Model1,3pop,14,901,1000,74,0.336768
Model1,3pop,4,1,100,69,0.303435
Model1,3pop,4,101,200,81,0.364763
Model1,3pop,4,201,300,72,0.322113
Model1,3pop,4,301,400,73,0.329819
Model1,3pop,4,401,500,75,0.339932
Model1,3pop,4,501,600,78,0.350672
Model1,3pop,4,601,700,71,0.312429
Model1,3pop,4,701,800,77,0.335864
Model1,3pop,4,801,900,78,0.353299
Model1,3pop,4,901,1000,75,0.330379
Model1,3pop,5,1,100,83,0.377898
Model1,3pop,5,101,200,74,0.334486
Model1,3pop,5,201,300,69,0.311124
Model1,3pop,5,301,400,70,0.320605
Model1,3pop,5,401,500,81,0.379164
Model1,3pop,5,501,600,80,0.358056
Model1,3pop,5,601,700,79,0.356153
Model1,3pop,5,701,800,81,0.358305
Model1,3pop,5,801,900,79,0.357006
Model1,3pop,5,901,1000,72,0.324729
Model1,3pop,19,1,100,80,0.365147
Model1,3pop,19,101,200,79,0.357723
Model1,3pop,19,201,300,83,0.36704
Model1,3pop,19,301,400,87,0.391825
Model1,3pop,19,401,500,75,0.337169
Model1,3pop,19,501,600,76,0.34413
Model1,3pop,19,601,700,81,0.355226
Model1,3pop,19,701,800,75,0.330887
Model1,3pop,19,801,900,69,0.303034
Model1,3pop,19,901,1000,72,0.324927
Model1,3pop,5,1,100,76,0.352147
Model1,3pop,5,101,200,79,0.361328
Model1,3pop,5,201,300,87,0.389062
Model1,3pop,5,301,400,83,0.364718
Model1,3pop,5,401,500,79,0.361424
Model1,3pop,5,501,600,82,0.377395
Model1,3pop,5,601,700,75,0.325299
Model1,3pop,5,701,800,86,0.384209
Model1,3pop,5,801,900,74,0.338644
Model1,3pop,5,901,1000,77,0.354881
Model1,3pop,11,1,100,79,0.357497
Model1,3pop,11,101,200,77,0.362768
Model1,3pop,11,201,300,78,0.351395
Model1,3pop,11,301,400,82,0.371328
Model1,3pop,11,401,500,79,0.356938
Model1,3pop,11,501,600,77,0.341808
Model1,3pop,11,601,700,77,0.350492
Model1,3pop,11,701,800,77,0.349446
Model1,3pop,11,801,900,75,0.327887
Model1,3pop,11,901,1000,82,0.368458
Model1,3pop,2,1,100,79,0.357469
Model1,3pop,2,101,200,81,0.365514
Model1,3pop,2,201,300,75,0.341831
Model1,3pop,2,301,400,83,0.368774
Model1,3pop,2,401,500,83,0.380825
Model1,3pop,2,501,600,80,0.367904
Model1,3pop,2,601,700,79,0.352141
Model1,3pop,2,701,800,79,0.357124
Model1,3pop,2,801,900,76,0.353746
Model1,3pop,2,901,1000,76,0.34313
Model1,3pop,0,1,100,75,0.330209
Model1,3pop,0,101,200,78,0.353373
Model1,3pop,0,201,300,77,0.346141
Model1,3pop,0,301,400,83,0.380887
Model1,3pop,0,401,500,75,0.335689
Model1,3pop,0,501,600,71,0.325904
Model1,3pop,0,601,700,87,0.390277
Model1,3pop,0,701,800,73,0.332514
Model1,3pop,0,801,900,82,0.363921
Model1,3pop,0,901,1000,79,0.345068
Model1,3pop,15,1,100,72,0.326859
Model1,3pop,15,101,200,76,0.339249
Model1,3pop,15,201,300,74,0.329684
Model1,3pop,15,301,400,72,0.319966
Model1,3pop,15,401,500,77,0.345831
Model1,3pop,15,501,600,76,0.33361
Model1,3pop,15,601,700,78,0.355068
Model1,3pop,15,701,800,76,0.340893
Model1,3pop,15,801,900,71,0.318904
Model1,3pop,15,901,1000,83,0.375672
Model1,3pop,18,1,100,74,0.324153
Model1,3pop,18,101,200,70,0.318215
Model1,3pop,18,201,300,80,0.363339
Model1,3pop,18,301,400,81,0.362808
Model1,3pop,18,401,500,83,0.371424
Model1,3pop,18,501,600,81,0.354994
Model1,3pop,18,601,700,84,0.373379
Model1,3pop,18,701,800,78,0.349644
Model1,3pop,18,801,900,81,0.372847
Model1,3pop,18,901,1000,80,0.35352
Model1,3pop,1,1,100,73,0.322881
Model1,3pop,1,101,200,83,0.355661
Model1,3pop,1,201,300,73,0.330011
Model1,3pop,1,301,400,79,0.353915
Model1,3pop,1,401,500,75,0.336508
Model1,3pop,1,501,600,80,0.363684
Model1,3pop,1,601,700,77,0.339768
Model1,3pop,1,701,800,77,0.338011
Model1,3pop,1,801,900,74,0.336017
Model1,3pop,1,901,1000,76,0.337192
Model1,3pop,12,1,100,73,0.330237
Model1,3pop,12,101,200,79,0.352175
Model1,3pop,12,201,300,72,0.321701
Model1,3pop,12,301,400,71,0.315492
Model1,3pop,12,401,500,77,0.33487
Model1,3pop,12,501,600,70,0.310633
Model1,3pop,12,601,700,83,0.375407
Model1,3pop,12,701,800,74,0.333525
Model1,3pop,12,801,900,78,0.339768
Model1,3pop,12,901,1000,70,0.313972
Model1,3pop,19,1,100,79,0.348282
Model1,3pop,19,101,200,84,0.377395
Model1,3pop,19,201,300,81,0.371119
Model1,3pop,19,301,400,72,0.321169
Model1,3pop,19,401,500,80,0.364723
Model1,3pop,19,501,600,72,0.327565
Model1,3pop,19,601,700,76,0.341458
Model1,3pop,19,701,800,83,0.385537
Model1,3pop,19,801,900,76,0.344463
Model1,3pop,19,901,1000,70,0.31135
Model1,3pop,6,1,100,73,0.335763
Model1,3pop,6,101,200,76,0.340503
Model1,3pop,6,201,300,74,0.33013
Model1,3pop,6,301,400,80,0.360045
Model1,3pop,6,401,500,82,0.361452
Model1,3pop,6,501,600,81,0.367322
Model1,3pop,6,601,700,81,0.373136
Model1,3pop,6,701,800,74,0.338232
Model1,3pop,6,801,900,79,0.352412
Model1,3pop,6,901,1000,83,0.37326
Model1,3pop,15,1,100,72,0.315808
Model1,3pop,15,101,200,80,0.354175
Model1,3pop,15,201,300,69,0.302028
Model1,3pop,15,301,400,80,0.365864
Model1,3pop,15,401,500,74,0.331893
Model1,3pop,15,501,600,79,0.353412
Model1,3pop,15,601,700,73,0.331751
Model1,3pop,15,701,800,79,0.330576
Model1,3pop,15,801,900,77,0.334249
Model1,3pop,15,901,1000,77,0.343621
Model1,3pop,17,1,100,76,0.341356
Model1,3pop,17,101,200,80,0.36
Model1,3pop,17,201,300,77,0.350254
Model1,3pop,17,301,400,81,0.365768
Model1,3pop,17,401,500,75,0.334763
Model1,3pop,17,501,600,72,0.304345
Model1,3pop,17,601,700,76,0.340458
Model1,3pop,17,701,800,76,0.344842
Model1,3pop,17,801,900,77,0.344791
Model1,3pop,17,901,1000,77,0.353887
Model1,3pop,8,1,100,85,0.386723
Model1,3pop,8,101,200,72,0.325768
Model1,3pop,8,201,300,78,0.347446
Model1,3pop,8,301,400,77,0.345226
Model1,3pop,8,401,500,74,0.33965
Model1,3pop,8,501,600,77,0.347395
Model1,3pop,8,601,700,75,0.338379
Model1,3pop,8,701,800,73,0.323412
Model1,3pop,8,801,900,76,0.345915
Model1,3pop,8,901,1000,76,0.32613
Model1,3pop,5,1,100,74,0.327977
Model1,3pop,5,101,200,79,0.346435
Model1,3pop,5,201,300,74,0.33313
Model1,3pop,5,301,400,78,0.348548
Model1,3pop,5,401,500,77,0.348814
Model1,3pop,5,501,600,77,0.34261
Model1,3pop,5,601,700,72,0.322927
Model1,3pop,5,701,800,75,0.340593
Model1,3pop,5,801,900,76,0.343469
Model1,3pop,5,901,1000,82,0.375186
Model1,3pop,17,1,100,79,0.351989
Model1,3pop,17,101,200,76,0.341825
Model1,3pop,17,201,300,77,0.346469
Model1,3pop,17,301,400,79,0.352842
Model1,3pop,17,401,500,79,0.346181
Model1,3pop,17,501,600,79,0.351237
Model1,3pop,17,601,700,77,0.350045
Model1,3pop,17,701,800,83,0.371034
Model1,3pop,17,801,900,79,0.345458
Model1,3pop,17,901,1000,81,0.358938
Model1,3pop,16,1,100,85,0.376424
Model1,3pop,16,101,200,80,0.367701
Model1,3pop,16,201,300,81,0.367938
Model1,3pop,16,301,400,78,0.344723
Model1,3pop,16,401,500,80,0.359531
Model1,3pop,16,501,600,78,0.34139
Model1,3pop,16,601,700,77,0.345333
Model1,3pop,16,701,800,77,0.334944
Model1,3pop,16,801,900,71,0.313011
Model1,3pop,16,901,1000,77,0.335955
Model1,3pop,0,1,100,71,0.328096
Model1,3pop,0,101,200,81,0.384644
Model1,3pop,0,201,300,77,0.351096
Model1,3pop,0,301,400,79,0.349446
Model1,3pop,0,401,500,79,0.36461
Model1,3pop,0,501,600,70,0.310141
Model1,3pop,0,601,700,71,0.311565
Model1,3pop,0,701,800,86,0.400548
Model1,3pop,0,801,900,79,0.366757
Model1,3pop,0,901,1000,83,0.387497
Model1,3pop,1,1,100,87,0.383514
Model1,3pop,1,101,200,76,0.33439
Model1,3pop,1,201,300,73,0.321407
Model1,3pop,1,301,400,77,0.349887
Model1,3pop,1,401,500,76,0.338249
Model1,3pop,1,501,600,77,0.350932
Model1,3pop,1,601,700,80,0.373977
Model1,3pop,1,701,800,78,0.357525
Model1,3pop,1,801,900,87,0.384153
Model1,3pop,1,901,1000,81,0.368407
Model1,3pop,15,1,100,69,0.311401
Model1,3pop,15,101,200,74,0.324492
Model1,3pop,15,201,300,74,0.325333
Model1,3pop,15,301,400,74,0.33078
Model1,3pop,15,401,500,79,0.356605
Model1,3pop,15,501,600,71,0.323938
Model1,3pop,15,601,700,79,0.353305
Model1,3pop,15,701,800,80,0.347655
Model1,3pop,15,801,900,81,0.362237
Model1,3pop,15,901,1000,82,0.365424
Model1,3pop,0,1,100,76,0.343164
Model1,3pop,0,101,200,77,0.344695
Model1,3pop,0,201,300,75,0.338333
Model1,3pop,0,301,400,74,0.334243
Model1,3pop,0,401,500,80,0.353469
Model1,3pop,0,501,600,77,0.341763
Model1,3pop,0,601,700,80,0.365181
Model1,3pop,0,701,800,76,0.330718
Model1,3pop,0,801,900,72,0.317503
Model1,3pop,0,901,1000,77,0.339949
Model1,3pop,18,1,100,72,0.330153
Model1,3pop,18,101,200,83,0.383616
Model1,3pop,18,201,300,83,0.386328
Model1,3pop,18,301,400,82,0.366864
Model1,3pop,18,401,500,78,0.343316
Model1,3pop,18,501,600,73,0.340073
Model1,3pop,18,601,700,80,0.36291
Model1,3pop,18,701,800,85,0.382571
Model1,3pop,18,801,900,75,0.343458
Model1,3pop,18,901,1000,73,0.328203
Model1,3pop,6,1,100,76,0.344169
Model1,3pop,6,101,200,76,0.342983
Model1,3pop,6,201,300,78,0.348588
Model1,3pop,6,301,400,77,0.347763
Model1,3pop,6,401,500,79,0.345209
Model1,3pop,6,501,600,76,0.331141
Model1,3pop,6,601,700,76,0.348209
Model1,3pop,6,701,800,85,0.390226
Model1,3pop,6,801,900,74,0.334147
Model1,3pop,6,901,1000,72,0.326102
Model1,3pop,3,1,100,81,0.361458
Model1,3pop,3,101,200,75,0.33874
Model1,3pop,3,201,300,78,0.351718
Model1,3pop,3,301,400,80,0.363582
Model1,3pop,3,401,500,81,0.366056
Model1,3pop,3,501,600,78,0.351932
Model1,3pop,3,601,700,77,0.335887
Model1,3pop,3,701,800,80,0.348299
Model1,3pop,3,801,900,85,0.375085
Model1,3pop,3,901,1000,73,0.333429
Model1,3pop,12,1,100,77,0.366226
Model1,3pop,12,101,200,79,0.37148
Model1,3pop,12,201,300,85,0.394972
Model1,3pop,12,301,400,86,0.403593
Model1,3pop,12,401,500,78,0.367706
Model1,3pop,12,501,600,84,0.376972
Model1,3pop,12,601,700,76,0.362633
Model1,3pop,12,701,800,79,0.361356
Model1,3pop,12,801,900,87,0.409271
Model1,3pop,12,901,1000,81,0.379475
Model1,3pop,10,1,100,80,0.358927
Model1,3pop,10,101,200,86,0.376531
Model1,3pop,10,201,300,79,0.350226
Model1,3pop,10,301,400,75,0.332288
Model1,3pop,10,401,500,76,0.344729
Model1,3pop,10,501,600,81,0.370158
Model1,3pop,10,601,700,75,0.343181
Model1,3pop,10,701,800,81,0.359994
Model1,3pop,10,801,900,73,0.337814
Model1,3pop,10,901,1000,81,0.365367
Model1,3pop,13,1,100,84,0.386051
Model1,3pop,13,101,200,69,0.321921
Model1,3pop,13,201,300,76,0.332548
Model1,3pop,13,301,400,78,0.34487
Model1,3pop,13,401,500,77,0.35635
Model1,3pop,13,501,600,79,0.340249
Model1,3pop,13,601,700,81,0.379588
Model1,3pop,13,701,800,77,0.341508
Model1,3pop,13,801,900,78,0.357277
Model1,3pop,13,901,1000,91,0.421847
Model1,3pop,14,1,100,75,0.328068
Model1,3pop,14,101,200,76,0.351328
Model1,3pop,14,201,300,81,0.366983
Model1,3pop,14,301,400,88,0.40561
Model1,3pop,14,401,500,86,0.399508
Model1,3pop,14,501,600,81,0.362362
Model1,3pop,14,601,700,81,0.376847
Model1,3pop,14,701,800,84,0.379576
Model1,3pop,14,801,900,83,0.384542
Model1,3pop,14,901,1000,80,0.362768
Model1,3pop,4,1,100,74,0.322107
Model1,3pop,4,101,200,80,0.365672
Model1,3pop,4,201,300,79,0.365384
Model1,3pop,4,301,400,81,0.36822
Model1,3pop,4,401,500,72,0.31209
Model1,3pop,4,501,600,75,0.336068
Model1,3pop,4,601,700,75,0.341576
Model1,3pop,4,701,800,82,0.372119
Model1,3pop,4,801,900,70,0.324571
Model1,3pop,4,901,1000,74,0.332949
Model1,3pop,16,1,100,85,0.38396
Model1,3pop,16,101,200,80,0.361808
Model1,3pop,16,201,300,78,0.352638
Model1,3pop,16,301,400,85,0.379435
Model1,3pop,16,401,500,81,0.358299
Model1,3pop,16,501,600,89,0.388825
Model1,3pop,16,601,700,81,0.366486
Model1,3pop,16,701,800,76,0.338503
Model1,3pop,16,801,900,84,0.384299
Model1,3pop,16,901,1000,78,0.351514
Model1,3pop,19,1,100,85,0.385548
Model1,3pop,19,101,200,77,0.34126
Model1,3pop,19,201,300,79,0.357249
Model1,3pop,19,301,400,82,0.365876
Model1,3pop,19,401,500,75,0.355689
Model1,3pop,19,501,600,81,0.363746
Model1,3pop,19,601,700,78,0.348915
Model1,3pop,19,701,800,85,0.390633
Model1,3pop,19,801,900,71,0.316412
Model1,3pop,19,901,1000,81,0.37078
Model1,3pop,13,1,100,83,0.377226
Model1,3pop,13,101,200,74,0.333079
Model1,3pop,13,201,300,72,0.319237
Model1,3pop,13,301,400,73,0.320124
Model1,3pop,13,401,500,80,0.365977
Model1,3pop,13,501,600,73,0.330441
Model1,3pop,13,601,700,76,0.347203
Model1,3pop,13,701,800,75,0.337294
Model1,3pop,13,801,900,73,0.320887
Model1,3pop,13,901,1000,82,0.356836
Model1,3pop,18,1,100,79,0.352333
Model1,3pop,18,101,200,80,0.353441
Model1,3pop,18,201,300,79,0.336508
Model1,3pop,18,301,400,75,0.337678
Model1,3pop,18,401,500,78,0.342469
Model1,3pop,18,501,600,82,0.340859
Model1,3pop,18,601,700,74,0.324644
Model1,3pop,18,701,800,78,0.339
Model1,3pop,18,801,900,71,0.299672
Model1,3pop,18,901,1000,73,0.324576
Model1,3pop,2,1,100,74,0.341797
Model1,3pop,2,101,200,79,0.342458
Model1,3pop,2,201,300,88,0.418808
Model1,3pop,2,301,400,81,0.386068
Model1,3pop,2,401,500,77,0.354215
Model1,3pop,2,501,600,71,0.323831
Model1,3pop,2,601,700,81,0.370768
Model1,3pop,2,701,800,80,0.374876
Model1,3pop,2,801,900,82,0.392678
Model1,3pop,2,901,1000,73,0.346073
Model1,3pop,16,1,100,76,0.330994
Model1,3pop,16,101,200,82,0.366819
Model1,3pop,16,201,300,69,0.306853
Model1,3pop,16,301,400,77,0.339729
Model1,3pop,16,401,500,84,0.383768
Model1,3pop,16,501,600,72,0.326475
Model1,3pop,16,601,700,77,0.346571
Model1,3pop,16,701,800,85,0.376051
Model1,3pop,16,801,900,83,0.381232
Model1,3pop,16,901,1000,79,0.339316
Model1,3pop,6,1,100,81,0.37348
Model1,3pop,6,101,200,78,0.355345
Model1,3pop,6,201,300,78,0.338718
Model1,3pop,6,301,400,79,0.347452
Model1,3pop,6,401,500,78,0.347853
Model1,3pop,6,501,600,78,0.353644
Model1,3pop,6,601,700,78,0.348904
Model1,3pop,6,701,800,81,0.361814
Model1,3pop,6,801,900,76,0.331898
Model1,3pop,6,901,1000,78,0.321441
Model1,3pop,4,1,100,78,0.348424
Model1,3pop,4,101,200,69,0.310915
Model1,3pop,4,201,300,79,0.348994
Model1,3pop,4,301,400,84,0.381045
Model1,3pop,4,401,500,76,0.323441
Model1,3pop,4,501,600,69,0.308588
Model1,3pop,4,601,700,77,0.341989
Model1,3pop,4,701,800,67,0.300362
Model1,3pop,4,801,900,77,0.343797
Model1,3pop,4,901,1000,82,0.364819
Model1,3pop,2,1,100,80,0.361599
Model1,3pop,2,101,200,72,0.319
Model1,3pop,2,201,300,82,0.375384
Model1,3pop,2,301,400,76,0.346797
Model1,3pop,2,401,500,72,0.336757
Model1,3pop,2,501,600,72,0.326492
Model1,3pop,2,601,700,78,0.350023
Model1,3pop,2,701,800,83,0.382734
Model1,3pop,2,801,900,81,0.359469
Model1,3pop,2,901,1000,77,0.337689
Model1,3pop,4,1,100,73,0.332734
Model1,3pop,4,101,200,85,0.382073
Model1,3pop,4,201,300,78,0.356169
Model1,3pop,4,301,400,87,0.372576
Model1,3pop,4,401,500,80,0.356751
Model1,3pop,4,501,600,81,0.364972
Model1,3pop,4,601,700,74,0.306989
Model1,3pop,4,701,800,74,0.329232
Model1,3pop,4,801,900,79,0.333638
Model1,3pop,4,901,1000,77,0.341424
Model1,3pop,3,1,100,79,0.380362
Model1,3pop,3,101,200,83,0.384559
Model1,3pop,3,201,300,87,0.393164
Model1,3pop,3,301,400,84,0.406192
Model1,3pop,3,401,500,88,0.41048
Model1,3pop,3,501,600,86,0.408299
Model1,3pop,3,601,700,81,0.371966
Model1,3pop,3,701,800,75,0.340102
Model1,3pop,3,801,900,78,0.366582
Model1,3pop,3,901,1000,81,0.387785
Model1,3pop,18,1,100,78,0.349723
Model1,3pop,18,101,200,74,0.322808
Model1,3pop,18,201,300,81,0.356944
Model1,3pop,18,301,400,75,0.331684
Model1,3pop,18,401,500,70,0.294672
Model1,3pop,18,501,600,73,0.326678
Model1,3pop,18,601,700,75,0.327079
Model1,3pop,18,701,800,74,0.331955
Model1,3pop,18,801,900,83,0.369915
Model1,3pop,18,901,1000,79,0.344209
Model1,3pop,5,1,100,70,0.308847
Model1,3pop,5,101,200,89,0.390915
Model1,3pop,5,201,300,78,0.350904
Model1,3pop,5,301,400,78,0.348153
Model1,3pop,5,401,500,76,0.322198
Model1,3pop,5,501,600,79,0.346169
Model1,3pop,5,601,700,79,0.354339
Model1,3pop,5,701,800,72,0.322525
Model1,3pop,5,801,900,77,0.348876
Model1,3pop,5,901,1000,80,0.344525
Model1,3pop,18,1,100,74,0.34078
Model1,3pop,18,101,200,78,0.335169
Model1,3pop,18,201,300,70,0.317011
Model1,3pop,18,301,400,67,0.305051
Model1,3pop,18,401,500,72,0.326559
Model1,3pop,18,501,600,75,0.339429
Model1,3pop,18,601,700,75,0.336706
Model1,3pop,18,701,800,77,0.348243
Model1,3pop,18,801,900,80,0.356503
Model1,3pop,18,901,1000,74,0.332859
Model1,3pop,12,1,100,76,0.331678
Model1,3pop,12,101,200,81,0.360915
Model1,3pop,12,201,300,82,0.365169
Model1,3pop,12,301,400,78,0.356972
Model1,3pop,12,401,500,76,0.331915
Model1,3pop,12,501,600,78,0.357667
Model1,3pop,12,601,700,79,0.353322
Model1,3pop,12,701,800,86,0.389333
Model1,3pop,12,801,900,81,0.363554
Model1,3pop,12,901,1000,73,0.309164
Model1,3pop,11,1,100,78,0.355497
Model1,3pop,11,101,200,85,0.384294
Model1,3pop,11,201,300,77,0.338508
Model1,3pop,11,301,400,74,0.327949
Model1,3pop,11,401,500,82,0.364288
Model1,3pop,11,501,600,76,0.324367
Model1,3pop,11,601,700,76,0.340497
Model1,3pop,11,701,800,72,0.31913
Model1,3pop,11,801,900,80,0.361051
Model1,3pop,11,901,1000,83,0.368542
Model1,3pop,7,1,100,74,0.341571
Model1,3pop,7,101,200,80,0.367616
Model1,3pop,7,201,300,77,0.343153
Model1,3pop,7,301,400,69,0.322113
Model1,3pop,7,401,500,75,0.335407
Model1,3pop,7,501,600,85,0.387034
Model1,3pop,7,601,700,78,0.364079
Model1,3pop,7,701,800,75,0.34835
Model1,3pop,7,801,900,78,0.348
Model1,3pop,7,901,1000,75,0.338593
Model1,3pop,19,1,100,79,0.35665
Model1,3pop,19,101,200,68,0.293915
Model1,3pop,19,201,300,68,0.302678
Model1,3pop,19,301,400,71,0.321254
Model1,3pop,19,401,500,72,0.326525
Model1,3pop,19,501,600,75,0.33091
Model1,3pop,19,601,700,77,0.352412
Model1,3pop,19,701,800,85,0.374328
Model1,3pop,19,801,900,75,0.335113
Model1,3pop,19,901,1000,79,0.35687
Model1,3pop,3,1,100,75,0.341638
Model1,3pop,3,101,200,77,0.348689
Model1,3pop,3,201,300,75,0.330638
Model1,3pop,3,301,400,83,0.37778
Model1,3pop,3,401,500,74,0.334305
Model1,3pop,3,501,600,75,0.33596
Model1,3pop,3,601,700,79,0.364209
Model1,3pop,3,701,800,84,0.385017
Model1,3pop,3,801,900,72,0.333237
Model1,3pop,3,901,1000,81,0.366424
Model1,3pop,9,1,100,78,0.348395
Model1,3pop,9,101,200,75,0.341469
Model1,3pop,9,201,300,84,0.380989
Model1,3pop,9,301,400,75,0.336492
Model1,3pop,9,401,500,84,0.379542
Model1,3pop,9,501,600,81,0.364616
Model1,3pop,9,601,700,75,0.329435
Model1,3pop,9,701,800,71,0.324266
Model1,3pop,9,801,900,72,0.316514
Model1,3pop,9,901,1000,74,0.320186
Model1,3pop,3,1,100,81,0.361034
Model1,3pop,3,101,200,74,0.327096
Model1,3pop,3,201,300,70,0.310621
Model1,3pop,3,301,400,79,0.357266
Model1,3pop,3,401,500,76,0.342503
Model1,3pop,3,501,600,71,0.305006
Model1,3pop,3,601,700,72,0.324712
Model1,3pop,3,701,800,74,0.328836
Model1,3pop,3,801,900,76,0.346701
Model1,3pop,3,901,1000,71,0.32222
Model1,3pop,19,1,100,71,0.312277
Model1,3pop,19,101,200,74,0.33652
Model1,3pop,19,201,300,85,0.384819
Model1,3pop,19,301,400,73,0.313006
Model1,3pop,19,401,500,77,0.348079
Model1,3pop,19,501,600,79,0.355322
Model1,3pop,19,601,700,79,0.34222
Model1,3pop,19,701,800,68,0.307893
Model1,3pop,19,801,900,83,0.376712
Model1,3pop,19,901,1000,82,0.374379
