Model,Pop,CHROM,BIN_START,BIN_END,N_VARIANTS,PI
Model3,3pop,13,1,100,10,0.0300395
Model3,3pop,13,101,200,12,0.0471921
Model3,3pop,13,201,300,11,0.0285593
Model3,3pop,13,301,400,12,0.0360678
Model3,3pop,13,401,500,14,0.0397119
Model3,3pop,13,501,600,21,0.0803051
Model3,3pop,13,601,700,16,0.0551299
Model3,3pop,13,701,800,15,0.0514576
Model3,3pop,13,801,900,17,0.055661
Model3,3pop,13,901,1000,12,0.0426384
Model3,3pop,6,1,100,12,0.0373446
Model3,3pop,6,101,200,9,0.0223672
Model3,3pop,6,201,300,8,0.0378136
Model3,3pop,6,301,400,5,0.012452
Model3,3pop,6,401,500,9,0.0225989
Model3,3pop,6,501,600,13,0.0310791
Model3,3pop,6,601,700,8,0.0137119
Model3,3pop,6,701,800,14,0.0423333
Model3,3pop,6,801,900,6,0.0125989
Model3,3pop,6,901,1000,8,0.0260678
Model3,3pop,12,1,100,16,0.0583898
Model3,3pop,12,101,200,17,0.0711525
Model3,3pop,12,201,300,14,0.0476158
Model3,3pop,12,301,400,18,0.0674915
Model3,3pop,12,401,500,22,0.0828531
Model3,3pop,12,501,600,16,0.0529266
Model3,3pop,12,601,700,16,0.0552712
Model3,3pop,12,701,800,18,0.0670226
Model3,3pop,12,801,900,10,0.0444633
Model3,3pop,12,901,1000,24,0.100605
Model3,3pop,2,1,100,15,0.0383955
Model3,3pop,2,101,200,15,0.0389209
Model3,3pop,2,201,300,9,0.0178644
Model3,3pop,2,301,400,15,0.037113
Model3,3pop,2,401,500,14,0.0254746
Model3,3pop,2,501,600,12,0.0174746
Model3,3pop,2,601,700,18,0.0373503
Model3,3pop,2,701,800,14,0.0330339
Model3,3pop,2,801,900,20,0.0414802
Model3,3pop,2,901,1000,17,0.0315424
Model3,3pop,12,1,100,9,0.0200904
Model3,3pop,12,101,200,17,0.0273785
Model3,3pop,12,201,300,7,0.0140452
Model3,3pop,12,301,400,17,0.0389379
Model3,3pop,12,401,500,12,0.0141977
Model3,3pop,12,501,600,8,0.0145819
Model3,3pop,12,601,700,15,0.0395141
Model3,3pop,12,701,800,8,0.0193729
Model3,3pop,12,801,900,8,0.0153107
Model3,3pop,12,901,1000,10,0.0245254
Model3,3pop,11,1,100,11,0.0245085
Model3,3pop,11,101,200,13,0.0379435
Model3,3pop,11,201,300,10,0.028209
Model3,3pop,11,301,400,13,0.0252373
Model3,3pop,11,401,500,6,0.0149492
Model3,3pop,11,501,600,14,0.0272599
Model3,3pop,11,601,700,11,0.0387006
Model3,3pop,11,701,800,13,0.0318192
Model3,3pop,11,801,900,14,0.0279153
Model3,3pop,11,901,1000,13,0.0237006
Model3,3pop,6,1,100,11,0.0190734
Model3,3pop,6,101,200,8,0.0207006
Model3,3pop,6,201,300,16,0.0375593
Model3,3pop,6,301,400,11,0.0184859
Model3,3pop,6,401,500,11,0.0306497
Model3,3pop,6,501,600,14,0.022661
Model3,3pop,6,601,700,12,0.0294802
Model3,3pop,6,701,800,10,0.0127062
Model3,3pop,6,801,900,11,0.0207062
Model3,3pop,6,901,1000,8,0.0111751
Model3,3pop,8,1,100,16,0.0447571
Model3,3pop,8,101,200,18,0.0566045
Model3,3pop,8,201,300,16,0.0432768
Model3,3pop,8,301,400,10,0.0217571
Model3,3pop,8,401,500,15,0.0409661
Model3,3pop,8,501,600,11,0.0257853
Model3,3pop,8,601,700,9,0.025339
Model3,3pop,8,701,800,10,0.0310621
Model3,3pop,8,801,900,12,0.0367966
Model3,3pop,8,901,1000,11,0.037565
Model3,3pop,12,1,100,2,0.0039096
Model3,3pop,12,101,200,6,0.0146328
Model3,3pop,12,201,300,5,0.011226
Model3,3pop,12,301,400,9,0.0160734
Model3,3pop,12,401,500,13,0.0224294
Model3,3pop,12,501,600,9,0.012661
Model3,3pop,12,601,700,2,0.00131638
Model3,3pop,12,701,800,8,0.0144972
Model3,3pop,12,801,900,6,0.0166102
Model3,3pop,12,901,1000,11,0.0219096
Model3,3pop,19,1,100,5,0.0119605
Model3,3pop,19,101,200,7,0.0181977
Model3,3pop,19,201,300,1,0.00363842
Model3,3pop,19,301,400,7,0.00751977
Model3,3pop,19,401,500,9,0.0218418
Model3,3pop,19,501,600,13,0.034548
Model3,3pop,19,601,700,8,0.0188531
Model3,3pop,19,701,800,12,0.0253277
Model3,3pop,19,801,900,5,0.00875706
Model3,3pop,19,901,1000,10,0.0187345
Model3,3pop,17,1,100,10,0.0338983
Model3,3pop,17,101,200,12,0.0308249
Model3,3pop,17,201,300,11,0.0267627
Model3,3pop,17,301,400,12,0.0539831
Model3,3pop,17,401,500,7,0.0195763
Model3,3pop,17,501,600,13,0.0381356
Model3,3pop,17,601,700,6,0.0219379
Model3,3pop,17,701,800,6,0.0146102
Model3,3pop,17,801,900,10,0.0336271
Model3,3pop,17,901,1000,11,0.0262034
Model3,3pop,17,1,100,10,0.0276045
Model3,3pop,17,101,200,10,0.0247966
Model3,3pop,17,201,300,6,0.0133785
Model3,3pop,17,301,400,13,0.027113
Model3,3pop,17,401,500,11,0.0215141
Model3,3pop,17,501,600,10,0.0244407
Model3,3pop,17,601,700,16,0.0372712
Model3,3pop,17,701,800,10,0.0216328
Model3,3pop,17,801,900,10,0.0179153
Model3,3pop,17,901,1000,20,0.0480226
Model3,3pop,6,1,100,8,0.0196158
Model3,3pop,6,101,200,9,0.00476271
Model3,3pop,6,201,300,7,0.00819774
Model3,3pop,6,301,400,8,0.0117853
Model3,3pop,6,401,500,9,0.00426554
Model3,3pop,6,501,600,13,0.0174237
Model3,3pop,6,601,700,13,0.0119831
Model3,3pop,6,701,800,12,0.0109492
Model3,3pop,6,801,900,11,0.0150226
Model3,3pop,6,901,1000,13,0.0143051
Model3,3pop,8,1,100,10,0.0191186
Model3,3pop,8,101,200,11,0.0218814
Model3,3pop,8,201,300,8,0.00758757
Model3,3pop,8,301,400,10,0.024322
Model3,3pop,8,401,500,7,0.0123729
Model3,3pop,8,501,600,3,0.00249718
Model3,3pop,8,601,700,9,0.0195085
Model3,3pop,8,701,800,1,0.000333333
Model3,3pop,8,801,900,6,0.00942373
Model3,3pop,8,901,1000,6,0.00841808
Model3,3pop,12,1,100,5,0.0135989
Model3,3pop,12,101,200,5,0.00758192
Model3,3pop,12,201,300,12,0.0199153
Model3,3pop,12,301,400,9,0.0176949
Model3,3pop,12,401,500,12,0.0230508
Model3,3pop,12,501,600,6,0.010548
Model3,3pop,12,601,700,5,0.0117684
Model3,3pop,12,701,800,8,0.0200621
Model3,3pop,12,801,900,12,0.0238249
Model3,3pop,12,901,1000,4,0.00545198
Model3,3pop,19,1,100,12,0.0203955
Model3,3pop,19,101,200,9,0.0134915
Model3,3pop,19,201,300,14,0.0200508
Model3,3pop,19,301,400,13,0.0204576
Model3,3pop,19,401,500,11,0.0241695
Model3,3pop,19,501,600,10,0.0172938
Model3,3pop,19,601,700,9,0.0176441
Model3,3pop,19,701,800,20,0.0302825
Model3,3pop,19,801,900,8,0.00876271
Model3,3pop,19,901,1000,13,0.0189209
Model3,3pop,12,1,100,11,0.0172768
Model3,3pop,12,101,200,9,0.0122373
Model3,3pop,12,201,300,11,0.0200395
Model3,3pop,12,301,400,11,0.0167345
Model3,3pop,12,401,500,13,0.0181525
Model3,3pop,12,501,600,9,0.0111808
Model3,3pop,12,601,700,9,0.0192429
Model3,3pop,12,701,800,11,0.0145989
Model3,3pop,12,801,900,11,0.0219209
Model3,3pop,12,901,1000,18,0.0348531
Model3,3pop,7,1,100,15,0.0355763
Model3,3pop,7,101,200,8,0.0112938
Model3,3pop,7,201,300,11,0.0277571
Model3,3pop,7,301,400,7,0.0079435
Model3,3pop,7,401,500,13,0.0344633
Model3,3pop,7,501,600,9,0.0269944
Model3,3pop,7,601,700,9,0.0239661
Model3,3pop,7,701,800,12,0.0268644
Model3,3pop,7,801,900,11,0.0192825
Model3,3pop,7,901,1000,9,0.0191356
Model3,3pop,9,1,100,9,0.00769492
Model3,3pop,9,101,200,11,0.0167514
Model3,3pop,9,201,300,13,0.0176384
Model3,3pop,9,301,400,12,0.00902825
Model3,3pop,9,401,500,7,0.00515254
Model3,3pop,9,501,600,8,0.00794915
Model3,3pop,9,601,700,10,0.00999435
Model3,3pop,9,701,800,10,0.00993785
Model3,3pop,9,801,900,7,0.0080339
Model3,3pop,9,901,1000,8,0.00753672
Model3,3pop,11,1,100,15,0.0124463
Model3,3pop,11,101,200,13,0.0111808
Model3,3pop,11,201,300,14,0.0147119
Model3,3pop,11,301,400,10,0.016096
Model3,3pop,11,401,500,13,0.0106045
Model3,3pop,11,501,600,10,0.0137006
Model3,3pop,11,601,700,7,0.00857627
Model3,3pop,11,701,800,8,0.00955367
Model3,3pop,11,801,900,10,0.00683051
Model3,3pop,11,901,1000,8,0.0124463
Model3,3pop,4,1,100,8,0.019887
Model3,3pop,4,101,200,13,0.030226
Model3,3pop,4,201,300,9,0.0206723
Model3,3pop,4,301,400,9,0.0200565
Model3,3pop,4,401,500,12,0.0272542
Model3,3pop,4,501,600,9,0.0185593
Model3,3pop,4,601,700,11,0.0270847
Model3,3pop,4,701,800,9,0.0191864
Model3,3pop,4,801,900,9,0.0241017
Model3,3pop,4,901,1000,11,0.0226102
Model3,3pop,17,1,100,6,0.0117797
Model3,3pop,17,101,200,5,0.00624294
Model3,3pop,17,201,300,7,0.0116949
Model3,3pop,17,301,400,9,0.0227119
Model3,3pop,17,401,500,6,0.0139209
Model3,3pop,17,501,600,10,0.0203842
Model3,3pop,17,601,700,11,0.0106158
Model3,3pop,17,701,800,6,0.00389831
Model3,3pop,17,801,900,8,0.0136215
Model3,3pop,17,901,1000,7,0.0131186
Model3,3pop,14,1,100,7,0.00942938
Model3,3pop,14,101,200,11,0.0120169
Model3,3pop,14,201,300,9,0.0121808
Model3,3pop,14,301,400,8,0.00520904
Model3,3pop,14,401,500,12,0.0112316
Model3,3pop,14,501,600,9,0.0152881
Model3,3pop,14,601,700,4,0.00287571
Model3,3pop,14,701,800,11,0.0180565
Model3,3pop,14,801,900,8,0.00821469
Model3,3pop,14,901,1000,9,0.017435
Model3,3pop,11,1,100,9,0.0275876
Model3,3pop,11,101,200,9,0.0174011
Model3,3pop,11,201,300,14,0.0227514
Model3,3pop,11,301,400,10,0.0173785
Model3,3pop,11,401,500,3,0.0150113
Model3,3pop,11,501,600,9,0.0165989
Model3,3pop,11,601,700,6,0.00810734
Model3,3pop,11,701,800,12,0.0243446
Model3,3pop,11,801,900,15,0.0257684
Model3,3pop,11,901,1000,5,0.0120113
Model3,3pop,3,1,100,10,0.0151412
Model3,3pop,3,101,200,7,0.0145198
Model3,3pop,3,201,300,4,0.0125085
Model3,3pop,3,301,400,6,0.00716949
Model3,3pop,3,401,500,10,0.0157401
Model3,3pop,3,501,600,13,0.0280282
Model3,3pop,3,601,700,8,0.015096
Model3,3pop,3,701,800,8,0.00517514
Model3,3pop,3,801,900,9,0.0132768
Model3,3pop,3,901,1000,6,0.0133503
Model3,3pop,7,1,100,8,0.00867232
Model3,3pop,7,101,200,7,0.00993785
Model3,3pop,7,201,300,11,0.0238192
Model3,3pop,7,301,400,9,0.0142768
Model3,3pop,7,401,500,7,0.0120113
Model3,3pop,7,501,600,14,0.023565
Model3,3pop,7,601,700,8,0.0164407
Model3,3pop,7,701,800,7,0.010096
Model3,3pop,7,801,900,7,0.00849153
Model3,3pop,7,901,1000,9,0.0123559
Model3,3pop,5,1,100,9,0.0104915
Model3,3pop,5,101,200,8,0.0134124
Model3,3pop,5,201,300,9,0.0128023
Model3,3pop,5,301,400,8,0.0273898
Model3,3pop,5,401,500,15,0.0271921
Model3,3pop,5,501,600,7,0.0137966
Model3,3pop,5,601,700,7,0.0137684
Model3,3pop,5,701,800,6,0.0163333
Model3,3pop,5,801,900,15,0.0299096
Model3,3pop,5,901,1000,15,0.0286723
Model3,3pop,18,1,100,7,0.012791
Model3,3pop,18,101,200,9,0.00898305
Model3,3pop,18,201,300,9,0.00970621
Model3,3pop,18,301,400,7,0.0165028
Model3,3pop,18,401,500,5,0.00563277
Model3,3pop,18,501,600,7,0.00988136
Model3,3pop,18,601,700,8,0.0174689
Model3,3pop,18,701,800,4,0.011435
Model3,3pop,18,801,900,6,0.0134294
Model3,3pop,18,901,1000,7,0.0110113
Model3,3pop,10,1,100,16,0.0298701
Model3,3pop,10,101,200,12,0.0247232
Model3,3pop,10,201,300,10,0.0246384
Model3,3pop,10,301,400,13,0.0375028
Model3,3pop,10,401,500,11,0.0345706
Model3,3pop,10,501,600,5,0.00867232
Model3,3pop,10,601,700,12,0.0390734
Model3,3pop,10,701,800,12,0.0163729
Model3,3pop,10,801,900,10,0.0174576
Model3,3pop,10,901,1000,11,0.0253277
Model3,3pop,16,1,100,17,0.0342034
Model3,3pop,16,101,200,21,0.0595537
Model3,3pop,16,201,300,13,0.0294463
Model3,3pop,16,301,400,7,0.0112034
Model3,3pop,16,401,500,17,0.0418531
Model3,3pop,16,501,600,8,0.0279661
Model3,3pop,16,601,700,17,0.0359379
Model3,3pop,16,701,800,13,0.0234407
Model3,3pop,16,801,900,14,0.0189492
Model3,3pop,16,901,1000,10,0.0280904
Model3,3pop,8,1,100,5,0.00988136
Model3,3pop,8,101,200,14,0.0319153
Model3,3pop,8,201,300,9,0.0223955
Model3,3pop,8,301,400,13,0.0237458
Model3,3pop,8,401,500,13,0.0305141
Model3,3pop,8,501,600,13,0.0364011
Model3,3pop,8,601,700,17,0.0557853
Model3,3pop,8,701,800,12,0.0371808
Model3,3pop,8,801,900,11,0.024887
Model3,3pop,8,901,1000,13,0.0295141
Model3,3pop,18,1,100,5,0.0198531
Model3,3pop,18,101,200,10,0.0121243
Model3,3pop,18,201,300,6,0.0100734
Model3,3pop,18,301,400,5,0.0100565
Model3,3pop,18,401,500,6,0.013678
Model3,3pop,18,501,600,8,0.00944633
Model3,3pop,18,601,700,5,0.00934463
Model3,3pop,18,701,800,9,0.0228475
Model3,3pop,18,801,900,8,0.0121186
Model3,3pop,18,901,1000,9,0.0121469
Model3,3pop,14,1,100,11,0.0249379
Model3,3pop,14,101,200,21,0.0229266
Model3,3pop,14,201,300,18,0.0415311
Model3,3pop,14,301,400,7,0.0169153
Model3,3pop,14,401,500,13,0.0239379
Model3,3pop,14,501,600,8,0.0103051
Model3,3pop,14,601,700,15,0.0340226
Model3,3pop,14,701,800,14,0.0263559
Model3,3pop,14,801,900,13,0.0244124
Model3,3pop,14,901,1000,14,0.0366384
Model3,3pop,15,1,100,14,0.0440452
Model3,3pop,15,101,200,18,0.0519661
Model3,3pop,15,201,300,8,0.023452
Model3,3pop,15,301,400,14,0.0260339
Model3,3pop,15,401,500,11,0.0245763
Model3,3pop,15,501,600,8,0.00801695
Model3,3pop,15,601,700,17,0.0374746
Model3,3pop,15,701,800,15,0.0314011
Model3,3pop,15,801,900,13,0.0358475
Model3,3pop,15,901,1000,10,0.0216215
Model3,3pop,19,1,100,6,0.0117797
Model3,3pop,19,101,200,5,0.00624294
Model3,3pop,19,201,300,7,0.0116949
Model3,3pop,19,301,400,9,0.0227119
Model3,3pop,19,401,500,6,0.0139209
Model3,3pop,19,501,600,10,0.0203842
Model3,3pop,19,601,700,11,0.0106158
Model3,3pop,19,701,800,6,0.00389831
Model3,3pop,19,801,900,8,0.0136215
Model3,3pop,19,901,1000,7,0.0131186
Model3,3pop,2,1,100,10,0.0236497
Model3,3pop,2,101,200,14,0.0392768
Model3,3pop,2,201,300,15,0.0397966
Model3,3pop,2,301,400,13,0.0187627
Model3,3pop,2,401,500,15,0.0317514
Model3,3pop,2,501,600,9,0.0294068
Model3,3pop,2,601,700,11,0.0240621
Model3,3pop,2,701,800,6,0.0132486
Model3,3pop,2,801,900,10,0.0222655
Model3,3pop,2,901,1000,10,0.0293842
Model3,3pop,16,1,100,14,0.0184011
Model3,3pop,16,101,200,22,0.0460678
Model3,3pop,16,201,300,14,0.0329887
Model3,3pop,16,301,400,9,0.0148475
Model3,3pop,16,401,500,18,0.0390339
Model3,3pop,16,501,600,21,0.0367684
Model3,3pop,16,601,700,9,0.024209
Model3,3pop,16,701,800,9,0.0130226
Model3,3pop,16,801,900,15,0.0236667
Model3,3pop,16,901,1000,6,0.019226
Model3,3pop,14,1,100,12,0.0402542
Model3,3pop,14,101,200,10,0.030904
Model3,3pop,14,201,300,7,0.0116497
Model3,3pop,14,301,400,17,0.0322768
Model3,3pop,14,401,500,9,0.0310734
Model3,3pop,14,501,600,4,0.0167232
Model3,3pop,14,601,700,12,0.033791
Model3,3pop,14,701,800,19,0.0563842
Model3,3pop,14,801,900,9,0.0317627
Model3,3pop,14,901,1000,10,0.0291638
Model3,3pop,10,1,100,9,0.0157175
Model3,3pop,10,101,200,13,0.0179435
Model3,3pop,10,201,300,4,0.0069774
Model3,3pop,10,301,400,11,0.025435
Model3,3pop,10,401,500,6,0.0118701
Model3,3pop,10,501,600,12,0.0145141
Model3,3pop,10,601,700,9,0.0130791
Model3,3pop,10,701,800,12,0.0174294
Model3,3pop,10,801,900,8,0.0167966
Model3,3pop,10,901,1000,9,0.00697175
Model3,3pop,0,1,100,7,0.0179322
Model3,3pop,0,101,200,11,0.0184859
Model3,3pop,0,201,300,7,0.00763277
Model3,3pop,0,301,400,6,0.00772881
Model3,3pop,0,401,500,5,0.0079435
Model3,3pop,0,501,600,4,0.0101412
Model3,3pop,0,601,700,13,0.0258757
Model3,3pop,0,701,800,7,0.0166102
Model3,3pop,0,801,900,4,0.00319774
Model3,3pop,0,901,1000,9,0.00959887
Model3,3pop,6,1,100,12,0.0099661
Model3,3pop,6,101,200,13,0.00676271
Model3,3pop,6,201,300,15,0.0219661
Model3,3pop,6,301,400,10,0.011339
Model3,3pop,6,401,500,11,0.00631638
Model3,3pop,6,501,600,4,0.00367232
Model3,3pop,6,601,700,12,0.0107627
Model3,3pop,6,701,800,7,0.0107458
Model3,3pop,6,801,900,13,0.0124011
Model3,3pop,6,901,1000,11,0.0154859
Model3,3pop,19,1,100,12,0.0297401
Model3,3pop,19,101,200,12,0.0188644
Model3,3pop,19,201,300,6,0.0112768
Model3,3pop,19,301,400,7,0.00927684
Model3,3pop,19,401,500,6,0.0114972
Model3,3pop,19,501,600,5,0.0141356
Model3,3pop,19,601,700,8,0.0132938
Model3,3pop,19,701,800,4,0.00830508
Model3,3pop,19,801,900,3,0.00577401
Model3,3pop,19,901,1000,12,0.0213051
Model3,3pop,5,1,100,5,0.0149548
Model3,3pop,5,101,200,11,0.0303672
Model3,3pop,5,201,300,12,0.0187062
Model3,3pop,5,301,400,10,0.0314972
Model3,3pop,5,401,500,14,0.0334689
Model3,3pop,5,501,600,8,0.0219661
Model3,3pop,5,601,700,10,0.0174237
Model3,3pop,5,701,800,17,0.049096
Model3,3pop,5,801,900,13,0.0361017
Model3,3pop,5,901,1000,10,0.0268023
Model3,3pop,5,1,100,9,0.0265537
Model3,3pop,5,101,200,5,0.0106723
Model3,3pop,5,201,300,13,0.0305141
Model3,3pop,5,301,400,14,0.0362429
Model3,3pop,5,401,500,8,0.0144237
Model3,3pop,5,501,600,11,0.0234294
Model3,3pop,5,601,700,12,0.0263107
Model3,3pop,5,701,800,10,0.0211243
Model3,3pop,5,801,900,11,0.0243164
Model3,3pop,5,901,1000,8,0.0145537
Model3,3pop,2,1,100,7,0.0079548
Model3,3pop,2,101,200,11,0.0231977
Model3,3pop,2,201,300,11,0.0187458
Model3,3pop,2,301,400,14,0.026096
Model3,3pop,2,401,500,11,0.0233107
Model3,3pop,2,501,600,12,0.022887
Model3,3pop,2,601,700,7,0.0146215
Model3,3pop,2,701,800,6,0.00621469
Model3,3pop,2,801,900,13,0.0242429
Model3,3pop,2,901,1000,16,0.0296893
Model3,3pop,13,1,100,11,0.0180339
Model3,3pop,13,101,200,9,0.0181017
Model3,3pop,13,201,300,8,0.0171864
Model3,3pop,13,301,400,8,0.0105706
Model3,3pop,13,401,500,12,0.0254915
Model3,3pop,13,501,600,5,0.0059322
Model3,3pop,13,601,700,9,0.0155424
Model3,3pop,13,701,800,9,0.0141186
Model3,3pop,13,801,900,7,0.0172994
Model3,3pop,13,901,1000,5,0.0105819
Model3,3pop,0,1,100,8,0.0224915
Model3,3pop,0,101,200,8,0.013113
Model3,3pop,0,201,300,5,0.00989831
Model3,3pop,0,301,400,12,0.0303559
Model3,3pop,0,401,500,15,0.0365085
Model3,3pop,0,501,600,14,0.0275706
Model3,3pop,0,601,700,9,0.0167006
Model3,3pop,0,701,800,11,0.0329774
Model3,3pop,0,801,900,14,0.0325028
Model3,3pop,0,901,1000,13,0.0252994
Model3,3pop,8,1,100,7,0.0113446
Model3,3pop,8,101,200,13,0.0179096
Model3,3pop,8,201,300,8,0.0174124
Model3,3pop,8,301,400,6,0.00263277
Model3,3pop,8,401,500,7,0.016678
Model3,3pop,8,501,600,12,0.0210565
Model3,3pop,8,601,700,7,0.0151638
Model3,3pop,8,701,800,9,0.0186893
Model3,3pop,8,801,900,8,0.0183446
Model3,3pop,8,901,1000,11,0.0249322
Model3,3pop,3,1,100,13,0.0363672
Model3,3pop,3,101,200,9,0.0253559
Model3,3pop,3,201,300,14,0.0348192
Model3,3pop,3,301,400,17,0.0462429
Model3,3pop,3,401,500,5,0.00667232
Model3,3pop,3,501,600,6,0.0100791
Model3,3pop,3,601,700,12,0.0335198
Model3,3pop,3,701,800,14,0.0452655
Model3,3pop,3,801,900,16,0.0337401
Model3,3pop,3,901,1000,15,0.0403333
Model3,3pop,16,1,100,11,0.0224068
Model3,3pop,16,101,200,10,0.0134237
Model3,3pop,16,201,300,12,0.0132542
Model3,3pop,16,301,400,8,0.00985311
Model3,3pop,16,401,500,6,0.00577966
Model3,3pop,16,501,600,9,0.00957062
Model3,3pop,16,601,700,11,0.0196723
Model3,3pop,16,701,800,6,0.0089096
Model3,3pop,16,801,900,10,0.0189718
Model3,3pop,16,901,1000,10,0.0166102
Model3,3pop,11,1,100,14,0.040096
Model3,3pop,11,101,200,19,0.0585989
Model3,3pop,11,201,300,11,0.0427062
Model3,3pop,11,301,400,16,0.0315367
Model3,3pop,11,401,500,15,0.0449718
Model3,3pop,11,501,600,17,0.0439209
Model3,3pop,11,601,700,14,0.0392712
Model3,3pop,11,701,800,15,0.0500791
Model3,3pop,11,801,900,7,0.0197345
Model3,3pop,11,901,1000,15,0.0338418
Model3,3pop,16,1,100,9,0.0189661
Model3,3pop,16,101,200,9,0.0235141
Model3,3pop,16,201,300,10,0.0194181
Model3,3pop,16,301,400,3,0.00583051
Model3,3pop,16,401,500,7,0.0123051
Model3,3pop,16,501,600,11,0.0217401
Model3,3pop,16,601,700,5,0.011209
Model3,3pop,16,701,800,7,0.014548
Model3,3pop,16,801,900,13,0.0233955
Model3,3pop,16,901,1000,14,0.0420678
Model3,3pop,18,1,100,10,0.0125876
Model3,3pop,18,101,200,12,0.0144011
Model3,3pop,18,201,300,9,0.0163051
Model3,3pop,18,301,400,5,0.00668362
Model3,3pop,18,401,500,8,0.00997175
Model3,3pop,18,501,600,12,0.0161186
Model3,3pop,18,601,700,12,0.0197627
Model3,3pop,18,701,800,9,0.0182825
Model3,3pop,18,801,900,4,0.00428249
Model3,3pop,18,901,1000,6,0.00587571
Model3,3pop,5,1,100,7,0.0222316
Model3,3pop,5,101,200,8,0.0163277
Model3,3pop,5,201,300,6,0.00624859
Model3,3pop,5,301,400,9,0.0150678
Model3,3pop,5,401,500,10,0.0102147
Model3,3pop,5,501,600,7,0.0152147
Model3,3pop,5,601,700,8,0.00920339
Model3,3pop,5,701,800,11,0.0180113
Model3,3pop,5,801,900,11,0.011096
Model3,3pop,5,901,1000,10,0.0177627
Model3,3pop,14,1,100,6,0.0138531
Model3,3pop,14,101,200,7,0.0184746
Model3,3pop,14,201,300,8,0.0127627
Model3,3pop,14,301,400,9,0.0238814
Model3,3pop,14,401,500,6,0.00957062
Model3,3pop,14,501,600,10,0.0249718
Model3,3pop,14,601,700,9,0.0161412
Model3,3pop,14,701,800,6,0.00806215
Model3,3pop,14,801,900,6,0.0128588
Model3,3pop,14,901,1000,10,0.0183051
Model3,3pop,11,1,100,7,0.00924859
Model3,3pop,11,101,200,7,0.012565
Model3,3pop,11,201,300,7,0.0141977
Model3,3pop,11,301,400,8,0.010774
Model3,3pop,11,401,500,10,0.0238814
Model3,3pop,11,501,600,7,0.0115593
Model3,3pop,11,601,700,10,0.0145706
Model3,3pop,11,701,800,15,0.0259774
Model3,3pop,11,801,900,5,0.0121977
Model3,3pop,11,901,1000,11,0.0158249
Model3,3pop,6,1,100,8,0.024661
Model3,3pop,6,101,200,12,0.0235989
Model3,3pop,6,201,300,11,0.0308701
Model3,3pop,6,301,400,6,0.0137966
Model3,3pop,6,401,500,12,0.0220339
Model3,3pop,6,501,600,14,0.0332599
Model3,3pop,6,601,700,18,0.0398983
Model3,3pop,6,701,800,11,0.0296441
Model3,3pop,6,801,900,13,0.0149209
Model3,3pop,6,901,1000,4,0.0152655
Model3,3pop,1,1,100,13,0.037339
Model3,3pop,1,101,200,9,0.0224463
Model3,3pop,1,201,300,14,0.0268588
Model3,3pop,1,301,400,13,0.0454463
Model3,3pop,1,401,500,12,0.0246554
Model3,3pop,1,501,600,16,0.0256271
Model3,3pop,1,601,700,14,0.0275367
Model3,3pop,1,701,800,20,0.042322
Model3,3pop,1,801,900,17,0.0338023
Model3,3pop,1,901,1000,17,0.0367175
Model3,3pop,4,1,100,5,0.0161017
Model3,3pop,4,101,200,12,0.033322
Model3,3pop,4,201,300,6,0.0149831
Model3,3pop,4,301,400,19,0.0302712
Model3,3pop,4,401,500,14,0.0333616
Model3,3pop,4,501,600,14,0.0328701
Model3,3pop,4,601,700,6,0.0135311
Model3,3pop,4,701,800,11,0.0348475
Model3,3pop,4,801,900,12,0.0440678
Model3,3pop,4,901,1000,10,0.0326102
Model3,3pop,4,1,100,13,0.0244463
Model3,3pop,4,101,200,14,0.040113
Model3,3pop,4,201,300,10,0.0179774
Model3,3pop,4,301,400,12,0.0210621
Model3,3pop,4,401,500,10,0.0149718
Model3,3pop,4,501,600,17,0.034452
Model3,3pop,4,601,700,13,0.0320395
Model3,3pop,4,701,800,9,0.0211921
Model3,3pop,4,801,900,13,0.0304972
Model3,3pop,4,901,1000,13,0.0314181
Model3,3pop,7,1,100,8,0.0149774
Model3,3pop,7,101,200,15,0.0288249
Model3,3pop,7,201,300,7,0.0186045
Model3,3pop,7,301,400,13,0.0298362
Model3,3pop,7,401,500,13,0.0310226
Model3,3pop,7,501,600,6,0.0138983
Model3,3pop,7,601,700,14,0.029
Model3,3pop,7,701,800,12,0.017435
Model3,3pop,7,801,900,13,0.0331525
Model3,3pop,7,901,1000,13,0.0298305
Model3,3pop,16,1,100,12,0.0182938
Model3,3pop,16,101,200,12,0.0331638
Model3,3pop,16,201,300,6,0.0147175
Model3,3pop,16,301,400,10,0.030774
Model3,3pop,16,401,500,9,0.0186667
Model3,3pop,16,501,600,11,0.0273729
Model3,3pop,16,601,700,14,0.0439944
Model3,3pop,16,701,800,11,0.0139831
Model3,3pop,16,801,900,14,0.0365876
Model3,3pop,16,901,1000,9,0.0249605
Model3,3pop,4,1,100,28,0.103514
Model3,3pop,4,101,200,16,0.058452
Model3,3pop,4,201,300,21,0.0895254
Model3,3pop,4,301,400,21,0.0662938
Model3,3pop,4,401,500,25,0.103582
Model3,3pop,4,501,600,16,0.0618983
Model3,3pop,4,601,700,13,0.0512486
Model3,3pop,4,701,800,17,0.0438983
Model3,3pop,4,801,900,21,0.0830621
Model3,3pop,4,901,1000,21,0.0681977
Model3,3pop,6,1,100,16,0.0248983
Model3,3pop,6,101,200,6,0.0139887
Model3,3pop,6,201,300,19,0.0425537
Model3,3pop,6,301,400,7,0.0104463
Model3,3pop,6,401,500,12,0.0140452
Model3,3pop,6,501,600,5,0.0100904
Model3,3pop,6,601,700,8,0.0144237
Model3,3pop,6,701,800,7,0.0116158
Model3,3pop,6,801,900,5,0.00781921
Model3,3pop,6,901,1000,11,0.0117288
Model3,3pop,14,1,100,8,0.0145819
Model3,3pop,14,101,200,14,0.0203333
Model3,3pop,14,201,300,14,0.021774
Model3,3pop,14,301,400,11,0.0176215
Model3,3pop,14,401,500,10,0.0167232
Model3,3pop,14,501,600,11,0.0103277
Model3,3pop,14,601,700,7,0.0121977
Model3,3pop,14,701,800,10,0.0181186
Model3,3pop,14,801,900,14,0.0219153
Model3,3pop,14,901,1000,13,0.0238588
Model3,3pop,10,1,100,4,0.00764972
Model3,3pop,10,101,200,4,0.0113277
Model3,3pop,10,201,300,14,0.0176723
Model3,3pop,10,301,400,8,0.0141469
Model3,3pop,10,401,500,7,0.0179322
Model3,3pop,10,501,600,12,0.0262825
Model3,3pop,10,601,700,8,0.0195198
Model3,3pop,10,701,800,10,0.0152429
Model3,3pop,10,801,900,9,0.00938983
Model3,3pop,10,901,1000,7,0.0144802
Model3,3pop,1,1,100,13,0.0249435
Model3,3pop,1,101,200,3,0.00505085
Model3,3pop,1,201,300,11,0.0268418
Model3,3pop,1,301,400,11,0.023548
Model3,3pop,1,401,500,12,0.0261638
Model3,3pop,1,501,600,12,0.0291638
Model3,3pop,1,601,700,8,0.0130282
Model3,3pop,1,701,800,6,0.0129435
Model3,3pop,1,801,900,12,0.0326102
Model3,3pop,1,901,1000,18,0.0274011
Model3,3pop,2,1,100,12,0.0338757
Model3,3pop,2,101,200,18,0.0468927
Model3,3pop,2,201,300,7,0.0152712
Model3,3pop,2,301,400,16,0.0423277
Model3,3pop,2,401,500,19,0.0589492
Model3,3pop,2,501,600,13,0.0354859
Model3,3pop,2,601,700,20,0.0591186
Model3,3pop,2,701,800,14,0.0438362
Model3,3pop,2,801,900,14,0.0202712
Model3,3pop,2,901,1000,14,0.0395932
Model3,3pop,0,1,100,16,0.0527458
Model3,3pop,0,101,200,18,0.0497966
Model3,3pop,0,201,300,25,0.0636271
Model3,3pop,0,301,400,18,0.0626441
Model3,3pop,0,401,500,17,0.0478305
Model3,3pop,0,501,600,15,0.0477571
Model3,3pop,0,601,700,17,0.0496497
Model3,3pop,0,701,800,13,0.0419718
Model3,3pop,0,801,900,15,0.0405989
Model3,3pop,0,901,1000,19,0.0582938
Model3,3pop,17,1,100,14,0.0392203
Model3,3pop,17,101,200,10,0.0476723
Model3,3pop,17,201,300,10,0.0351525
Model3,3pop,17,301,400,12,0.0378757
Model3,3pop,17,401,500,8,0.0153842
Model3,3pop,17,501,600,9,0.0304011
Model3,3pop,17,601,700,9,0.0284407
Model3,3pop,17,701,800,5,0.00703955
Model3,3pop,17,801,900,9,0.0347175
Model3,3pop,17,901,1000,6,0.00738983
Model3,3pop,1,1,100,15,0.030209
Model3,3pop,1,101,200,19,0.0542994
Model3,3pop,1,201,300,12,0.0312712
Model3,3pop,1,301,400,22,0.0479492
Model3,3pop,1,401,500,10,0.0151638
Model3,3pop,1,501,600,12,0.0334802
Model3,3pop,1,601,700,21,0.0479774
Model3,3pop,1,701,800,12,0.0288023
Model3,3pop,1,801,900,19,0.0404237
Model3,3pop,1,901,1000,16,0.0344915
Model3,3pop,18,1,100,5,0.0100565
Model3,3pop,18,101,200,9,0.0106723
Model3,3pop,18,201,300,9,0.00580791
Model3,3pop,18,301,400,14,0.0345989
Model3,3pop,18,401,500,10,0.0205989
Model3,3pop,18,501,600,10,0.0112034
Model3,3pop,18,601,700,7,0.012904
Model3,3pop,18,701,800,5,0.0127684
Model3,3pop,18,801,900,16,0.0206441
Model3,3pop,18,901,1000,13,0.0123955
Model3,3pop,0,1,100,13,0.0176836
Model3,3pop,0,101,200,5,0.00494915
Model3,3pop,0,201,300,7,0.0128531
Model3,3pop,0,301,400,8,0.00867797
Model3,3pop,0,401,500,9,0.0105424
Model3,3pop,0,501,600,6,0.00858757
Model3,3pop,0,601,700,13,0.0208475
Model3,3pop,0,701,800,6,0.0110282
Model3,3pop,0,801,900,12,0.0153672
Model3,3pop,0,901,1000,9,0.0181582
Model3,3pop,1,1,100,18,0.0446215
Model3,3pop,1,101,200,27,0.0818757
Model3,3pop,1,201,300,18,0.0612712
Model3,3pop,1,301,400,15,0.0575085
Model3,3pop,1,401,500,25,0.0792768
Model3,3pop,1,501,600,23,0.0715085
Model3,3pop,1,601,700,20,0.0588983
Model3,3pop,1,701,800,15,0.0520791
Model3,3pop,1,801,900,16,0.0565311
Model3,3pop,1,901,1000,18,0.0382712
Model3,3pop,3,1,100,4,0.00527119
Model3,3pop,3,101,200,1,0.00126554
Model3,3pop,3,201,300,6,0.0115932
Model3,3pop,3,301,400,7,0.0170678
Model3,3pop,3,401,500,3,0.00850282
Model3,3pop,3,501,600,8,0.0229548
Model3,3pop,3,601,700,5,0.00736723
Model3,3pop,3,701,800,7,0.0170791
Model3,3pop,3,801,900,11,0.0268136
Model3,3pop,3,901,1000,8,0.0216215
Model3,3pop,13,1,100,12,0.0187062
Model3,3pop,13,101,200,15,0.028339
Model3,3pop,13,201,300,6,0.0132034
Model3,3pop,13,301,400,14,0.0400282
Model3,3pop,13,401,500,8,0.0238023
Model3,3pop,13,501,600,4,0.00794915
Model3,3pop,13,601,700,12,0.0283729
Model3,3pop,13,701,800,8,0.0208983
Model3,3pop,13,801,900,5,0.0166667
Model3,3pop,13,901,1000,9,0.0199548
Model3,3pop,13,1,100,7,0.0186554
Model3,3pop,13,101,200,4,0.00633333
Model3,3pop,13,201,300,14,0.0236045
Model3,3pop,13,301,400,14,0.0149887
Model3,3pop,13,401,500,15,0.0294124
Model3,3pop,13,501,600,11,0.0131808
Model3,3pop,13,601,700,15,0.0213164
Model3,3pop,13,701,800,9,0.0127119
Model3,3pop,13,801,900,14,0.013904
Model3,3pop,13,901,1000,16,0.0218531
Model3,3pop,8,1,100,9,0.00664407
Model3,3pop,8,101,200,7,0.00822034
Model3,3pop,8,201,300,9,0.0262938
Model3,3pop,8,301,400,8,0.0332542
Model3,3pop,8,401,500,5,0.00546328
Model3,3pop,8,501,600,10,0.0127006
Model3,3pop,8,601,700,10,0.0150113
Model3,3pop,8,701,800,9,0.00866102
Model3,3pop,8,801,900,15,0.0328644
Model3,3pop,8,901,1000,4,0.00859887
Model3,3pop,18,1,100,11,0.0296893
Model3,3pop,18,101,200,12,0.0438531
Model3,3pop,18,201,300,14,0.0294237
Model3,3pop,18,301,400,14,0.0398079
Model3,3pop,18,401,500,11,0.0324463
Model3,3pop,18,501,600,15,0.039
Model3,3pop,18,601,700,11,0.0324068
Model3,3pop,18,701,800,13,0.0440169
Model3,3pop,18,801,900,11,0.0336045
Model3,3pop,18,901,1000,10,0.0213503
Model3,3pop,3,1,100,19,0.0651864
Model3,3pop,3,101,200,9,0.0289548
Model3,3pop,3,201,300,15,0.0480678
Model3,3pop,3,301,400,23,0.081678
Model3,3pop,3,401,500,15,0.0444576
Model3,3pop,3,501,600,16,0.0587062
Model3,3pop,3,601,700,13,0.0385989
Model3,3pop,3,701,800,16,0.047452
Model3,3pop,3,801,900,13,0.0331751
Model3,3pop,3,901,1000,10,0.0329322
Model3,3pop,8,1,100,14,0.0207062
Model3,3pop,8,101,200,13,0.0206045
Model3,3pop,8,201,300,8,0.0139153
Model3,3pop,8,301,400,8,0.0208475
Model3,3pop,8,401,500,13,0.0235932
Model3,3pop,8,501,600,9,0.0117797
Model3,3pop,8,601,700,10,0.017435
Model3,3pop,8,701,800,10,0.0154294
Model3,3pop,8,801,900,12,0.0242938
Model3,3pop,8,901,1000,5,0.00849718
Model3,3pop,13,1,100,16,0.0268136
Model3,3pop,13,101,200,13,0.0155763
Model3,3pop,13,201,300,3,0.00308475
Model3,3pop,13,301,400,13,0.0107288
Model3,3pop,13,401,500,12,0.0214124
Model3,3pop,13,501,600,6,0.00450847
Model3,3pop,13,601,700,9,0.0161808
Model3,3pop,13,701,800,10,0.0194915
Model3,3pop,13,801,900,8,0.00734463
Model3,3pop,13,901,1000,5,0.00625424
Model3,3pop,7,1,100,6,0.0152542
Model3,3pop,7,101,200,6,0.00529379
Model3,3pop,7,201,300,11,0.0243672
Model3,3pop,7,301,400,11,0.0250904
Model3,3pop,7,401,500,11,0.0267571
Model3,3pop,7,501,600,4,0.0122203
Model3,3pop,7,601,700,16,0.0383616
Model3,3pop,7,701,800,12,0.0157345
Model3,3pop,7,801,900,11,0.0192429
Model3,3pop,7,901,1000,12,0.0269379
Model3,3pop,12,1,100,8,0.00855367
Model3,3pop,12,101,200,12,0.0171017
Model3,3pop,12,201,300,9,0.0102429
Model3,3pop,12,301,400,11,0.0156102
Model3,3pop,12,401,500,11,0.016339
Model3,3pop,12,501,600,9,0.0152768
Model3,3pop,12,601,700,12,0.0180226
Model3,3pop,12,701,800,11,0.0186667
Model3,3pop,12,801,900,7,0.00827119
Model3,3pop,12,901,1000,11,0.0112316
Model3,3pop,11,1,100,12,0.0445819
Model3,3pop,11,101,200,12,0.0265932
Model3,3pop,11,201,300,11,0.0234124
Model3,3pop,11,301,400,11,0.0371808
Model3,3pop,11,401,500,16,0.0585932
Model3,3pop,11,501,600,11,0.0355085
Model3,3pop,11,601,700,15,0.0464068
Model3,3pop,11,701,800,13,0.0411356
Model3,3pop,11,801,900,20,0.0912034
Model3,3pop,11,901,1000,16,0.0439944
Model3,3pop,2,1,100,11,0.0304633
Model3,3pop,2,101,200,13,0.035339
Model3,3pop,2,201,300,8,0.0280282
Model3,3pop,2,301,400,13,0.0218927
Model3,3pop,2,401,500,18,0.048339
Model3,3pop,2,501,600,13,0.036209
Model3,3pop,2,601,700,19,0.0714237
Model3,3pop,2,701,800,20,0.0531356
Model3,3pop,2,801,900,16,0.0381412
Model3,3pop,2,901,1000,8,0.0184407
Model3,3pop,10,1,100,7,0.012661
Model3,3pop,10,101,200,10,0.0184633
Model3,3pop,10,201,300,7,0.0138418
Model3,3pop,10,301,400,7,0.00762147
Model3,3pop,10,401,500,12,0.0220734
Model3,3pop,10,501,600,13,0.0232203
Model3,3pop,10,601,700,12,0.0235085
Model3,3pop,10,701,800,10,0.0205593
Model3,3pop,10,801,900,10,0.0189548
Model3,3pop,10,901,1000,12,0.019435
Model3,3pop,15,1,100,8,0.019322
Model3,3pop,15,101,200,10,0.0202034
Model3,3pop,15,201,300,13,0.0335254
Model3,3pop,15,301,400,8,0.0089887
Model3,3pop,15,401,500,19,0.035209
Model3,3pop,15,501,600,15,0.0310226
Model3,3pop,15,601,700,8,0.0181469
Model3,3pop,15,701,800,10,0.0254237
Model3,3pop,15,801,900,5,0.00997175
Model3,3pop,15,901,1000,7,0.017774
Model3,3pop,1,1,100,5,0.00561582
Model3,3pop,1,101,200,5,0.00858757
Model3,3pop,1,201,300,8,0.0137288
Model3,3pop,1,301,400,4,0.00885311
Model3,3pop,1,401,500,10,0.0179266
Model3,3pop,1,501,600,2,0.00528249
Model3,3pop,1,601,700,8,0.0127571
Model3,3pop,1,701,800,10,0.0178079
Model3,3pop,1,801,900,11,0.0140339
Model3,3pop,1,901,1000,3,0.00132203
Model3,3pop,8,1,100,12,0.0258814
Model3,3pop,8,101,200,10,0.0123503
Model3,3pop,8,201,300,9,0.0166158
Model3,3pop,8,301,400,10,0.0167062
Model3,3pop,8,401,500,9,0.0213729
Model3,3pop,8,501,600,11,0.0226836
Model3,3pop,8,601,700,12,0.0215085
Model3,3pop,8,701,800,6,0.00648023
Model3,3pop,8,801,900,11,0.0182825
Model3,3pop,8,901,1000,12,0.0203051
Model3,3pop,18,1,100,14,0.0248757
Model3,3pop,18,101,200,18,0.0334237
Model3,3pop,18,201,300,14,0.0281582
Model3,3pop,18,301,400,12,0.0222034
Model3,3pop,18,401,500,12,0.0282712
Model3,3pop,18,501,600,7,0.00735028
Model3,3pop,18,601,700,14,0.0229605
Model3,3pop,18,701,800,15,0.0314463
Model3,3pop,18,801,900,18,0.025452
Model3,3pop,18,901,1000,12,0.0327684
Model3,3pop,13,1,100,11,0.0293164
Model3,3pop,13,101,200,11,0.0127514
Model3,3pop,13,201,300,10,0.0178362
Model3,3pop,13,301,400,7,0.0120282
Model3,3pop,13,401,500,11,0.0263729
Model3,3pop,13,501,600,9,0.0178192
Model3,3pop,13,601,700,15,0.0414576
Model3,3pop,13,701,800,12,0.0196384
Model3,3pop,13,801,900,6,0.0090678
Model3,3pop,13,901,1000,9,0.0104463
Model3,3pop,15,1,100,10,0.025209
Model3,3pop,15,101,200,9,0.0137062
Model3,3pop,15,201,300,6,0.00968362
Model3,3pop,15,301,400,15,0.0264407
Model3,3pop,15,401,500,12,0.0227458
Model3,3pop,15,501,600,10,0.0258418
Model3,3pop,15,601,700,15,0.0223559
Model3,3pop,15,701,800,7,0.0186215
Model3,3pop,15,801,900,9,0.0195706
Model3,3pop,15,901,1000,13,0.0302938
Model3,3pop,5,1,100,8,0.0183503
Model3,3pop,5,101,200,9,0.0233616
Model3,3pop,5,201,300,5,0.0215424
Model3,3pop,5,301,400,13,0.0299209
Model3,3pop,5,401,500,14,0.0429435
Model3,3pop,5,501,600,11,0.0427006
Model3,3pop,5,601,700,13,0.0341864
Model3,3pop,5,701,800,7,0.0204407
Model3,3pop,5,801,900,9,0.0242599
Model3,3pop,5,901,1000,12,0.037
Model3,3pop,18,1,100,15,0.0290339
Model3,3pop,18,101,200,13,0.0264746
Model3,3pop,18,201,300,24,0.0382938
Model3,3pop,18,301,400,19,0.0288249
Model3,3pop,18,401,500,22,0.0373107
Model3,3pop,18,501,600,21,0.0363333
Model3,3pop,18,601,700,17,0.0250508
Model3,3pop,18,701,800,14,0.0167119
Model3,3pop,18,801,900,24,0.0439266
Model3,3pop,18,901,1000,25,0.038096
Model3,3pop,0,1,100,8,0.0118983
Model3,3pop,0,101,200,10,0.0207119
Model3,3pop,0,201,300,12,0.0271864
Model3,3pop,0,301,400,7,0.0169492
Model3,3pop,0,401,500,5,0.00538418
Model3,3pop,0,501,600,9,0.0169266
Model3,3pop,0,601,700,6,0.00893785
Model3,3pop,0,701,800,7,0.0178814
Model3,3pop,0,801,900,6,0.00861582
Model3,3pop,0,901,1000,11,0.0267514
Model3,3pop,14,1,100,12,0.0383107
Model3,3pop,14,101,200,15,0.0376215
Model3,3pop,14,201,300,18,0.0461356
Model3,3pop,14,301,400,17,0.0414746
Model3,3pop,14,401,500,13,0.0260565
Model3,3pop,14,501,600,23,0.0697797
Model3,3pop,14,601,700,18,0.0403842
Model3,3pop,14,701,800,21,0.0422486
Model3,3pop,14,801,900,15,0.0458249
Model3,3pop,14,901,1000,17,0.0370565
Model3,3pop,15,1,100,14,0.0382316
Model3,3pop,15,101,200,13,0.0211186
Model3,3pop,15,201,300,20,0.0620169
Model3,3pop,15,301,400,10,0.0219605
Model3,3pop,15,401,500,14,0.0384972
Model3,3pop,15,501,600,14,0.0320791
Model3,3pop,15,601,700,14,0.0343785
Model3,3pop,15,701,800,15,0.0294068
Model3,3pop,15,801,900,8,0.0154181
Model3,3pop,15,901,1000,8,0.0287571
Model3,3pop,18,1,100,17,0.0376441
Model3,3pop,18,101,200,11,0.0332768
Model3,3pop,18,201,300,13,0.0298983
Model3,3pop,18,301,400,17,0.0416045
Model3,3pop,18,401,500,15,0.0354237
Model3,3pop,18,501,600,17,0.050435
Model3,3pop,18,601,700,7,0.0211525
Model3,3pop,18,701,800,12,0.0354633
Model3,3pop,18,801,900,12,0.0384689
Model3,3pop,18,901,1000,11,0.0319379
Model3,3pop,10,1,100,19,0.0574407
Model3,3pop,10,101,200,13,0.0405254
Model3,3pop,10,201,300,15,0.0557627
Model3,3pop,10,301,400,19,0.0676893
Model3,3pop,10,401,500,10,0.0213785
Model3,3pop,10,501,600,23,0.0702712
Model3,3pop,10,601,700,20,0.0576215
Model3,3pop,10,701,800,24,0.0625254
Model3,3pop,10,801,900,19,0.0735141
Model3,3pop,10,901,1000,17,0.0576328
Model3,3pop,10,1,100,6,0.0181017
Model3,3pop,10,101,200,8,0.0129887
Model3,3pop,10,201,300,8,0.0278983
Model3,3pop,10,301,400,4,0.0089322
Model3,3pop,10,401,500,3,0.00722599
Model3,3pop,10,501,600,16,0.0369774
Model3,3pop,10,601,700,10,0.0171808
Model3,3pop,10,701,800,11,0.0259096
Model3,3pop,10,801,900,5,0.0113333
Model3,3pop,10,901,1000,7,0.0146949
Model3,3pop,6,1,100,15,0.0197514
Model3,3pop,6,101,200,9,0.0125763
Model3,3pop,6,201,300,16,0.0251186
Model3,3pop,6,301,400,7,0.00515254
Model3,3pop,6,401,500,14,0.0099887
Model3,3pop,6,501,600,10,0.0150226
Model3,3pop,6,601,700,18,0.0303729
Model3,3pop,6,701,800,7,0.0153616
Model3,3pop,6,801,900,11,0.023661
Model3,3pop,6,901,1000,8,0.00719209
Model3,3pop,3,1,100,9,0.0210508
Model3,3pop,3,101,200,10,0.0268136
Model3,3pop,3,201,300,11,0.0219266
Model3,3pop,3,301,400,14,0.0374802
Model3,3pop,3,401,500,8,0.0272825
Model3,3pop,3,501,600,11,0.0198475
Model3,3pop,3,601,700,12,0.0226271
Model3,3pop,3,701,800,14,0.0269831
Model3,3pop,3,801,900,13,0.0279209
Model3,3pop,3,901,1000,11,0.0123277
Model3,3pop,1,1,100,16,0.0375932
Model3,3pop,1,101,200,11,0.027226
Model3,3pop,1,201,300,13,0.0213616
Model3,3pop,1,301,400,14,0.0369605
Model3,3pop,1,401,500,11,0.0330621
Model3,3pop,1,501,600,16,0.041774
Model3,3pop,1,601,700,16,0.0275367
Model3,3pop,1,701,800,12,0.0253616
Model3,3pop,1,801,900,10,0.0203559
Model3,3pop,1,901,1000,16,0.039565
Model3,3pop,3,1,100,7,0.0133898
Model3,3pop,3,101,200,12,0.0211582
Model3,3pop,3,201,300,9,0.0195706
Model3,3pop,3,301,400,13,0.0449435
Model3,3pop,3,401,500,15,0.0301412
Model3,3pop,3,501,600,11,0.0279548
Model3,3pop,3,601,700,11,0.0252147
Model3,3pop,3,701,800,11,0.0190395
Model3,3pop,3,801,900,12,0.0250565
Model3,3pop,3,901,1000,11,0.0275424
Model3,3pop,3,1,100,9,0.0259379
Model3,3pop,3,101,200,12,0.0207345
Model3,3pop,3,201,300,8,0.0126215
Model3,3pop,3,301,400,8,0.0254972
Model3,3pop,3,401,500,12,0.0144633
Model3,3pop,3,501,600,10,0.0163559
Model3,3pop,3,601,700,11,0.0141469
Model3,3pop,3,701,800,10,0.0211638
Model3,3pop,3,801,900,9,0.0230113
Model3,3pop,3,901,1000,7,0.00980791
Model3,3pop,6,1,100,11,0.0163616
Model3,3pop,6,101,200,16,0.0316949
Model3,3pop,6,201,300,8,0.011096
Model3,3pop,6,301,400,9,0.0148531
Model3,3pop,6,401,500,10,0.018435
Model3,3pop,6,501,600,11,0.0251977
Model3,3pop,6,601,700,10,0.0126158
Model3,3pop,6,701,800,8,0.0185028
Model3,3pop,6,801,900,5,0.0134181
Model3,3pop,6,901,1000,7,0.0117571
Model3,3pop,10,1,100,7,0.0129661
Model3,3pop,10,101,200,15,0.0228305
Model3,3pop,10,201,300,19,0.0312881
Model3,3pop,10,301,400,16,0.0310565
Model3,3pop,10,401,500,12,0.0182486
Model3,3pop,10,501,600,10,0.0186271
Model3,3pop,10,601,700,10,0.0151073
Model3,3pop,10,701,800,18,0.0352203
Model3,3pop,10,801,900,11,0.0113616
Model3,3pop,10,901,1000,15,0.0344294
Model3,3pop,10,1,100,10,0.0259492
Model3,3pop,10,101,200,11,0.0284237
Model3,3pop,10,201,300,14,0.0382825
Model3,3pop,10,301,400,9,0.0197458
Model3,3pop,10,401,500,8,0.0135198
Model3,3pop,10,501,600,4,0.0100452
Model3,3pop,10,601,700,12,0.0383955
Model3,3pop,10,701,800,15,0.0349153
Model3,3pop,10,801,900,13,0.0261186
Model3,3pop,10,901,1000,11,0.0220113
Model3,3pop,7,1,100,19,0.0574407
Model3,3pop,7,101,200,13,0.0405254
Model3,3pop,7,201,300,15,0.0557627
Model3,3pop,7,301,400,19,0.0676893
Model3,3pop,7,401,500,10,0.0213785
Model3,3pop,7,501,600,23,0.0702712
Model3,3pop,7,601,700,20,0.0576215
Model3,3pop,7,701,800,24,0.0625254
Model3,3pop,7,801,900,19,0.0735141
Model3,3pop,7,901,1000,17,0.0576328
Model3,3pop,5,1,100,12,0.0204633
Model3,3pop,5,101,200,9,0.0162373
Model3,3pop,5,201,300,6,0.0122655
Model3,3pop,5,301,400,7,0.00689831
Model3,3pop,5,401,500,5,0.00628249
Model3,3pop,5,501,600,6,0.00325424
Model3,3pop,5,601,700,8,0.0123616
Model3,3pop,5,701,800,8,0.0213503
Model3,3pop,5,801,900,12,0.0279774
Model3,3pop,5,901,1000,9,0.0130395
Model3,3pop,7,1,100,7,0.00852542
Model3,3pop,7,101,200,9,0.0162825
Model3,3pop,7,201,300,4,0.00538418
Model3,3pop,7,301,400,7,0.0120113
Model3,3pop,7,401,500,10,0.0260791
Model3,3pop,7,501,600,9,0.0231186
Model3,3pop,7,601,700,13,0.0239774
Model3,3pop,7,701,800,11,0.0333955
Model3,3pop,7,801,900,10,0.0278418
Model3,3pop,7,901,1000,10,0.0204407
Model3,3pop,7,1,100,7,0.00821469
Model3,3pop,7,101,200,8,0.0143672
Model3,3pop,7,201,300,10,0.0150508
Model3,3pop,7,301,400,5,0.00953672
Model3,3pop,7,401,500,7,0.00745763
Model3,3pop,7,501,600,6,0.00673446
Model3,3pop,7,601,700,5,0.00446328
Model3,3pop,7,701,800,13,0.00882486
Model3,3pop,7,801,900,4,0.0107627
Model3,3pop,7,901,1000,6,0.0100395
Model3,3pop,4,1,100,9,0.0298362
Model3,3pop,4,101,200,9,0.0180169
Model3,3pop,4,201,300,8,0.0271412
Model3,3pop,4,301,400,11,0.0199831
Model3,3pop,4,401,500,12,0.0389266
Model3,3pop,4,501,600,10,0.0212203
Model3,3pop,4,601,700,15,0.0525424
Model3,3pop,4,701,800,12,0.046226
Model3,3pop,4,801,900,13,0.0421017
Model3,3pop,4,901,1000,9,0.0346667
Model3,3pop,10,1,100,7,0.0165198
Model3,3pop,10,101,200,6,0.022
Model3,3pop,10,201,300,9,0.0283616
Model3,3pop,10,301,400,15,0.0477232
Model3,3pop,10,401,500,11,0.0194407
Model3,3pop,10,501,600,11,0.0193503
Model3,3pop,10,601,700,7,0.0215706
Model3,3pop,10,701,800,9,0.0212373
Model3,3pop,10,801,900,10,0.027452
Model3,3pop,10,901,1000,11,0.029887
Model3,3pop,13,1,100,6,0.0138701
Model3,3pop,13,101,200,6,0.00357627
Model3,3pop,13,201,300,7,0.00896045
Model3,3pop,13,301,400,9,0.0221469
Model3,3pop,13,401,500,9,0.0155593
Model3,3pop,13,501,600,10,0.0145085
Model3,3pop,13,601,700,14,0.0285593
Model3,3pop,13,701,800,8,0.0216271
Model3,3pop,13,801,900,7,0.015096
Model3,3pop,13,901,1000,13,0.0269379
Model3,3pop,15,1,100,7,0.0127401
Model3,3pop,15,101,200,13,0.0324633
Model3,3pop,15,201,300,10,0.0181864
Model3,3pop,15,301,400,23,0.0497175
Model3,3pop,15,401,500,20,0.0413842
Model3,3pop,15,501,600,13,0.0347458
Model3,3pop,15,601,700,14,0.0263955
Model3,3pop,15,701,800,13,0.0308418
Model3,3pop,15,801,900,16,0.0328531
Model3,3pop,15,901,1000,13,0.0234859
Model3,3pop,13,1,100,7,0.0219492
Model3,3pop,13,101,200,10,0.0361977
Model3,3pop,13,201,300,7,0.0278927
Model3,3pop,13,301,400,5,0.00636723
Model3,3pop,13,401,500,15,0.0411525
Model3,3pop,13,501,600,10,0.0252994
Model3,3pop,13,601,700,8,0.0154237
Model3,3pop,13,701,800,14,0.0295706
Model3,3pop,13,801,900,12,0.0294068
Model3,3pop,13,901,1000,10,0.0121299
Model3,3pop,14,1,100,8,0.0184859
Model3,3pop,14,101,200,15,0.0414068
Model3,3pop,14,201,300,10,0.0303333
Model3,3pop,14,301,400,5,0.00229944
Model3,3pop,14,401,500,19,0.0546497
Model3,3pop,14,501,600,15,0.034904
Model3,3pop,14,601,700,13,0.0344746
Model3,3pop,14,701,800,11,0.0318927
Model3,3pop,14,801,900,11,0.0269096
Model3,3pop,14,901,1000,11,0.0349096
Model3,3pop,17,1,100,6,0.0105932
Model3,3pop,17,101,200,9,0.0212373
Model3,3pop,17,201,300,6,0.00981921
Model3,3pop,17,301,400,11,0.0170621
Model3,3pop,17,401,500,7,0.00939548
Model3,3pop,17,501,600,10,0.0200226
Model3,3pop,17,601,700,7,0.0148644
Model3,3pop,17,701,800,5,0.00320904
Model3,3pop,17,801,900,11,0.0145311
Model3,3pop,17,901,1000,9,0.0246497
Model3,3pop,13,1,100,17,0.0652542
Model3,3pop,13,101,200,18,0.0819209
Model3,3pop,13,201,300,21,0.061565
Model3,3pop,13,301,400,12,0.0381582
Model3,3pop,13,401,500,18,0.0732938
Model3,3pop,13,501,600,12,0.0383616
Model3,3pop,13,601,700,26,0.0920791
Model3,3pop,13,701,800,16,0.0507345
Model3,3pop,13,801,900,14,0.0517175
Model3,3pop,13,901,1000,15,0.0569605
Model3,3pop,14,1,100,16,0.0377401
Model3,3pop,14,101,200,10,0.0258927
Model3,3pop,14,201,300,9,0.0210734
Model3,3pop,14,301,400,15,0.0526497
Model3,3pop,14,401,500,15,0.0368814
Model3,3pop,14,501,600,21,0.0661582
Model3,3pop,14,601,700,13,0.0372034
Model3,3pop,14,701,800,13,0.033452
Model3,3pop,14,801,900,14,0.0299831
Model3,3pop,14,901,1000,18,0.0569831
Model3,3pop,9,1,100,18,0.0347797
Model3,3pop,9,101,200,14,0.0265367
Model3,3pop,9,201,300,10,0.0266497
Model3,3pop,9,301,400,11,0.0267853
Model3,3pop,9,401,500,10,0.0188418
Model3,3pop,9,501,600,11,0.0253729
Model3,3pop,9,601,700,10,0.014113
Model3,3pop,9,701,800,9,0.0182655
Model3,3pop,9,801,900,18,0.0507345
Model3,3pop,9,901,1000,11,0.0241695
Model3,3pop,0,1,100,16,0.056209
Model3,3pop,0,101,200,13,0.0386554
Model3,3pop,0,201,300,13,0.0309548
Model3,3pop,0,301,400,6,0.0137232
Model3,3pop,0,401,500,15,0.0415254
Model3,3pop,0,501,600,15,0.053
Model3,3pop,0,601,700,10,0.0219548
Model3,3pop,0,701,800,10,0.0242994
Model3,3pop,0,801,900,7,0.0229944
Model3,3pop,0,901,1000,17,0.0429548
Model3,3pop,15,1,100,10,0.0292938
Model3,3pop,15,101,200,16,0.0228305
Model3,3pop,15,201,300,11,0.0219944
Model3,3pop,15,301,400,13,0.0273729
Model3,3pop,15,401,500,12,0.0332147
Model3,3pop,15,501,600,8,0.0148531
Model3,3pop,15,601,700,19,0.043678
Model3,3pop,15,701,800,13,0.0274746
Model3,3pop,15,801,900,12,0.0161525
Model3,3pop,15,901,1000,8,0.0151186
Model3,3pop,17,1,100,16,0.0401186
Model3,3pop,17,101,200,17,0.0343559
Model3,3pop,17,201,300,18,0.0574576
Model3,3pop,17,301,400,14,0.0285424
Model3,3pop,17,401,500,10,0.0232034
Model3,3pop,17,501,600,13,0.0219096
Model3,3pop,17,601,700,14,0.0251638
Model3,3pop,17,701,800,19,0.0320621
Model3,3pop,17,801,900,8,0.017096
Model3,3pop,17,901,1000,9,0.0184181
Model3,3pop,19,1,100,14,0.0501977
Model3,3pop,19,101,200,17,0.0567062
Model3,3pop,19,201,300,7,0.0243164
Model3,3pop,19,301,400,14,0.0398249
Model3,3pop,19,401,500,16,0.0683164
Model3,3pop,19,501,600,19,0.0545424
Model3,3pop,19,601,700,11,0.031322
Model3,3pop,19,701,800,9,0.0262542
Model3,3pop,19,801,900,13,0.0375311
Model3,3pop,19,901,1000,12,0.0403842
Model3,3pop,11,1,100,10,0.0115424
Model3,3pop,11,101,200,9,0.0173503
Model3,3pop,11,201,300,7,0.00751412
Model3,3pop,11,301,400,4,0.0110113
Model3,3pop,11,401,500,9,0.0188362
Model3,3pop,11,501,600,8,0.0100621
Model3,3pop,11,601,700,10,0.0149774
Model3,3pop,11,701,800,6,0.0195932
Model3,3pop,11,801,900,3,0.00164407
Model3,3pop,11,901,1000,11,0.0212994
Model3,3pop,16,1,100,13,0.0192825
Model3,3pop,16,101,200,14,0.0435706
Model3,3pop,16,201,300,25,0.0820113
Model3,3pop,16,301,400,13,0.0371582
Model3,3pop,16,401,500,13,0.0434237
Model3,3pop,16,501,600,19,0.0586441
Model3,3pop,16,601,700,10,0.0302316
Model3,3pop,16,701,800,16,0.0411921
Model3,3pop,16,801,900,11,0.034565
Model3,3pop,16,901,1000,16,0.0356215
Model3,3pop,15,1,100,12,0.041209
Model3,3pop,15,101,200,8,0.0184633
Model3,3pop,15,201,300,10,0.0364068
Model3,3pop,15,301,400,13,0.026113
Model3,3pop,15,401,500,8,0.0213729
Model3,3pop,15,501,600,12,0.0219209
Model3,3pop,15,601,700,7,0.0259492
Model3,3pop,15,701,800,8,0.0258983
Model3,3pop,15,801,900,6,0.00583616
Model3,3pop,15,901,1000,12,0.0297684
Model3,3pop,2,1,100,13,0.0168644
Model3,3pop,2,101,200,12,0.0110169
Model3,3pop,2,201,300,9,0.00979661
Model3,3pop,2,301,400,8,0.00859322
Model3,3pop,2,401,500,11,0.0177458
Model3,3pop,2,501,600,10,0.0108136
Model3,3pop,2,601,700,10,0.00767232
Model3,3pop,2,701,800,5,0.00470621
Model3,3pop,2,801,900,9,0.0177175
Model3,3pop,2,901,1000,12,0.0157627
Model3,3pop,15,1,100,9,0.0330791
Model3,3pop,15,101,200,10,0.023661
Model3,3pop,15,201,300,13,0.035209
Model3,3pop,15,301,400,15,0.0456215
Model3,3pop,15,401,500,13,0.0383785
Model3,3pop,15,501,600,14,0.0388418
Model3,3pop,15,601,700,10,0.021
Model3,3pop,15,701,800,9,0.0247853
Model3,3pop,15,801,900,16,0.0430113
Model3,3pop,15,901,1000,12,0.0364859
Model3,3pop,16,1,100,17,0.0254915
Model3,3pop,16,101,200,16,0.0395141
Model3,3pop,16,201,300,17,0.0329944
Model3,3pop,16,301,400,14,0.0175367
Model3,3pop,16,401,500,11,0.0148757
Model3,3pop,16,501,600,15,0.0277232
Model3,3pop,16,601,700,11,0.0161977
Model3,3pop,16,701,800,22,0.0457175
Model3,3pop,16,801,900,10,0.0153898
Model3,3pop,16,901,1000,9,0.0134463
Model3,3pop,18,1,100,9,0.0185254
Model3,3pop,18,101,200,9,0.0143616
Model3,3pop,18,201,300,7,0.0180678
Model3,3pop,18,301,400,13,0.0167571
Model3,3pop,18,401,500,7,0.0152147
Model3,3pop,18,501,600,12,0.0314407
Model3,3pop,18,601,700,11,0.0232486
Model3,3pop,18,701,800,5,0.0130847
Model3,3pop,18,801,900,11,0.023452
Model3,3pop,18,901,1000,10,0.0311695
Model3,3pop,4,1,100,25,0.057209
Model3,3pop,4,101,200,24,0.0678192
Model3,3pop,4,201,300,18,0.0465254
Model3,3pop,4,301,400,29,0.0835593
Model3,3pop,4,401,500,28,0.0639209
Model3,3pop,4,501,600,28,0.0825819
Model3,3pop,4,601,700,23,0.0634633
Model3,3pop,4,701,800,25,0.0588305
Model3,3pop,4,801,900,29,0.0783446
Model3,3pop,4,901,1000,31,0.077661
Model3,3pop,0,1,100,12,0.0173051
Model3,3pop,0,101,200,7,0.00951977
Model3,3pop,0,201,300,10,0.00763277
Model3,3pop,0,301,400,3,0.0124915
Model3,3pop,0,401,500,3,0.00633333
Model3,3pop,0,501,600,6,0.0163107
Model3,3pop,0,601,700,6,0.00871751
Model3,3pop,0,701,800,7,0.00767797
Model3,3pop,0,801,900,11,0.0131751
Model3,3pop,0,901,1000,7,0.0164463
Model3,3pop,16,1,100,12,0.0351582
Model3,3pop,16,101,200,12,0.0385932
Model3,3pop,16,201,300,8,0.0260565
Model3,3pop,16,301,400,15,0.0415254
Model3,3pop,16,401,500,14,0.0400847
Model3,3pop,16,501,600,19,0.0552881
Model3,3pop,16,601,700,12,0.0370791
Model3,3pop,16,701,800,13,0.0420847
Model3,3pop,16,801,900,21,0.0657345
Model3,3pop,16,901,1000,16,0.0431751
Model3,3pop,2,1,100,12,0.0253051
Model3,3pop,2,101,200,12,0.0241582
Model3,3pop,2,201,300,9,0.0252034
Model3,3pop,2,301,400,12,0.0391186
Model3,3pop,2,401,500,15,0.0488305
Model3,3pop,2,501,600,12,0.035887
Model3,3pop,2,601,700,2,0.00723164
Model3,3pop,2,701,800,18,0.0364068
Model3,3pop,2,801,900,12,0.0325311
Model3,3pop,2,901,1000,14,0.0290113
Model3,3pop,9,1,100,12,0.036565
Model3,3pop,9,101,200,10,0.0230169
Model3,3pop,9,201,300,12,0.0222034
Model3,3pop,9,301,400,7,0.0169718
Model3,3pop,9,401,500,9,0.0260169
Model3,3pop,9,501,600,8,0.0199605
Model3,3pop,9,601,700,15,0.0258757
Model3,3pop,9,701,800,7,0.00924294
Model3,3pop,9,801,900,7,0.0202429
Model3,3pop,9,901,1000,12,0.0291186
Model3,3pop,1,1,100,12,0.0352994
Model3,3pop,1,101,200,11,0.0189322
Model3,3pop,1,201,300,9,0.0165028
Model3,3pop,1,301,400,9,0.0219322
Model3,3pop,1,401,500,13,0.0409096
Model3,3pop,1,501,600,13,0.0397571
Model3,3pop,1,601,700,8,0.0198644
Model3,3pop,1,701,800,7,0.0254011
Model3,3pop,1,801,900,10,0.0321864
Model3,3pop,1,901,1000,8,0.023322
Model3,3pop,1,1,100,8,0.0166497
Model3,3pop,1,101,200,9,0.010565
Model3,3pop,1,201,300,8,0.0209492
Model3,3pop,1,301,400,5,0.00816384
Model3,3pop,1,401,500,6,0.008
Model3,3pop,1,501,600,6,0.0173107
Model3,3pop,1,601,700,3,0.00922599
Model3,3pop,1,701,800,7,0.0126893
Model3,3pop,1,801,900,9,0.0150339
Model3,3pop,1,901,1000,10,0.0126045
Model3,3pop,5,1,100,10,0.014774
Model3,3pop,5,101,200,11,0.0189774
Model3,3pop,5,201,300,7,0.0132542
Model3,3pop,5,301,400,7,0.00512994
Model3,3pop,5,401,500,6,0.0070226
Model3,3pop,5,501,600,9,0.0163785
Model3,3pop,5,601,700,9,0.0135876
Model3,3pop,5,701,800,9,0.0174802
Model3,3pop,5,801,900,5,0.00749718
Model3,3pop,5,901,1000,16,0.036661
Model3,3pop,4,1,100,16,0.0362147
Model3,3pop,4,101,200,14,0.0240395
Model3,3pop,4,201,300,8,0.0130282
Model3,3pop,4,301,400,10,0.0203616
Model3,3pop,4,401,500,15,0.0364294
Model3,3pop,4,501,600,4,0.00464972
Model3,3pop,4,601,700,12,0.0282712
Model3,3pop,4,701,800,14,0.0388644
Model3,3pop,4,801,900,12,0.0268136
Model3,3pop,4,901,1000,15,0.0364181
Model3,3pop,0,1,100,11,0.0290621
Model3,3pop,0,101,200,7,0.0214972
Model3,3pop,0,201,300,13,0.0325254
Model3,3pop,0,301,400,10,0.0317175
Model3,3pop,0,401,500,5,0.0163277
Model3,3pop,0,501,600,10,0.0338531
Model3,3pop,0,601,700,7,0.0152373
Model3,3pop,0,801,900,8,0.0124689
Model3,3pop,0,901,1000,5,0.0191412
Model3,3pop,7,1,100,15,0.0283729
Model3,3pop,7,101,200,10,0.0115085
Model3,3pop,7,201,300,12,0.0243333
Model3,3pop,7,301,400,9,0.00883616
Model3,3pop,7,401,500,11,0.0216554
Model3,3pop,7,501,600,12,0.0255876
Model3,3pop,7,601,700,7,0.0130169
Model3,3pop,7,701,800,13,0.0258249
Model3,3pop,7,801,900,7,0.0227062
Model3,3pop,7,901,1000,8,0.015904
Model3,3pop,11,1,100,10,0.0122429
Model3,3pop,11,101,200,8,0.0124237
Model3,3pop,11,201,300,9,0.00780226
Model3,3pop,11,301,400,10,0.0152825
Model3,3pop,11,401,500,13,0.019435
Model3,3pop,11,501,600,8,0.0153164
Model3,3pop,11,601,700,9,0.0159096
Model3,3pop,11,701,800,14,0.0257684
Model3,3pop,11,801,900,6,0.00928249
Model3,3pop,11,901,1000,12,0.0157345
Model3,3pop,5,1,100,17,0.0322316
Model3,3pop,5,101,200,11,0.0288983
Model3,3pop,5,201,300,12,0.0280395
Model3,3pop,5,301,400,18,0.0451243
Model3,3pop,5,401,500,16,0.0374407
Model3,3pop,5,501,600,17,0.0371356
Model3,3pop,5,601,700,13,0.0231525
Model3,3pop,5,701,800,18,0.0331243
Model3,3pop,5,801,900,8,0.0121412
Model3,3pop,5,901,1000,13,0.026904
Model3,3pop,11,1,100,5,0.0174463
Model3,3pop,11,101,200,8,0.0210339
Model3,3pop,11,201,300,11,0.0136949
Model3,3pop,11,301,400,7,0.0245876
Model3,3pop,11,401,500,5,0.0113559
Model3,3pop,11,501,600,15,0.0284011
Model3,3pop,11,601,700,12,0.012322
Model3,3pop,11,701,800,3,0.00881921
Model3,3pop,11,801,900,7,0.0125989
Model3,3pop,11,901,1000,8,0.0152938
Model3,3pop,9,1,100,10,0.0117345
Model3,3pop,9,101,200,6,0.0113842
Model3,3pop,9,201,300,10,0.0187571
Model3,3pop,9,301,400,11,0.0241073
Model3,3pop,9,401,500,9,0.0179322
Model3,3pop,9,501,600,8,0.0144407
Model3,3pop,9,601,700,6,0.0029322
Model3,3pop,9,701,800,9,0.0120904
Model3,3pop,9,801,900,8,0.0255763
Model3,3pop,9,901,1000,7,0.0155085
Model3,3pop,10,1,100,7,0.0255932
Model3,3pop,10,101,200,14,0.0424689
Model3,3pop,10,201,300,9,0.0237966
Model3,3pop,10,301,400,11,0.0282542
Model3,3pop,10,401,500,12,0.0400226
Model3,3pop,10,501,600,11,0.0390395
Model3,3pop,10,601,700,14,0.0345198
Model3,3pop,10,701,800,18,0.0442147
Model3,3pop,10,801,900,9,0.020774
Model3,3pop,10,901,1000,10,0.0336554
Model3,3pop,1,1,100,10,0.0206102
Model3,3pop,1,101,200,7,0.00387571
Model3,3pop,1,201,300,13,0.0264407
Model3,3pop,1,301,400,12,0.0202429
Model3,3pop,1,401,500,7,0.0149605
Model3,3pop,1,501,600,7,0.00986441
Model3,3pop,1,601,700,12,0.0135085
Model3,3pop,1,701,800,10,0.0246045
Model3,3pop,1,801,900,9,0.0170056
Model3,3pop,1,901,1000,14,0.0180565
Model3,3pop,2,1,100,15,0.0213164
Model3,3pop,2,101,200,12,0.0251073
Model3,3pop,2,201,300,10,0.00844633
Model3,3pop,2,301,400,12,0.0179266
Model3,3pop,2,401,500,8,0.0194972
Model3,3pop,2,501,600,16,0.0298249
Model3,3pop,2,601,700,7,0.0135028
Model3,3pop,2,701,800,12,0.0243672
Model3,3pop,2,801,900,9,0.0196271
Model3,3pop,2,901,1000,14,0.0273672
Model3,3pop,16,1,100,6,0.00412994
Model3,3pop,16,101,200,7,0.00681356
Model3,3pop,16,201,300,5,0.00420904
Model3,3pop,16,301,400,8,0.00979661
Model3,3pop,16,401,500,8,0.0114407
Model3,3pop,16,501,600,9,0.00935028
Model3,3pop,16,601,700,8,0.00678531
Model3,3pop,16,701,800,8,0.00911299
Model3,3pop,16,801,900,10,0.00681921
Model3,3pop,16,901,1000,9,0.0079322
Model3,3pop,8,1,100,12,0.0326102
Model3,3pop,8,101,200,11,0.0311073
Model3,3pop,8,201,300,11,0.023435
Model3,3pop,8,301,400,18,0.0536441
Model3,3pop,8,401,500,15,0.046226
Model3,3pop,8,501,600,17,0.045887
Model3,3pop,8,601,700,17,0.0447062
Model3,3pop,8,701,800,20,0.0569774
Model3,3pop,8,801,900,16,0.0517627
Model3,3pop,8,901,1000,11,0.029209
Model3,3pop,3,1,100,14,0.0170508
Model3,3pop,3,101,200,13,0.0305141
Model3,3pop,3,201,300,8,0.0106893
Model3,3pop,3,301,400,13,0.0299661
Model3,3pop,3,401,500,15,0.0419718
Model3,3pop,3,501,600,14,0.0362994
Model3,3pop,3,601,700,11,0.0183503
Model3,3pop,3,701,800,12,0.0315424
Model3,3pop,3,801,900,12,0.0355311
Model3,3pop,3,901,1000,11,0.0349548
Model3,3pop,4,1,100,16,0.0417006
Model3,3pop,4,101,200,5,0.0104746
Model3,3pop,4,201,300,18,0.0319492
Model3,3pop,4,301,400,12,0.0318814
Model3,3pop,4,401,500,9,0.0296554
Model3,3pop,4,501,600,16,0.0309718
Model3,3pop,4,601,700,9,0.0282825
Model3,3pop,4,701,800,15,0.0358757
Model3,3pop,4,801,900,10,0.0279492
Model3,3pop,4,901,1000,11,0.0254859
Model3,3pop,4,1,100,8,0.0172938
Model3,3pop,4,101,200,14,0.042339
Model3,3pop,4,201,300,15,0.0457514
Model3,3pop,4,301,400,14,0.0483333
Model3,3pop,4,401,500,14,0.0403446
Model3,3pop,4,501,600,9,0.0171582
Model3,3pop,4,601,700,18,0.0530565
Model3,3pop,4,701,800,9,0.0296384
Model3,3pop,4,801,900,15,0.0373672
Model3,3pop,4,901,1000,18,0.0509605
Model3,3pop,0,1,100,8,0.0189831
Model3,3pop,0,101,200,8,0.0174407
Model3,3pop,0,201,300,9,0.0168475
Model3,3pop,0,301,400,12,0.0211582
Model3,3pop,0,401,500,11,0.0235141
Model3,3pop,0,501,600,13,0.0337458
Model3,3pop,0,601,700,9,0.0249774
Model3,3pop,0,701,800,11,0.0187288
Model3,3pop,0,801,900,7,0.00953672
Model3,3pop,0,901,1000,9,0.015887
Model3,3pop,19,1,100,13,0.0229153
Model3,3pop,19,101,200,11,0.0118023
Model3,3pop,19,201,300,12,0.0155989
Model3,3pop,19,301,400,7,0.0132994
Model3,3pop,19,401,500,11,0.0141582
Model3,3pop,19,501,600,13,0.0143333
Model3,3pop,19,601,700,5,0.00859322
Model3,3pop,19,701,800,8,0.0129718
Model3,3pop,19,801,900,7,0.0119209
Model3,3pop,19,901,1000,9,0.0157627
Model3,3pop,18,1,100,8,0.0252429
Model3,3pop,18,101,200,8,0.0200169
Model3,3pop,18,201,300,15,0.0645311
Model3,3pop,18,301,400,8,0.0120565
Model3,3pop,18,401,500,9,0.0171356
Model3,3pop,18,501,600,15,0.0405989
Model3,3pop,18,601,700,10,0.0211695
Model3,3pop,18,701,800,7,0.0123333
Model3,3pop,18,801,900,13,0.0345028
Model3,3pop,18,901,1000,15,0.044226
Model3,3pop,15,1,100,4,0.00499435
Model3,3pop,15,101,200,6,0.0146723
Model3,3pop,15,201,300,2,0.00306215
Model3,3pop,15,301,400,5,0.00660452
Model3,3pop,15,401,500,9,0.0238023
Model3,3pop,15,501,600,6,0.00580226
Model3,3pop,15,601,700,9,0.0126102
Model3,3pop,15,701,800,6,0.0117006
Model3,3pop,15,801,900,6,0.00800565
Model3,3pop,15,901,1000,9,0.021
Model3,3pop,11,1,100,6,0.0136045
Model3,3pop,11,101,200,11,0.0142316
Model3,3pop,11,201,300,6,0.0115989
Model3,3pop,11,301,400,13,0.0199096
Model3,3pop,11,401,500,11,0.0167232
Model3,3pop,11,501,600,10,0.0179548
Model3,3pop,11,601,700,11,0.0226271
Model3,3pop,11,701,800,9,0.0106045
Model3,3pop,11,801,900,11,0.0147401
Model3,3pop,11,901,1000,12,0.0136497
Model3,3pop,19,1,100,3,0.00312994
Model3,3pop,19,101,200,12,0.0210282
Model3,3pop,19,201,300,12,0.0107119
Model3,3pop,19,301,400,11,0.0158418
Model3,3pop,19,401,500,10,0.015548
Model3,3pop,19,501,600,11,0.0208418
Model3,3pop,19,601,700,7,0.0111808
Model3,3pop,19,701,800,7,0.00840113
Model3,3pop,19,801,900,13,0.0137853
Model3,3pop,19,901,1000,11,0.013226
Model3,3pop,5,1,100,11,0.018339
Model3,3pop,5,101,200,10,0.0199887
Model3,3pop,5,201,300,9,0.0184068
Model3,3pop,5,301,400,7,0.0029774
Model3,3pop,5,401,500,6,0.0150339
Model3,3pop,5,501,600,10,0.0248362
Model3,3pop,5,601,700,8,0.00924294
Model3,3pop,5,701,800,10,0.0150904
Model3,3pop,5,801,900,3,0.0030565
Model3,3pop,5,901,1000,6,0.0138701
Model3,3pop,16,1,100,13,0.0262373
Model3,3pop,16,101,200,18,0.034774
Model3,3pop,16,201,300,14,0.0378079
Model3,3pop,16,301,400,14,0.0341073
Model3,3pop,16,401,500,10,0.0181243
Model3,3pop,16,501,600,12,0.0216384
Model3,3pop,16,601,700,10,0.0235141
Model3,3pop,16,701,800,15,0.0310452
Model3,3pop,16,801,900,9,0.0170452
Model3,3pop,16,901,1000,16,0.0443842
Model3,3pop,9,1,100,16,0.0296328
Model3,3pop,9,101,200,13,0.0436102
Model3,3pop,9,201,300,13,0.0269322
Model3,3pop,9,301,400,8,0.0166045
Model3,3pop,9,401,500,11,0.0105367
Model3,3pop,9,501,600,22,0.0417401
Model3,3pop,9,601,700,10,0.0199605
Model3,3pop,9,701,800,10,0.0228814
Model3,3pop,9,801,900,11,0.0250508
Model3,3pop,9,901,1000,5,0.00538418
Model3,3pop,3,1,100,8,0.0277401
Model3,3pop,3,101,200,13,0.0234237
Model3,3pop,3,201,300,14,0.0406949
Model3,3pop,3,301,400,10,0.0306102
Model3,3pop,3,401,500,11,0.0210904
Model3,3pop,3,501,600,16,0.0447571
Model3,3pop,3,601,700,13,0.0248418
Model3,3pop,3,701,800,18,0.0390904
Model3,3pop,3,801,900,17,0.0476102
Model3,3pop,3,901,1000,14,0.0343164
Model3,3pop,17,1,100,13,0.0299831
Model3,3pop,17,101,200,10,0.0159548
Model3,3pop,17,201,300,5,0.0070113
Model3,3pop,17,301,400,8,0.0207006
Model3,3pop,17,401,500,9,0.0180113
Model3,3pop,17,501,600,12,0.0351412
Model3,3pop,17,601,700,10,0.0242203
Model3,3pop,17,701,800,10,0.0307288
Model3,3pop,17,801,900,9,0.025209
Model3,3pop,17,901,1000,10,0.0234689
Model3,3pop,8,1,100,16,0.0327571
Model3,3pop,8,101,200,7,0.0144407
Model3,3pop,8,201,300,11,0.0252316
Model3,3pop,8,301,400,11,0.031661
Model3,3pop,8,401,500,14,0.0261073
Model3,3pop,8,501,600,12,0.0158418
Model3,3pop,8,601,700,11,0.0223842
Model3,3pop,8,701,800,15,0.0329153
Model3,3pop,8,801,900,12,0.0262768
Model3,3pop,8,901,1000,15,0.0223503
Model3,3pop,19,1,100,13,0.0270282
Model3,3pop,19,101,200,13,0.0269605
Model3,3pop,19,201,300,17,0.0469831
Model3,3pop,19,301,400,21,0.0566384
Model3,3pop,19,401,500,14,0.0430113
Model3,3pop,19,501,600,16,0.0367175
Model3,3pop,19,601,700,14,0.037791
Model3,3pop,19,701,800,13,0.0254124
Model3,3pop,19,801,900,15,0.0371412
Model3,3pop,19,901,1000,13,0.0347119
Model3,3pop,19,1,100,24,0.0474011
Model3,3pop,19,101,200,13,0.0298927
Model3,3pop,19,201,300,8,0.0261525
Model3,3pop,19,301,400,12,0.0289492
Model3,3pop,19,401,500,18,0.0471299
Model3,3pop,19,501,600,10,0.0299774
Model3,3pop,19,601,700,12,0.0303729
Model3,3pop,19,701,800,12,0.0256497
Model3,3pop,19,801,900,14,0.0346667
Model3,3pop,19,901,1000,18,0.0338983
Model3,3pop,2,1,100,9,0.016452
Model3,3pop,2,101,200,18,0.0280734
Model3,3pop,2,201,300,4,0.0105593
Model3,3pop,2,301,400,10,0.0155085
Model3,3pop,2,401,500,11,0.0216102
Model3,3pop,2,501,600,16,0.0326328
Model3,3pop,2,601,700,11,0.0253955
Model3,3pop,2,701,800,16,0.0267458
Model3,3pop,2,801,900,9,0.0120678
Model3,3pop,2,901,1000,13,0.0251808
Model3,3pop,17,1,100,14,0.028209
Model3,3pop,17,101,200,10,0.0263503
Model3,3pop,17,201,300,8,0.0147571
Model3,3pop,17,301,400,11,0.0290282
Model3,3pop,17,401,500,12,0.0261695
Model3,3pop,17,501,600,15,0.0363616
Model3,3pop,17,601,700,13,0.0378588
Model3,3pop,17,701,800,13,0.0360565
Model3,3pop,17,801,900,17,0.054
Model3,3pop,17,901,1000,14,0.0373559
Model3,3pop,13,1,100,5,0.0161186
Model3,3pop,13,101,200,4,0.00437288
Model3,3pop,13,201,300,15,0.0321299
Model3,3pop,13,301,400,10,0.0176158
Model3,3pop,13,401,500,7,0.00841808
Model3,3pop,13,501,600,8,0.0169209
Model3,3pop,13,601,700,11,0.0276102
Model3,3pop,13,701,800,4,0.00893785
Model3,3pop,13,801,900,14,0.0272768
Model3,3pop,13,901,1000,4,0.00484746
Model3,3pop,3,1,100,19,0.0463277
Model3,3pop,3,101,200,9,0.0207175
Model3,3pop,3,201,300,13,0.0298362
Model3,3pop,3,301,400,12,0.0373107
Model3,3pop,3,401,500,9,0.0289887
Model3,3pop,3,501,600,13,0.0401356
Model3,3pop,3,601,700,9,0.0189266
Model3,3pop,3,701,800,12,0.0379322
Model3,3pop,3,801,900,9,0.0333277
Model3,3pop,3,901,1000,15,0.0250169
Model3,3pop,2,1,100,8,0.0164181
Model3,3pop,2,101,200,14,0.0249548
Model3,3pop,2,201,300,8,0.0195537
Model3,3pop,2,301,400,8,0.0163164
Model3,3pop,2,401,500,5,0.0116554
Model3,3pop,2,501,600,9,0.0230395
Model3,3pop,2,601,700,9,0.0192203
Model3,3pop,2,701,800,11,0.0225254
Model3,3pop,2,801,900,10,0.0226949
Model3,3pop,2,901,1000,4,0.00757062
Model3,3pop,9,1,100,14,0.036
Model3,3pop,9,101,200,11,0.0337345
Model3,3pop,9,201,300,18,0.0516497
Model3,3pop,9,301,400,12,0.0321073
Model3,3pop,9,401,500,19,0.0470791
Model3,3pop,9,501,600,22,0.0640282
Model3,3pop,9,601,700,8,0.0216893
Model3,3pop,9,701,800,11,0.0316102
Model3,3pop,9,801,900,15,0.0372429
Model3,3pop,9,901,1000,12,0.0314407
Model3,3pop,6,1,100,9,0.0121469
Model3,3pop,6,101,200,7,0.013339
Model3,3pop,6,201,300,10,0.0143559
Model3,3pop,6,301,400,8,0.0153446
Model3,3pop,6,401,500,8,0.0141582
Model3,3pop,6,501,600,5,0.0115593
Model3,3pop,6,601,700,7,0.0127458
Model3,3pop,6,701,800,11,0.0161017
Model3,3pop,6,801,900,10,0.0167119
Model3,3pop,6,901,1000,8,0.0172147
Model3,3pop,4,1,100,13,0.0221638
Model3,3pop,4,101,200,13,0.0277175
Model3,3pop,4,201,300,11,0.0329096
Model3,3pop,4,301,400,14,0.0382542
Model3,3pop,4,401,500,10,0.0298644
Model3,3pop,4,501,600,9,0.0341525
Model3,3pop,4,601,700,9,0.0241582
Model3,3pop,4,701,800,11,0.0269661
Model3,3pop,4,801,900,11,0.0414972
Model3,3pop,4,901,1000,16,0.033661
Model3,3pop,12,1,100,9,0.0199774
Model3,3pop,12,101,200,12,0.0172768
Model3,3pop,12,201,300,13,0.0248475
Model3,3pop,12,301,400,8,0.0191864
Model3,3pop,12,401,500,3,0.00778531
Model3,3pop,12,501,600,5,0.0132712
Model3,3pop,12,601,700,6,0.0115424
Model3,3pop,12,701,800,6,0.00728814
Model3,3pop,12,801,900,11,0.0111356
Model3,3pop,12,901,1000,12,0.0144802
Model3,3pop,12,1,100,7,0.012452
Model3,3pop,12,101,200,10,0.0146667
Model3,3pop,12,201,300,7,0.00738418
Model3,3pop,12,301,400,11,0.011226
Model3,3pop,12,401,500,11,0.0218362
Model3,3pop,12,501,600,5,0.00828249
Model3,3pop,12,601,700,13,0.0311412
Model3,3pop,12,701,800,6,0.00442938
Model3,3pop,12,801,900,3,0.0060339
Model3,3pop,12,901,1000,7,0.0152712
Model3,3pop,9,1,100,14,0.0440169
Model3,3pop,9,101,200,7,0.0208305
Model3,3pop,9,201,300,10,0.0244689
Model3,3pop,9,301,400,18,0.0669548
Model3,3pop,9,401,500,11,0.0309492
Model3,3pop,9,501,600,11,0.0385198
Model3,3pop,9,601,700,9,0.0286271
Model3,3pop,9,701,800,12,0.0387514
Model3,3pop,9,801,900,16,0.0497062
Model3,3pop,9,901,1000,9,0.0292542
Model3,3pop,14,1,100,9,0.0245085
Model3,3pop,14,101,200,1,0.00363842
Model3,3pop,14,201,300,9,0.00942373
Model3,3pop,14,301,400,6,0.0140169
Model3,3pop,14,401,500,11,0.0217966
Model3,3pop,14,501,600,3,0.00525989
Model3,3pop,14,601,700,8,0.0161469
Model3,3pop,14,701,800,12,0.0174689
Model3,3pop,14,801,900,8,0.0132486
Model3,3pop,14,901,1000,15,0.0360226
Model3,3pop,15,1,100,11,0.0183898
Model3,3pop,15,101,200,11,0.0291864
Model3,3pop,15,201,300,15,0.0364689
Model3,3pop,15,301,400,13,0.0331921
Model3,3pop,15,401,500,8,0.0227006
Model3,3pop,15,501,600,5,0.0147853
Model3,3pop,15,601,700,12,0.0263898
Model3,3pop,15,701,800,14,0.0346949
Model3,3pop,15,801,900,6,0.0192147
Model3,3pop,15,901,1000,6,0.015435
Model3,3pop,12,1,100,10,0.0210508
Model3,3pop,12,101,200,16,0.0305989
Model3,3pop,12,201,300,10,0.0243503
Model3,3pop,12,301,400,13,0.0346384
Model3,3pop,12,401,500,10,0.0179096
Model3,3pop,12,501,600,17,0.0327797
Model3,3pop,12,601,700,10,0.0204181
Model3,3pop,12,701,800,13,0.0243729
Model3,3pop,12,801,900,14,0.023661
Model3,3pop,12,901,1000,14,0.0236667
Model3,3pop,19,1,100,12,0.0273277
Model3,3pop,19,101,200,8,0.0199774
Model3,3pop,19,201,300,9,0.0268814
Model3,3pop,19,301,400,7,0.0115706
Model3,3pop,19,401,500,12,0.0281921
Model3,3pop,19,501,600,21,0.04
Model3,3pop,19,601,700,12,0.0325876
Model3,3pop,19,701,800,13,0.0284124
Model3,3pop,19,801,900,8,0.0132486
Model3,3pop,19,901,1000,7,0.0172429
Model3,3pop,17,1,100,13,0.047322
Model3,3pop,17,101,200,8,0.0339096
Model3,3pop,17,201,300,9,0.0340847
Model3,3pop,17,301,400,10,0.029904
Model3,3pop,17,401,500,10,0.0329435
Model3,3pop,17,501,600,11,0.0240282
Model3,3pop,17,601,700,10,0.039452
Model3,3pop,17,701,800,7,0.0175424
Model3,3pop,17,801,900,12,0.0445932
Model3,3pop,17,901,1000,12,0.030113
Model3,3pop,7,1,100,9,0.00428249
Model3,3pop,7,101,200,14,0.0157288
Model3,3pop,7,201,300,16,0.0158814
Model3,3pop,7,301,400,10,0.00874011
Model3,3pop,7,401,500,10,0.0132542
Model3,3pop,7,501,600,14,0.0218701
Model3,3pop,7,601,700,12,0.0113277
Model3,3pop,7,701,800,12,0.0124124
Model3,3pop,7,801,900,10,0.00802825
Model3,3pop,7,901,1000,9,0.0117684
Model3,3pop,0,1,100,9,0.0220395
Model3,3pop,0,101,200,12,0.0196158
Model3,3pop,0,201,300,10,0.0154576
Model3,3pop,0,301,400,13,0.0334181
Model3,3pop,0,401,500,8,0.0115424
Model3,3pop,0,501,600,13,0.0323955
Model3,3pop,0,601,700,4,0.00883051
Model3,3pop,0,701,800,6,0.0105311
Model3,3pop,0,801,900,11,0.0268023
Model3,3pop,0,901,1000,3,0.00716384
Model3,3pop,14,1,100,9,0.0181299
Model3,3pop,14,101,200,5,0.00617514
Model3,3pop,14,201,300,4,0.00784746
Model3,3pop,14,301,400,9,0.013887
Model3,3pop,14,401,500,7,0.0102147
Model3,3pop,14,501,600,10,0.0158079
Model3,3pop,14,601,700,6,0.0104972
Model3,3pop,14,701,800,8,0.0259266
Model3,3pop,14,801,900,10,0.0127966
Model3,3pop,14,901,1000,4,0.00319774
Model3,3pop,6,1,100,15,0.0116667
Model3,3pop,6,101,200,29,0.0221864
Model3,3pop,6,201,300,19,0.0180847
Model3,3pop,6,301,400,21,0.0223898
Model3,3pop,6,401,500,13,0.0200395
Model3,3pop,6,501,600,22,0.0281469
Model3,3pop,6,601,700,19,0.0195932
Model3,3pop,6,701,800,12,0.0122994
Model3,3pop,6,801,900,19,0.0168305
Model3,3pop,6,901,1000,17,0.0160791
Model3,3pop,9,1,100,12,0.0338757
Model3,3pop,9,101,200,18,0.0468927
Model3,3pop,9,201,300,7,0.0152712
Model3,3pop,9,301,400,16,0.0423277
Model3,3pop,9,401,500,19,0.0589492
Model3,3pop,9,501,600,13,0.0354859
Model3,3pop,9,601,700,20,0.0591186
Model3,3pop,9,701,800,14,0.0438362
Model3,3pop,9,801,900,14,0.0202712
Model3,3pop,9,901,1000,14,0.0395932
Model3,3pop,1,1,100,14,0.0572542
Model3,3pop,1,101,200,17,0.0482655
Model3,3pop,1,201,300,16,0.0542542
Model3,3pop,1,301,400,17,0.0463333
Model3,3pop,1,401,500,13,0.0467853
Model3,3pop,1,501,600,12,0.0343616
Model3,3pop,1,601,700,14,0.0485819
Model3,3pop,1,701,800,13,0.0400169
Model3,3pop,1,801,900,14,0.0477853
Model3,3pop,1,901,1000,13,0.0381186
Model3,3pop,9,1,100,9,0.0102938
Model3,3pop,9,101,200,5,0.00975141
Model3,3pop,9,201,300,13,0.0222429
Model3,3pop,9,301,400,6,0.0106102
Model3,3pop,9,401,500,14,0.0369435
Model3,3pop,9,501,600,14,0.0261412
Model3,3pop,9,601,700,10,0.0149661
Model3,3pop,9,701,800,9,0.0239661
Model3,3pop,9,801,900,9,0.0209379
Model3,3pop,9,901,1000,7,0.0191808
Model3,3pop,8,1,100,8,0.0177514
Model3,3pop,8,101,200,9,0.0231695
Model3,3pop,8,201,300,11,0.0175537
Model3,3pop,8,301,400,10,0.0269887
Model3,3pop,8,401,500,11,0.0210904
Model3,3pop,8,501,600,11,0.023678
Model3,3pop,8,601,700,11,0.0142599
Model3,3pop,8,701,800,6,0.00510734
Model3,3pop,8,801,900,13,0.0177797
Model3,3pop,8,901,1000,6,0.0103785
Model3,3pop,9,1,100,8,0.0205367
Model3,3pop,9,101,200,14,0.0392938
Model3,3pop,9,201,300,16,0.0504124
Model3,3pop,9,301,400,14,0.0340395
Model3,3pop,9,401,500,7,0.0243898
Model3,3pop,9,501,600,11,0.0266836
Model3,3pop,9,601,700,11,0.031339
Model3,3pop,9,701,800,9,0.0265989
Model3,3pop,9,801,900,13,0.0429266
Model3,3pop,9,901,1000,12,0.0166441
Model3,3pop,17,1,100,8,0.00610734
Model3,3pop,17,101,200,12,0.0237966
Model3,3pop,17,201,300,11,0.0190791
Model3,3pop,17,301,400,8,0.0161356
Model3,3pop,17,401,500,8,0.0109209
Model3,3pop,17,501,600,14,0.0181977
Model3,3pop,17,601,700,9,0.0175311
Model3,3pop,17,701,800,6,0.0134294
Model3,3pop,17,801,900,8,0.0150452
Model3,3pop,17,901,1000,3,0.00301695
Model3,3pop,12,1,100,14,0.0488192
Model3,3pop,12,101,200,17,0.0525593
Model3,3pop,12,201,300,10,0.027661
Model3,3pop,12,301,400,15,0.0419322
Model3,3pop,12,401,500,7,0.0275989
Model3,3pop,12,501,600,19,0.0431073
Model3,3pop,12,601,700,18,0.0405367
Model3,3pop,12,701,800,12,0.026113
Model3,3pop,12,801,900,11,0.0322373
Model3,3pop,12,901,1000,14,0.0498079
Model3,3pop,5,1,100,6,0.0118701
Model3,3pop,5,101,200,14,0.0312147
Model3,3pop,5,201,300,15,0.0329322
Model3,3pop,5,301,400,12,0.0334407
Model3,3pop,5,401,500,11,0.0186441
Model3,3pop,5,501,600,12,0.0230621
Model3,3pop,5,601,700,10,0.0171073
Model3,3pop,5,701,800,11,0.0266497
Model3,3pop,5,801,900,11,0.0163277
Model3,3pop,5,901,1000,9,0.0218136
Model3,3pop,7,1,100,9,0.0165424
Model3,3pop,7,101,200,6,0.00867232
Model3,3pop,7,201,300,12,0.0186497
Model3,3pop,7,301,400,7,0.0100282
Model3,3pop,7,401,500,13,0.0153616
Model3,3pop,7,501,600,12,0.0125706
Model3,3pop,7,601,700,11,0.0144972
Model3,3pop,7,701,800,6,0.00720339
Model3,3pop,7,801,900,11,0.0123164
Model3,3pop,7,901,1000,13,0.0146102
