Model,Pop,CHROM,BIN_START,BIN_END,N_VARIANTS,WEIGHTED_FST,MEAN_FST
Model3,2pop,19,1,100,11,0.211951,0.119649
Model3,2pop,19,101,200,10,0.25641,0.100265
Model3,2pop,19,201,300,6,0.134752,0.0707672
Model3,2pop,19,301,400,7,0.10582,0.0899471
Model3,2pop,19,401,500,5,-0.010582,0.0179894
Model3,2pop,19,501,600,5,0.109563,0.0903337
Model3,2pop,19,601,700,7,0.0401891,0.0408163
Model3,2pop,19,701,800,3,0.433333,0.24515
Model3,2pop,19,801,900,3,0.0849673,0.0555556
Model3,2pop,19,901,1000,11,0.0738523,0.0689295
Model3,2pop,4,1,100,23,0.241866,0.179547
Model3,2pop,4,101,200,24,0.243673,0.204648
Model3,2pop,4,201,300,16,0.231144,0.197876
Model3,2pop,4,301,400,28,0.243482,0.209614
Model3,2pop,4,401,500,28,0.219938,0.155731
Model3,2pop,4,501,600,27,0.248342,0.218294
Model3,2pop,4,601,700,23,0.268182,0.213824
Model3,2pop,4,701,800,22,0.249042,0.200492
Model3,2pop,4,801,900,28,0.235443,0.202058
Model3,2pop,4,901,1000,29,0.229437,0.182018
Model3,2pop,12,1,100,6,0.206349,0.138889
Model3,2pop,12,101,200,8,0.142954,0.116162
Model3,2pop,12,201,300,8,0.057377,0.0460859
Model3,2pop,12,301,400,6,0.268817,0.231481
Model3,2pop,12,401,500,10,0.217114,0.161174
Model3,2pop,12,501,600,8,0.225694,0.166667
Model3,2pop,12,601,700,10,0.246377,0.2
Model3,2pop,12,701,800,9,0.38322,0.24188
Model3,2pop,12,801,900,3,0.25641,0.185185
Model3,2pop,12,901,1000,7,0.177433,0.114592
Model3,2pop,11,1,100,12,0.706133,0.564007
Model3,2pop,11,101,200,9,0.746405,0.445988
Model3,2pop,11,201,300,8,0.691852,0.4375
Model3,2pop,11,301,400,8,0.750508,0.694841
Model3,2pop,11,401,500,15,0.720267,0.579991
Model3,2pop,11,501,600,7,0.722997,0.717336
Model3,2pop,11,601,700,12,0.764444,0.607639
Model3,2pop,11,701,800,13,0.703298,0.454753
Model3,2pop,11,801,900,19,0.759079,0.754091
Model3,2pop,11,901,1000,14,0.697042,0.469687
Model3,2pop,3,1,100,9,0.288549,0.141958
Model3,2pop,3,101,200,6,0.25601,0.138109
Model3,2pop,3,201,300,4,0.32567,0.225466
Model3,2pop,3,301,400,4,0.00826446,0.00381741
Model3,2pop,3,401,500,8,0.354528,0.15525
Model3,2pop,3,501,600,13,0.27572,0.154222
Model3,2pop,3,601,700,7,0.223932,0.0978372
Model3,2pop,3,701,800,7,0.040404,0.026455
Model3,2pop,3,801,900,7,0.322679,0.122201
Model3,2pop,3,901,1000,6,0.287149,0.145654
Model3,2pop,14,1,100,6,0.154154,0.0995964
Model3,2pop,14,101,200,11,0.10596,0.0693085
Model3,2pop,14,201,300,7,0.207265,0.13254
Model3,2pop,14,301,400,7,0.0512821,0.042328
Model3,2pop,14,401,500,11,0.0469349,0.0366485
Model3,2pop,14,501,600,8,0.289562,0.155829
Model3,2pop,14,601,700,3,0.0666667,0.037037
Model3,2pop,14,701,800,7,0.40548,0.1943
Model3,2pop,14,801,900,7,0.0772128,0.0647791
Model3,2pop,14,901,1000,8,0.450631,0.191873
Model3,2pop,11,1,100,5,0.00304414,0.0100144
Model3,2pop,11,101,200,4,0.025641,0.0189973
Model3,2pop,11,201,300,5,0.0432099,0.0444444
Model3,2pop,11,301,400,6,0.140212,0.0886742
Model3,2pop,11,401,500,5,0.0503324,0.0462462
Model3,2pop,11,501,600,6,0.0432099,0.0426731
Model3,2pop,11,601,700,3,0.353865,0.210394
Model3,2pop,11,701,800,2,0.374202,0.315591
Model3,2pop,11,801,900,1,0.0,0.0
Model3,2pop,11,901,1000,5,0.166667,0.073974
Model3,2pop,17,1,100,5,0.191509,0.119067
Model3,2pop,17,101,200,9,0.181342,0.113361
Model3,2pop,17,201,300,6,0.0701001,0.0440201
Model3,2pop,17,301,400,8,0.114155,0.0637043
Model3,2pop,17,401,500,4,0.201878,0.173577
Model3,2pop,17,501,600,8,0.205001,0.146015
Model3,2pop,17,601,700,6,0.128788,0.106206
Model3,2pop,17,701,800,5,0.123457,0.0444444
Model3,2pop,17,801,900,10,0.184211,0.0919147
Model3,2pop,17,901,1000,8,0.165685,0.137923
Model3,2pop,13,1,100,6,0.312671,0.252516
Model3,2pop,13,101,200,9,0.211012,0.165704
Model3,2pop,13,201,300,7,0.270885,0.23515
Model3,2pop,13,301,400,5,0.290495,0.0923372
Model3,2pop,13,401,500,14,0.28484,0.203046
Model3,2pop,13,501,600,9,0.300813,0.176506
Model3,2pop,13,601,700,8,0.126506,0.0724206
Model3,2pop,13,701,800,12,0.254057,0.149867
Model3,2pop,13,801,900,10,0.357196,0.270633
Model3,2pop,13,901,1000,7,0.207729,0.0605926
Model3,2pop,6,1,100,10,0.249322,0.164462
Model3,2pop,6,101,200,8,0.207317,0.181639
Model3,2pop,6,201,300,12,0.124361,0.121702
Model3,2pop,6,301,400,6,0.159664,0.122549
Model3,2pop,6,401,500,10,0.268726,0.239645
Model3,2pop,6,501,600,12,0.232237,0.110975
Model3,2pop,6,601,700,11,0.142965,0.133563
Model3,2pop,6,701,800,8,0.0802988,0.0511364
Model3,2pop,6,801,900,9,0.145981,0.120189
Model3,2pop,6,901,1000,5,0.209877,0.140741
Model3,2pop,10,1,100,7,0.114057,0.0670949
Model3,2pop,10,101,200,13,0.153846,0.120699
Model3,2pop,10,201,300,9,0.0828544,0.0735598
Model3,2pop,10,301,400,11,0.081161,0.0508652
Model3,2pop,10,401,500,11,0.120694,0.0823307
Model3,2pop,10,501,600,11,0.218456,0.17361
Model3,2pop,10,601,700,13,0.168506,0.110054
Model3,2pop,10,701,800,15,-0.0139217,0.00767196
Model3,2pop,10,801,900,8,-0.0124746,0.0096686
Model3,2pop,10,901,1000,8,0.0610786,0.0271037
Model3,2pop,0,1,100,15,0.340265,0.265042
Model3,2pop,0,101,200,9,0.176659,0.162601
Model3,2pop,0,201,300,11,0.277703,0.19787
Model3,2pop,0,301,400,5,0.0641179,0.0465359
Model3,2pop,0,401,500,10,0.238797,0.216231
Model3,2pop,0,501,600,14,0.171837,0.157731
Model3,2pop,0,601,700,10,0.318677,0.167254
Model3,2pop,0,701,800,8,0.228113,0.166551
Model3,2pop,0,801,900,6,0.0983607,0.0914413
Model3,2pop,0,901,1000,16,0.166667,0.115223
Model3,2pop,10,1,100,10,0.718445,0.357968
Model3,2pop,10,101,200,9,0.755071,0.439545
Model3,2pop,10,201,300,13,0.710678,0.413181
Model3,2pop,10,301,400,9,0.584278,0.274817
Model3,2pop,10,401,500,7,0.341963,0.135853
Model3,2pop,10,501,600,4,0.469507,0.256742
Model3,2pop,10,601,700,10,0.754008,0.559333
Model3,2pop,10,701,800,14,0.581419,0.271738
Model3,2pop,10,801,900,13,0.546997,0.238282
Model3,2pop,10,901,1000,10,0.457237,0.233587
Model3,2pop,14,1,100,8,0.320988,0.189103
Model3,2pop,14,101,200,1,0.166667,0.166667
Model3,2pop,14,201,300,6,0.417989,0.131766
Model3,2pop,14,301,400,5,0.182736,0.135317
Model3,2pop,14,401,500,9,0.281121,0.156848
Model3,2pop,14,501,600,2,0.12963,0.111111
Model3,2pop,14,601,700,5,0.0705128,0.0703102
Model3,2pop,14,701,800,8,0.336601,0.175214
Model3,2pop,14,801,900,7,0.130619,0.0913643
Model3,2pop,14,901,1000,13,0.151061,0.112637
Model3,2pop,5,1,100,8,0.157856,0.127979
Model3,2pop,5,101,200,4,-0.0157368,-0.0143051
Model3,2pop,5,201,300,12,0.177396,0.125634
Model3,2pop,5,301,400,12,0.110373,0.0824766
Model3,2pop,5,401,500,7,0.150767,0.0867176
Model3,2pop,5,501,600,10,0.175045,0.079358
Model3,2pop,5,601,700,11,0.213504,0.146088
Model3,2pop,5,701,800,8,0.12201,0.0852129
Model3,2pop,5,801,900,10,0.190757,0.136434
Model3,2pop,5,901,1000,8,0.0906354,0.0719194
Model3,2pop,10,1,100,8,0.134964,0.120955
Model3,2pop,10,101,200,9,0.341085,0.141534
Model3,2pop,10,201,300,3,0.101852,0.0740741
Model3,2pop,10,301,400,10,0.440389,0.257271
Model3,2pop,10,401,500,5,0.203287,0.162346
Model3,2pop,10,501,600,11,0.119143,0.0876623
Model3,2pop,10,601,700,9,0.145907,0.0392416
Model3,2pop,10,701,800,10,0.177305,0.119444
Model3,2pop,10,801,900,7,0.262821,0.15747
Model3,2pop,10,901,1000,7,0.118519,0.0595238
Model3,2pop,10,1,100,5,0.216627,0.129412
Model3,2pop,10,101,200,10,0.0486726,0.0339518
Model3,2pop,10,201,300,7,-0.00414079,-0.003663
Model3,2pop,10,301,400,6,-0.00358423,-0.00213675
Model3,2pop,10,401,500,12,0.141825,0.0808114
Model3,2pop,10,501,600,12,0.146417,0.0671249
Model3,2pop,10,601,700,11,0.106236,0.0700982
Model3,2pop,10,701,800,9,0.193707,0.109874
Model3,2pop,10,801,900,10,0.163459,0.0787537
Model3,2pop,10,901,1000,12,-0.00678733,-0.00339091
Model3,2pop,3,1,100,17,0.224756,0.208508
Model3,2pop,3,101,200,8,0.156071,0.139878
Model3,2pop,3,201,300,13,0.14866,0.135255
Model3,2pop,3,301,400,22,0.168196,0.157026
Model3,2pop,3,401,500,15,0.147789,0.121353
Model3,2pop,3,501,600,16,0.194044,0.17044
Model3,2pop,3,601,700,12,0.210678,0.174256
Model3,2pop,3,701,800,15,0.133045,0.111625
Model3,2pop,3,801,900,11,0.0730424,0.070924
Model3,2pop,3,901,1000,8,0.168152,0.168332
Model3,2pop,11,1,100,4,0.126263,0.0895833
Model3,2pop,11,101,200,4,0.177305,0.113889
Model3,2pop,11,201,300,6,0.166667,0.0858025
Model3,2pop,11,301,400,8,0.106996,0.0471065
Model3,2pop,11,401,500,12,0.11828,0.0696759
Model3,2pop,11,501,600,5,0.294118,0.204848
Model3,2pop,11,601,700,7,0.0990573,0.0605549
Model3,2pop,11,701,800,9,0.126513,0.0747795
Model3,2pop,11,801,900,4,-0.0292398,-0.00694444
Model3,2pop,11,901,1000,8,0.143192,0.0503655
Model3,2pop,11,1,100,13,0.256753,0.151111
Model3,2pop,11,101,200,16,0.249158,0.156194
Model3,2pop,11,201,300,11,0.35873,0.286223
Model3,2pop,11,301,400,15,0.359307,0.149846
Model3,2pop,11,401,500,14,0.379867,0.283316
Model3,2pop,11,501,600,17,0.381634,0.223734
Model3,2pop,11,601,700,10,0.354491,0.237749
Model3,2pop,11,701,800,12,0.386529,0.352992
Model3,2pop,11,801,900,7,0.364494,0.248411
Model3,2pop,11,901,1000,15,0.337121,0.185957
Model3,2pop,18,1,100,16,0.159456,0.109812
Model3,2pop,18,101,200,10,0.217242,0.18964
Model3,2pop,18,201,300,11,0.175465,0.130527
Model3,2pop,18,301,400,16,0.0963706,0.0620509
Model3,2pop,18,401,500,13,0.136465,0.096058
Model3,2pop,18,501,600,15,0.171171,0.137398
Model3,2pop,18,601,700,7,0.197133,0.157193
Model3,2pop,18,701,800,12,0.164702,0.12361
Model3,2pop,18,801,900,12,0.140085,0.10061
Model3,2pop,18,901,1000,11,0.13215,0.121184
Model3,2pop,17,1,100,14,0.0887647,0.0948212
Model3,2pop,17,101,200,13,0.214805,0.14654
Model3,2pop,17,201,300,16,0.12711,0.110592
Model3,2pop,17,301,400,13,0.10845,0.0896837
Model3,2pop,17,401,500,9,0.0154988,0.0170148
Model3,2pop,17,501,600,11,0.084022,0.0460126
Model3,2pop,17,601,700,14,0.0752924,0.0579565
Model3,2pop,17,701,800,15,0.0645808,0.0480387
Model3,2pop,17,801,900,7,0.1274,0.109777
Model3,2pop,17,901,1000,8,0.14109,0.108379
Model3,2pop,9,1,100,14,0.551004,0.36942
Model3,2pop,9,101,200,6,0.662729,0.501454
Model3,2pop,9,201,300,10,0.440084,0.249869
Model3,2pop,9,301,400,18,0.612607,0.492095
Model3,2pop,9,401,500,10,0.584977,0.371935
Model3,2pop,9,501,600,10,0.630298,0.501617
Model3,2pop,9,601,700,9,0.598068,0.410498
Model3,2pop,9,701,800,12,0.629311,0.424914
Model3,2pop,9,801,900,16,0.639199,0.451323
Model3,2pop,9,901,1000,8,0.616993,0.508333
Model3,2pop,15,1,100,10,0.39257,0.271473
Model3,2pop,15,101,200,14,0.193237,0.116119
Model3,2pop,15,201,300,10,0.233333,0.161905
Model3,2pop,15,301,400,13,0.385522,0.216662
Model3,2pop,15,401,500,10,0.39013,0.307038
Model3,2pop,15,501,600,7,0.231111,0.138322
Model3,2pop,15,601,700,17,0.379928,0.237625
Model3,2pop,15,701,800,13,0.327957,0.197131
Model3,2pop,15,801,900,9,0.274306,0.137486
Model3,2pop,15,901,1000,6,0.295699,0.20873
Model3,2pop,0,1,100,6,0.259259,0.18553
Model3,2pop,0,101,200,8,0.203143,0.159226
Model3,2pop,0,201,300,5,0.27451,0.130556
Model3,2pop,0,301,400,5,0.234568,0.14127
Model3,2pop,0,401,500,3,0.0441176,0.0462963
Model3,2pop,0,501,600,3,0.274074,0.195767
Model3,2pop,0,601,700,11,0.27108,0.165832
Model3,2pop,0,701,800,7,0.125631,0.0929705
Model3,2pop,0,801,900,4,0.135802,0.0694444
Model3,2pop,0,901,1000,7,0.172222,0.100907
Model3,2pop,15,1,100,9,-0.0497512,-0.0317573
Model3,2pop,15,101,200,9,0.0567304,0.0679281
Model3,2pop,15,201,300,13,0.0352505,0.0587483
Model3,2pop,15,301,400,15,-0.00220022,0.0225329
Model3,2pop,15,401,500,12,-0.0283981,-0.00553586
Model3,2pop,15,501,600,14,-0.00414494,0.0262074
Model3,2pop,15,601,700,10,0.0358127,0.0647281
Model3,2pop,15,701,800,9,0.00564647,0.0313076
Model3,2pop,15,801,900,16,0.0438114,0.0643923
Model3,2pop,15,901,1000,11,-0.0281481,0.00229959
Model3,2pop,18,1,100,10,0.367831,0.219575
Model3,2pop,18,101,200,16,0.238609,0.13128
Model3,2pop,18,201,300,11,0.252675,0.196633
Model3,2pop,18,301,400,8,0.275272,0.199119
Model3,2pop,18,401,500,12,0.273226,0.195923
Model3,2pop,18,501,600,7,0.181818,0.0904762
Model3,2pop,18,601,700,11,0.34099,0.182572
Model3,2pop,18,701,800,11,0.2988,0.222153
Model3,2pop,18,801,900,14,0.240595,0.135714
Model3,2pop,18,901,1000,10,0.355581,0.288362
Model3,2pop,7,1,100,3,0.0444444,0.037037
Model3,2pop,7,101,200,9,0.0296804,0.0350081
Model3,2pop,7,201,300,5,0.0,0.0142857
Model3,2pop,7,301,400,3,0.0178571,0.0221319
Model3,2pop,7,401,500,6,0.207071,0.0809524
Model3,2pop,7,501,600,7,0.271605,0.160849
Model3,2pop,7,601,700,6,0.0185185,0.0242935
Model3,2pop,7,701,800,6,0.253852,0.0983147
Model3,2pop,7,801,900,6,0.107565,0.0902778
Model3,2pop,7,901,1000,3,-0.0347222,-0.0132275
Model3,2pop,8,1,100,5,0.0881913,0.0947141
Model3,2pop,8,101,200,13,0.222222,0.130435
Model3,2pop,8,201,300,7,0.195011,0.17225
Model3,2pop,8,301,400,11,0.224857,0.140975
Model3,2pop,8,401,500,11,0.198323,0.16528
Model3,2pop,8,501,600,11,0.228541,0.233128
Model3,2pop,8,601,700,15,0.185583,0.171609
Model3,2pop,8,701,800,12,0.157287,0.109365
Model3,2pop,8,801,900,9,0.136064,0.0800181
Model3,2pop,8,901,1000,13,0.127989,0.0915733
Model3,2pop,4,1,100,26,0.760891,0.550959
Model3,2pop,4,101,200,13,0.780781,0.661399
Model3,2pop,4,201,300,19,0.79963,0.73346
Model3,2pop,4,301,400,18,0.718153,0.505195
Model3,2pop,4,401,500,24,0.786276,0.679676
Model3,2pop,4,501,600,15,0.778757,0.629945
Model3,2pop,4,601,700,11,0.781771,0.694977
Model3,2pop,4,701,800,16,0.663507,0.335508
Model3,2pop,4,801,900,20,0.757494,0.62009
Model3,2pop,4,901,1000,17,0.727168,0.577092
Model3,2pop,5,1,100,6,0.0602489,0.0332592
Model3,2pop,5,101,200,6,0.174256,0.123088
Model3,2pop,5,201,300,6,0.0896921,0.069847
Model3,2pop,5,301,400,8,0.0780142,0.0590461
Model3,2pop,5,401,500,7,0.142222,0.0888889
Model3,2pop,5,501,600,5,0.0648723,0.0700138
Model3,2pop,5,601,700,6,-0.00579252,-0.00107211
Model3,2pop,5,701,800,8,0.0299824,0.0363225
Model3,2pop,5,801,900,8,0.0747946,0.0441817
Model3,2pop,5,901,1000,9,0.0555556,0.0389644
Model3,2pop,1,1,100,15,0.299163,0.217656
Model3,2pop,1,101,200,25,0.294689,0.244334
Model3,2pop,1,201,300,17,0.418494,0.351223
Model3,2pop,1,301,400,15,0.335512,0.316097
Model3,2pop,1,401,500,22,0.331466,0.289921
Model3,2pop,1,501,600,22,0.374031,0.287532
Model3,2pop,1,601,700,16,0.37972,0.280086
Model3,2pop,1,701,800,15,0.288507,0.254876
Model3,2pop,1,801,900,15,0.297434,0.263003
Model3,2pop,1,901,1000,16,0.28073,0.162749
Model3,2pop,19,1,100,8,0.0511607,0.0512133
Model3,2pop,19,101,200,8,0.0750141,0.0703076
Model3,2pop,19,201,300,6,0.0848363,0.0781681
Model3,2pop,19,301,400,7,0.101745,0.0580782
Model3,2pop,19,401,500,9,0.104938,0.0881709
Model3,2pop,19,501,600,21,0.0861619,0.0730609
Model3,2pop,19,601,700,9,0.273623,0.217058
Model3,2pop,19,701,800,11,0.155794,0.102324
Model3,2pop,19,801,900,7,0.229167,0.104701
Model3,2pop,19,901,1000,5,0.0728477,0.0468085
Model3,2pop,6,1,100,10,0.555556,0.111728
Model3,2pop,6,101,200,11,0.037037,0.016835
Model3,2pop,6,201,300,14,0.591739,0.202335
Model3,2pop,6,301,400,7,0.671296,0.127866
Model3,2pop,6,401,500,10,0.0173847,0.00900901
Model3,2pop,6,501,600,3,-0.0136452,-0.00700701
Model3,2pop,6,601,700,11,0.522258,0.0794582
Model3,2pop,6,701,800,7,0.593651,0.209173
Model3,2pop,6,801,900,13,0.32645,0.0583861
Model3,2pop,6,901,1000,11,0.651505,0.177971
Model3,2pop,3,1,100,10,0.0136661,0.010776
Model3,2pop,3,101,200,10,0.0620032,0.0626957
Model3,2pop,3,201,300,8,0.0198735,0.020216
Model3,2pop,3,301,400,12,0.09319,0.0569365
Model3,2pop,3,401,500,12,-0.00626362,0.0102376
Model3,2pop,3,501,600,11,0.0332281,0.0331941
Model3,2pop,3,601,700,9,0.161111,0.101029
Model3,2pop,3,701,800,9,0.000365497,0.0143659
Model3,2pop,3,801,900,11,0.0371411,0.0419412
Model3,2pop,3,901,1000,10,0.032567,0.0373476
Model3,2pop,15,1,100,8,0.376995,0.196643
Model3,2pop,15,101,200,7,0.141255,0.083033
Model3,2pop,15,201,300,5,0.3196,0.0982639
Model3,2pop,15,301,400,13,0.173177,0.0695469
Model3,2pop,15,401,500,10,0.363027,0.136285
Model3,2pop,15,501,600,9,0.298296,0.171912
Model3,2pop,15,601,700,15,0.304233,0.072373
Model3,2pop,15,701,800,7,0.331742,0.180588
Model3,2pop,15,801,900,8,0.335601,0.192078
Model3,2pop,15,901,1000,10,0.340984,0.162864
Model3,2pop,0,1,100,11,0.143026,0.0896465
Model3,2pop,0,101,200,4,0.037037,0.0277778
Model3,2pop,0,201,300,7,0.101732,0.0809679
Model3,2pop,0,301,400,6,0.191358,0.108025
Model3,2pop,0,401,500,7,0.0203106,0.0244709
Model3,2pop,0,501,600,5,0.0106545,0.012037
Model3,2pop,0,601,700,12,0.187044,0.093736
Model3,2pop,0,701,800,6,0.147898,0.13966
Model3,2pop,0,801,900,11,0.189576,0.115666
Model3,2pop,0,901,1000,9,0.183429,0.146
Model3,2pop,14,1,100,12,0.399371,0.296453
Model3,2pop,14,101,200,9,0.45746,0.322199
Model3,2pop,14,201,300,7,0.543524,0.180581
Model3,2pop,14,301,400,17,0.338753,0.15914
Model3,2pop,14,401,500,9,0.365672,0.255071
Model3,2pop,14,501,600,4,0.378788,0.313492
Model3,2pop,14,601,700,10,0.460388,0.312049
Model3,2pop,14,701,800,19,0.335065,0.231475
Model3,2pop,14,801,900,8,0.507459,0.369386
Model3,2pop,14,901,1000,9,0.32167,0.208868
Model3,2pop,13,1,100,11,0.104938,0.0569957
Model3,2pop,13,101,200,14,0.118896,0.0880503
Model3,2pop,13,201,300,5,0.156166,0.102857
Model3,2pop,13,301,400,14,0.128185,0.121478
Model3,2pop,13,401,500,7,0.0764182,0.0601977
Model3,2pop,13,501,600,3,0.261229,0.157015
Model3,2pop,13,601,700,10,0.108415,0.0854017
Model3,2pop,13,701,800,6,0.0980392,0.101698
Model3,2pop,13,801,900,5,0.124877,0.125043
Model3,2pop,13,901,1000,9,0.147834,0.125879
Model3,2pop,0,1,100,10,0.340996,0.227667
Model3,2pop,0,101,200,4,0.37276,0.37276
Model3,2pop,0,201,300,12,0.319088,0.196983
Model3,2pop,0,301,400,9,0.310727,0.213475
Model3,2pop,0,401,500,5,0.306541,0.2739
Model3,2pop,0,501,600,9,0.250144,0.177554
Model3,2pop,0,601,700,5,0.315718,0.200215
Model3,2pop,0,801,900,8,0.306931,0.105909
Model3,2pop,0,901,1000,5,0.353106,0.297571
Model3,2pop,16,1,100,9,0.346176,0.241757
Model3,2pop,16,101,200,14,0.258282,0.172776
Model3,2pop,16,201,300,13,0.207712,0.160459
Model3,2pop,16,301,400,13,0.209015,0.154512
Model3,2pop,16,401,500,9,0.121155,0.0585748
Model3,2pop,16,501,600,8,0.15212,0.0866768
Model3,2pop,16,601,700,10,0.190917,0.112873
Model3,2pop,16,701,800,12,0.269654,0.168739
Model3,2pop,16,801,900,7,0.0681004,0.0354167
Model3,2pop,16,901,1000,15,0.238854,0.17036
Model3,2pop,10,1,100,14,0.198791,0.105971
Model3,2pop,10,101,200,11,0.318709,0.174126
Model3,2pop,10,201,300,10,0.33126,0.196602
Model3,2pop,10,301,400,11,0.310112,0.20437
Model3,2pop,10,401,500,11,0.272263,0.179543
Model3,2pop,10,501,600,4,0.271152,0.133985
Model3,2pop,10,601,700,10,0.332577,0.253054
Model3,2pop,10,701,800,6,0.311324,0.146354
Model3,2pop,10,801,900,8,0.170692,0.0897407
Model3,2pop,10,901,1000,9,0.350206,0.210712
Model3,2pop,2,1,100,9,-0.0512997,-0.0248089
Model3,2pop,2,101,200,10,0.095088,0.0986274
Model3,2pop,2,201,300,14,0.127914,0.112096
Model3,2pop,2,301,400,9,0.0557129,0.0417202
Model3,2pop,2,401,500,13,0.0450311,0.0456838
Model3,2pop,2,501,600,9,-0.0236794,0.00534979
Model3,2pop,2,601,700,8,-0.0246914,-0.00833333
Model3,2pop,2,701,800,5,-0.0462963,-0.0133333
Model3,2pop,2,801,900,8,0.0532407,0.0613095
Model3,2pop,2,901,1000,8,0.0892857,0.0808642
Model3,2pop,1,1,100,14,0.40259,0.332042
Model3,2pop,1,101,200,13,0.326127,0.222994
Model3,2pop,1,201,300,13,0.390709,0.321103
Model3,2pop,1,301,400,13,0.364186,0.259938
Model3,2pop,1,401,500,10,0.443447,0.4
Model3,2pop,1,501,600,8,0.407895,0.307811
Model3,2pop,1,601,700,11,0.428795,0.358986
Model3,2pop,1,701,800,11,0.374556,0.302337
Model3,2pop,1,801,900,13,0.361016,0.29605
Model3,2pop,1,901,1000,11,0.315476,0.262704
Model3,2pop,13,1,100,11,0.218213,0.0971074
Model3,2pop,13,101,200,7,0.017094,0.0169275
Model3,2pop,13,201,300,8,0.261346,0.120592
Model3,2pop,13,301,400,3,0.199522,0.130824
Model3,2pop,13,401,500,10,0.146431,0.0466005
Model3,2pop,13,501,600,4,0.0327381,0.0336538
Model3,2pop,13,601,700,7,0.435028,0.150973
Model3,2pop,13,701,800,9,0.413408,0.110517
Model3,2pop,13,801,900,7,0.446685,0.272699
Model3,2pop,13,901,1000,4,0.558948,0.237494
Model3,2pop,5,1,100,10,0.138889,0.119259
Model3,2pop,5,101,200,8,0.0215054,0.0138824
Model3,2pop,5,201,300,6,0.0821256,0.0526548
Model3,2pop,5,301,400,5,0.0824916,0.0435897
Model3,2pop,5,401,500,3,0.0683761,0.0444444
Model3,2pop,5,501,600,3,0.0444444,0.0246914
Model3,2pop,5,601,700,7,0.154762,0.101058
Model3,2pop,5,701,800,7,0.0437561,0.0466452
Model3,2pop,5,801,900,8,0.0622993,0.0512919
Model3,2pop,5,901,1000,9,0.0958606,0.063786
Model3,2pop,8,1,100,10,0.165257,0.0946189
Model3,2pop,8,101,200,10,0.189576,0.111836
Model3,2pop,8,201,300,7,0.0498442,0.0331263
Model3,2pop,8,301,400,8,0.29187,0.184782
Model3,2pop,8,401,500,11,0.0761832,0.0631446
Model3,2pop,8,501,600,7,0.263468,0.100345
Model3,2pop,8,601,700,9,0.287455,0.119082
Model3,2pop,8,701,800,5,0.198029,0.10431
Model3,2pop,8,801,900,10,0.313725,0.174354
Model3,2pop,8,901,1000,5,0.412827,0.181435
Model3,2pop,17,1,100,10,0.037963,0.0304148
Model3,2pop,17,101,200,9,0.0704287,0.0639918
Model3,2pop,17,201,300,5,0.0482514,0.0469431
Model3,2pop,17,301,400,12,0.0783312,0.0661518
Model3,2pop,17,401,500,10,0.102011,0.0680186
Model3,2pop,17,501,600,10,0.0798294,0.0684198
Model3,2pop,17,601,700,15,0.0381636,0.040279
Model3,2pop,17,701,800,10,0.0831696,0.0656781
Model3,2pop,17,801,900,9,-0.00592593,0.00989473
Model3,2pop,17,901,1000,17,0.0220954,0.0261296
Model3,2pop,12,1,100,8,0.20665,0.20482
Model3,2pop,12,101,200,11,0.3566,0.161832
Model3,2pop,12,201,300,13,0.267811,0.151953
Model3,2pop,12,301,400,8,0.537341,0.35617
Model3,2pop,12,401,500,3,0.457516,0.253086
Model3,2pop,12,501,600,5,0.160998,0.163771
Model3,2pop,12,601,700,5,0.301994,0.218728
Model3,2pop,12,701,800,5,0.222222,0.158333
Model3,2pop,12,801,900,11,0.236111,0.103535
Model3,2pop,12,901,1000,10,0.151515,0.113889
Model3,2pop,4,1,100,15,0.621878,0.38642
Model3,2pop,4,101,200,3,0.693487,0.476283
Model3,2pop,4,201,300,16,0.510274,0.22099
Model3,2pop,4,301,400,12,0.61844,0.345873
Model3,2pop,4,401,500,9,0.631466,0.460264
Model3,2pop,4,501,600,14,0.593162,0.308201
Model3,2pop,4,601,700,9,0.57211,0.356159
Model3,2pop,4,701,800,14,0.413435,0.210462
Model3,2pop,4,801,900,7,0.570175,0.448576
Model3,2pop,4,901,1000,11,0.655172,0.367003
Model3,2pop,14,1,100,7,0.609725,0.301938
Model3,2pop,14,101,200,3,0.221347,0.0875736
Model3,2pop,14,201,300,4,0.433107,0.183498
Model3,2pop,14,301,400,6,0.398148,0.163862
Model3,2pop,14,401,500,5,0.318182,0.178395
Model3,2pop,14,501,600,6,0.212963,0.165207
Model3,2pop,14,601,700,5,0.320513,0.217901
Model3,2pop,14,701,800,7,0.431334,0.324998
Model3,2pop,14,801,900,6,0.115556,0.0829027
Model3,2pop,14,901,1000,3,0.023569,0.0112721
Model3,2pop,4,1,100,12,0.273873,0.179837
Model3,2pop,4,101,200,12,0.221433,0.129346
Model3,2pop,4,201,300,7,0.157345,0.112724
Model3,2pop,4,301,400,8,0.164819,0.126433
Model3,2pop,4,401,500,11,0.125265,0.106862
Model3,2pop,4,501,600,3,-0.0416667,-0.0350877
Model3,2pop,4,601,700,12,0.182263,0.102952
Model3,2pop,4,701,800,11,0.24439,0.192823
Model3,2pop,4,801,900,9,0.0970971,0.0873768
Model3,2pop,4,901,1000,13,0.169082,0.111836
Model3,2pop,0,1,100,5,0.176319,0.131255
Model3,2pop,0,101,200,7,0.0966811,0.0827389
Model3,2pop,0,201,300,10,0.0854119,0.0702877
Model3,2pop,0,301,400,7,0.170897,0.137944
Model3,2pop,0,401,500,5,0.0432099,0.048048
Model3,2pop,0,501,600,9,0.0162037,0.0228601
Model3,2pop,0,601,700,4,0.0307329,0.036665
Model3,2pop,0,701,800,6,0.119611,0.0782724
Model3,2pop,0,801,900,6,0.0904139,0.0524691
Model3,2pop,0,901,1000,8,0.221057,0.160596
Model3,2pop,9,1,100,8,0.0555556,0.0378645
Model3,2pop,9,101,200,5,0.190476,0.154971
Model3,2pop,9,201,300,12,0.141118,0.0932889
Model3,2pop,9,301,400,6,0.0953786,0.0746187
Model3,2pop,9,401,500,14,0.294962,0.197785
Model3,2pop,9,501,600,12,0.258672,0.158107
Model3,2pop,9,601,700,8,0.123377,0.0719665
Model3,2pop,9,701,800,9,0.167212,0.14391
Model3,2pop,9,801,900,9,0.203252,0.14575
Model3,2pop,9,901,1000,6,0.244339,0.213778
Model3,2pop,12,1,100,5,0.43096,0.354147
Model3,2pop,12,101,200,4,0.221077,0.14126
Model3,2pop,12,201,300,10,0.371693,0.187986
Model3,2pop,12,301,400,8,0.305862,0.190345
Model3,2pop,12,401,500,10,0.262905,0.154633
Model3,2pop,12,501,600,6,0.380342,0.198321
Model3,2pop,12,601,700,5,0.377104,0.232943
Model3,2pop,12,701,800,7,0.354873,0.253995
Model3,2pop,12,801,900,10,0.363101,0.216097
Model3,2pop,12,901,1000,2,0.529915,0.287037
Model3,2pop,16,1,100,11,0.155509,0.120614
Model3,2pop,16,101,200,10,0.136239,0.087519
Model3,2pop,16,201,300,10,0.0809328,0.0511424
Model3,2pop,16,301,400,7,0.0425532,0.0145125
Model3,2pop,16,401,500,6,0.0436006,0.0364924
Model3,2pop,16,501,600,7,0.103175,0.0555556
Model3,2pop,16,601,700,8,0.230769,0.143039
Model3,2pop,16,701,800,5,0.0802469,0.06
Model3,2pop,16,801,900,7,0.139194,0.122545
Model3,2pop,16,901,1000,9,0.135802,0.108025
Model3,2pop,5,1,100,16,0.233789,0.132333
Model3,2pop,5,101,200,10,0.237571,0.17885
Model3,2pop,5,201,300,11,0.285969,0.181532
Model3,2pop,5,301,400,18,0.311896,0.228833
Model3,2pop,5,401,500,14,0.361572,0.254384
Model3,2pop,5,501,600,17,0.348911,0.215705
Model3,2pop,5,601,700,13,0.17603,0.101084
Model3,2pop,5,701,800,16,0.307237,0.215082
Model3,2pop,5,801,900,8,0.313725,0.175
Model3,2pop,5,901,1000,12,0.219171,0.155009
Model3,2pop,6,1,100,11,0.177299,0.143486
Model3,2pop,6,101,200,8,0.0715373,0.0579942
Model3,2pop,6,201,300,8,0.178744,0.168355
Model3,2pop,6,301,400,4,0.0330079,0.0195166
Model3,2pop,6,401,500,9,0.0639589,0.0375119
Model3,2pop,6,501,600,12,0.0611542,0.0344549
Model3,2pop,6,601,700,4,0.194053,0.150036
Model3,2pop,6,701,800,11,0.109131,0.101935
Model3,2pop,6,801,900,6,0.0647482,0.0512821
Model3,2pop,6,901,1000,8,0.165943,0.12044
Model3,2pop,10,1,100,5,0.857904,0.533702
Model3,2pop,10,101,200,5,0.851852,0.690967
Model3,2pop,10,201,300,6,0.831247,0.700951
Model3,2pop,10,301,400,12,0.788657,0.602544
Model3,2pop,10,401,500,8,0.77181,0.356712
Model3,2pop,10,501,600,7,0.791332,0.409787
Model3,2pop,10,601,700,6,0.865591,0.593002
Model3,2pop,10,701,800,6,0.785115,0.482042
Model3,2pop,10,801,900,8,0.850941,0.549473
Model3,2pop,10,901,1000,9,0.751581,0.51012
Model3,2pop,3,1,100,13,0.215522,0.136899
Model3,2pop,3,101,200,9,0.125026,0.0655013
Model3,2pop,3,201,300,14,0.18795,0.131542
Model3,2pop,3,301,400,16,0.125763,0.0683636
Model3,2pop,3,401,500,4,0.039548,0.033046
Model3,2pop,3,501,600,6,0.225146,0.0998084
Model3,2pop,3,601,700,11,0.272383,0.172733
Model3,2pop,3,701,800,13,0.139493,0.0969092
Model3,2pop,3,801,900,15,0.301746,0.152957
Model3,2pop,3,901,1000,14,0.249383,0.147292
Model3,2pop,8,1,100,11,0.0616005,0.0474922
Model3,2pop,8,101,200,7,0.0821256,0.0404618
Model3,2pop,8,201,300,11,0.0074384,0.0142686
Model3,2pop,8,301,400,10,0.0513983,0.0352436
Model3,2pop,8,401,500,11,0.00140647,0.00569801
Model3,2pop,8,501,600,9,0.0665273,0.0446118
Model3,2pop,8,601,700,10,0.00419287,0.0136752
Model3,2pop,8,701,800,13,0.0504082,0.0312055
Model3,2pop,8,801,900,10,0.0189594,0.00910256
Model3,2pop,8,901,1000,11,0.091358,0.0565268
Model3,2pop,2,1,100,11,0.282173,0.206308
Model3,2pop,2,101,200,13,0.162842,0.132818
Model3,2pop,2,201,300,5,0.139987,0.124373
Model3,2pop,2,301,400,12,0.171007,0.135327
Model3,2pop,2,401,500,13,0.188185,0.116155
Model3,2pop,2,501,600,8,0.214171,0.111915
Model3,2pop,2,601,700,15,0.285893,0.176154
Model3,2pop,2,701,800,12,0.168263,0.123526
Model3,2pop,2,801,900,17,0.184201,0.116774
Model3,2pop,2,901,1000,16,0.173501,0.109646
Model3,2pop,0,1,100,9,0.114435,0.0800675
Model3,2pop,0,101,200,10,0.171717,0.112939
Model3,2pop,0,201,300,10,0.115581,0.0572222
Model3,2pop,0,301,400,12,0.266606,0.169487
Model3,2pop,0,401,500,6,0.169041,0.0837963
Model3,2pop,0,501,600,13,0.190141,0.123116
Model3,2pop,0,601,700,4,0.140893,0.128472
Model3,2pop,0,701,800,4,0.186712,0.0979167
Model3,2pop,0,801,900,11,0.0959777,0.0565759
Model3,2pop,0,901,1000,3,-0.036036,-0.0277778
Model3,2pop,19,1,100,4,0.28655,0.239554
Model3,2pop,19,101,200,6,0.513742,0.342054
Model3,2pop,19,201,300,1,0.419753,0.419753
Model3,2pop,19,301,400,6,0.254902,0.093107
Model3,2pop,19,401,500,9,0.458377,0.264043
Model3,2pop,19,501,600,11,0.386196,0.273163
Model3,2pop,19,601,700,8,0.181422,0.13328
Model3,2pop,19,701,800,7,0.300831,0.228932
Model3,2pop,19,801,900,5,0.075,0.0501748
Model3,2pop,19,901,1000,8,0.213546,0.137405
Model3,2pop,8,1,100,5,0.0416189,0.0558642
Model3,2pop,8,101,200,7,-0.0201573,-0.00593708
Model3,2pop,8,201,300,11,0.0745987,0.0446582
Model3,2pop,8,301,400,9,-0.0333963,-0.0269229
Model3,2pop,8,401,500,11,0.0136789,0.0196169
Model3,2pop,8,501,600,10,0.0364026,0.0444709
Model3,2pop,8,601,700,6,0.149425,0.134854
Model3,2pop,8,701,800,5,0.136752,0.0844444
Model3,2pop,8,801,900,12,0.113036,0.0781685
Model3,2pop,8,901,1000,4,0.246914,0.194444
Model3,2pop,15,1,100,8,0.161793,0.135417
Model3,2pop,15,101,200,8,0.18501,0.125065
Model3,2pop,15,201,300,11,0.131944,0.122204
Model3,2pop,15,301,400,7,0.0562249,0.0445326
Model3,2pop,15,401,500,16,0.0985614,0.0698013
Model3,2pop,15,501,600,12,0.206592,0.144538
Model3,2pop,15,601,700,7,0.314995,0.203476
Model3,2pop,15,701,800,9,0.298148,0.20913
Model3,2pop,15,801,900,4,0.0509259,0.0581538
Model3,2pop,15,901,1000,6,0.0890084,0.0734232
Model3,2pop,13,1,100,7,0.417454,0.255117
Model3,2pop,13,101,200,3,-0.00217865,0.00411523
Model3,2pop,13,201,300,12,0.184963,0.0715939
Model3,2pop,13,301,400,8,0.280348,0.090072
Model3,2pop,13,401,500,12,0.190741,0.0848939
Model3,2pop,13,501,600,9,0.393939,0.0953361
Model3,2pop,13,601,700,8,0.514593,0.264587
Model3,2pop,13,701,800,7,-0.0130719,-0.00440917
Model3,2pop,13,801,900,8,0.235043,0.0794006
Model3,2pop,13,901,1000,10,0.240441,0.105409
Model3,2pop,17,1,100,10,0.328704,0.264295
Model3,2pop,17,101,200,11,0.170075,0.119379
Model3,2pop,17,201,300,10,0.304611,0.171134
Model3,2pop,17,301,400,11,0.192854,0.185472
Model3,2pop,17,401,500,7,0.363473,0.242493
Model3,2pop,17,501,600,12,0.197684,0.143921
Model3,2pop,17,601,700,6,0.203779,0.186831
Model3,2pop,17,701,800,6,0.219653,0.12332
Model3,2pop,17,801,900,8,0.124294,0.118441
Model3,2pop,17,901,1000,10,0.162782,0.0934156
Model3,2pop,19,1,100,20,0.196881,0.117343
Model3,2pop,19,101,200,13,0.131148,0.0744256
Model3,2pop,19,201,300,8,0.228801,0.188733
Model3,2pop,19,301,400,12,0.197531,0.0986452
Model3,2pop,19,401,500,16,0.320374,0.206021
Model3,2pop,19,501,600,10,0.195972,0.12393
Model3,2pop,19,601,700,12,0.210095,0.133919
Model3,2pop,19,701,800,12,0.164208,0.106802
Model3,2pop,19,801,900,13,0.141141,0.101232
Model3,2pop,19,901,1000,17,0.126437,0.0739892
Model3,2pop,5,1,100,9,0.356134,0.135248
Model3,2pop,5,101,200,8,0.569161,0.270117
Model3,2pop,5,201,300,6,0.213251,0.190844
Model3,2pop,5,301,400,5,0.119658,0.0888889
Model3,2pop,5,401,500,5,0.133333,0.105556
Model3,2pop,5,501,600,9,0.476717,0.219653
Model3,2pop,5,601,700,6,0.536508,0.260288
Model3,2pop,5,701,800,8,0.171375,0.115741
Model3,2pop,5,801,900,4,0.492521,0.203453
Model3,2pop,5,901,1000,15,0.633216,0.335052
Model3,2pop,9,1,100,15,0.334069,0.220786
Model3,2pop,9,101,200,13,0.479847,0.238109
Model3,2pop,9,201,300,8,0.47793,0.382464
Model3,2pop,9,301,400,10,0.335659,0.246823
Model3,2pop,9,401,500,10,0.323963,0.187125
Model3,2pop,9,501,600,11,0.430369,0.245624
Model3,2pop,9,601,700,6,0.596825,0.236596
Model3,2pop,9,701,800,9,0.53405,0.238487
Model3,2pop,9,801,900,17,0.483856,0.349866
Model3,2pop,9,901,1000,11,0.488002,0.256445
Model3,2pop,11,1,100,5,0.285459,0.143038
Model3,2pop,11,101,200,9,0.257008,0.0820967
Model3,2pop,11,201,300,5,0.435897,0.220158
Model3,2pop,11,301,400,9,0.409877,0.157007
Model3,2pop,11,401,500,11,0.196787,0.0611493
Model3,2pop,11,501,600,8,0.424334,0.148268
Model3,2pop,11,601,700,8,0.543307,0.325873
Model3,2pop,11,701,800,7,0.00930487,0.0107352
Model3,2pop,11,801,900,8,0.107212,0.0550608
Model3,2pop,11,901,1000,8,0.211712,0.0708478
Model3,2pop,6,1,100,7,0.160584,0.104469
Model3,2pop,6,101,200,7,0.148265,0.0974288
Model3,2pop,6,201,300,8,0.167516,0.11421
Model3,2pop,6,301,400,7,0.127871,0.111055
Model3,2pop,6,401,500,7,0.133089,0.110684
Model3,2pop,6,501,600,5,0.0994624,0.0684397
Model3,2pop,6,601,700,6,0.088729,0.0675123
Model3,2pop,6,701,800,10,0.0900383,0.0619976
Model3,2pop,6,801,900,9,0.0890084,0.0524035
Model3,2pop,6,901,1000,8,0.100242,0.0923009
Model3,2pop,1,1,100,8,0.0769231,0.0955164
Model3,2pop,1,101,200,9,0.15545,0.12719
Model3,2pop,1,201,300,7,0.211196,0.160156
Model3,2pop,1,301,400,8,0.0292648,0.0213052
Model3,2pop,1,401,500,13,0.10529,0.115411
Model3,2pop,1,501,600,11,0.04503,0.0380476
Model3,2pop,1,601,700,7,0.150479,0.116517
Model3,2pop,1,701,800,7,0.0747782,0.0721445
Model3,2pop,1,801,900,8,0.0149966,0.0479315
Model3,2pop,1,901,1000,8,0.0524194,0.0376635
Model3,2pop,14,1,100,7,0.335775,0.239875
Model3,2pop,14,101,200,15,0.371594,0.247708
Model3,2pop,14,201,300,9,0.415839,0.342798
Model3,2pop,14,301,400,5,-0.0130719,-0.00634921
Model3,2pop,14,401,500,19,0.384132,0.264219
Model3,2pop,14,501,600,15,0.353702,0.206322
Model3,2pop,14,601,700,11,0.419986,0.303263
Model3,2pop,14,701,800,9,0.227331,0.164757
Model3,2pop,14,801,900,10,0.316527,0.186861
Model3,2pop,14,901,1000,9,0.462277,0.416049
Model3,2pop,6,1,100,13,0.0163399,0.0106838
Model3,2pop,6,101,200,24,0.0925926,0.0262346
Model3,2pop,6,201,300,16,0.0737279,0.0261574
Model3,2pop,6,301,400,17,0.109571,0.0573169
Model3,2pop,6,401,500,11,0.256797,0.0963152
Model3,2pop,6,501,600,17,0.249589,0.0934661
Model3,2pop,6,601,700,15,0.106044,0.0312271
Model3,2pop,6,701,800,10,0.078315,0.0254776
Model3,2pop,6,801,900,14,0.145833,0.0667989
Model3,2pop,6,901,1000,15,0.139371,0.025698
Model3,2pop,12,1,100,7,0.394265,0.184829
Model3,2pop,12,101,200,8,0.42623,0.167705
Model3,2pop,12,201,300,5,0.366786,0.10679
Model3,2pop,12,301,400,9,0.311966,0.101852
Model3,2pop,12,401,500,9,0.435532,0.258515
Model3,2pop,12,501,600,5,0.407407,0.138889
Model3,2pop,12,601,700,11,0.444099,0.288021
Model3,2pop,12,701,800,5,0.0833333,0.0333333
Model3,2pop,12,801,900,3,0.338061,0.131313
Model3,2pop,12,901,1000,6,0.458299,0.246509
Model3,2pop,14,1,100,6,0.00648824,0.0234205
Model3,2pop,14,101,200,5,0.00728597,0.0366013
Model3,2pop,14,201,300,4,0.134134,0.114788
Model3,2pop,14,301,400,6,0.146315,0.16407
Model3,2pop,14,401,500,5,0.0484048,0.0640523
Model3,2pop,14,501,600,9,0.119385,0.0910931
Model3,2pop,14,601,700,3,0.031746,0.0380117
Model3,2pop,14,701,800,5,-0.00146199,0.00849673
Model3,2pop,14,801,900,5,0.0105434,0.0392157
Model3,2pop,14,901,1000,7,0.0945365,0.0515268
Model3,2pop,2,1,100,11,0.619966,0.437153
Model3,2pop,2,101,200,17,0.411206,0.232677
Model3,2pop,2,201,300,5,0.511009,0.316343
Model3,2pop,2,301,400,15,0.459216,0.278685
Model3,2pop,2,401,500,17,0.572327,0.410042
Model3,2pop,2,501,600,11,0.483633,0.292015
Model3,2pop,2,601,700,19,0.59652,0.374853
Model3,2pop,2,701,800,13,0.468463,0.285935
Model3,2pop,2,801,900,11,0.452555,0.19038
Model3,2pop,2,901,1000,13,0.555556,0.336678
Model3,2pop,7,1,100,14,0.796043,0.618196
Model3,2pop,7,101,200,10,0.800638,0.59354
Model3,2pop,7,201,300,11,0.839424,0.797572
Model3,2pop,7,301,400,14,0.72174,0.62862
Model3,2pop,7,401,500,5,0.776179,0.521447
Model3,2pop,7,501,600,17,0.757865,0.565817
Model3,2pop,7,601,700,15,0.797531,0.565805
Model3,2pop,7,701,800,21,0.70145,0.419002
Model3,2pop,7,801,900,18,0.773957,0.626643
Model3,2pop,7,901,1000,13,0.7946,0.661516
Model3,2pop,5,1,100,6,0.656928,0.364959
Model3,2pop,5,101,200,8,0.636015,0.383478
Model3,2pop,5,201,300,5,0.684855,0.556342
Model3,2pop,5,301,400,8,0.586197,0.39926
Model3,2pop,5,401,500,13,0.699858,0.460032
Model3,2pop,5,501,600,11,0.663568,0.510755
Model3,2pop,5,601,700,12,0.615067,0.332029
Model3,2pop,5,701,800,7,0.585809,0.366574
Model3,2pop,5,801,900,6,0.680083,0.483526
Model3,2pop,5,901,1000,9,0.660913,0.493069
Model3,2pop,4,1,100,8,0.0662768,0.0492021
Model3,2pop,4,101,200,8,0.142954,0.074542
Model3,2pop,4,201,300,8,0.133745,0.108719
Model3,2pop,4,301,400,8,0.12513,0.0780142
Model3,2pop,4,401,500,12,0.073051,0.0541765
Model3,2pop,4,501,600,9,0.0507012,0.023772
Model3,2pop,4,601,700,14,0.090716,0.0831476
Model3,2pop,4,701,800,11,0.0863914,0.0724049
Model3,2pop,4,801,900,12,0.105145,0.0930654
Model3,2pop,4,901,1000,8,0.0870695,0.0840426
Model3,2pop,19,1,100,7,0.313384,0.242034
Model3,2pop,19,101,200,5,0.216049,0.135714
Model3,2pop,19,201,300,7,0.207729,0.124717
Model3,2pop,19,301,400,5,0.673442,0.347251
Model3,2pop,19,401,500,10,0.182796,0.116667
Model3,2pop,19,501,600,10,0.168582,0.100556
Model3,2pop,19,601,700,4,0.235294,0.176587
Model3,2pop,19,701,800,6,0.451389,0.234568
Model3,2pop,19,801,900,6,0.279835,0.188889
Model3,2pop,19,901,1000,8,0.304233,0.227083
Model3,2pop,6,1,100,7,0.568263,0.387594
Model3,2pop,6,101,200,9,0.476552,0.2033
Model3,2pop,6,201,300,11,0.464578,0.28873
Model3,2pop,6,301,400,5,0.486698,0.215713
Model3,2pop,6,401,500,8,0.439213,0.198714
Model3,2pop,6,501,600,12,0.424513,0.199936
Model3,2pop,6,601,700,15,0.465864,0.213686
Model3,2pop,6,701,800,9,0.52359,0.309928
Model3,2pop,6,801,900,11,0.187302,0.0799268
Model3,2pop,6,901,1000,3,0.599692,0.596763
Model3,2pop,12,1,100,11,0.0864198,0.0622047
Model3,2pop,12,101,200,8,0.0339761,0.027042
Model3,2pop,12,201,300,10,0.116379,0.0873161
Model3,2pop,12,301,400,10,0.0536176,0.0484036
Model3,2pop,12,401,500,11,0.0613027,0.0561333
Model3,2pop,12,501,600,8,0.037999,0.0318399
Model3,2pop,12,601,700,7,0.0864198,0.100894
Model3,2pop,12,701,800,7,0.11183,0.07025
Model3,2pop,12,801,900,10,0.100968,0.0827665
Model3,2pop,12,901,1000,16,0.00167358,0.0244073
Model3,2pop,3,1,100,7,-0.0124918,-0.00772765
Model3,2pop,3,101,200,10,0.0124717,0.01963
Model3,2pop,3,201,300,8,0.00186071,0.0123573
Model3,2pop,3,301,400,12,0.0150737,0.0182075
Model3,2pop,3,401,500,13,0.0990991,0.0657145
Model3,2pop,3,501,600,10,-0.00182149,-0.00724918
Model3,2pop,3,601,700,11,0.0237961,0.0195842
Model3,2pop,3,701,800,10,0.030837,0.0464912
Model3,2pop,3,801,900,9,0.05515,0.0541748
Model3,2pop,3,901,1000,10,0.0282362,0.0381446
Model3,2pop,17,1,100,13,0.307692,0.191453
Model3,2pop,17,101,200,10,0.372124,0.230053
Model3,2pop,17,201,300,6,0.480556,0.290917
Model3,2pop,17,301,400,10,0.340369,0.269894
Model3,2pop,17,401,500,11,0.343915,0.198581
Model3,2pop,17,501,600,13,0.426421,0.322222
Model3,2pop,17,601,700,12,0.256912,0.190355
Model3,2pop,17,701,800,13,0.431947,0.284127
Model3,2pop,17,801,900,17,0.327837,0.247026
Model3,2pop,17,901,1000,13,0.329841,0.277971
Model3,2pop,4,1,100,7,0.163861,0.095805
Model3,2pop,4,101,200,13,0.185102,0.1189
Model3,2pop,4,201,300,14,0.197943,0.139685
Model3,2pop,4,301,400,13,0.208244,0.170745
Model3,2pop,4,401,500,13,0.175784,0.130342
Model3,2pop,4,501,600,7,0.150425,0.0596543
Model3,2pop,4,601,700,16,0.156755,0.114408
Model3,2pop,4,701,800,8,0.165514,0.105254
Model3,2pop,4,801,900,12,0.147459,0.101444
Model3,2pop,4,901,1000,15,0.224736,0.17432
Model3,2pop,12,1,100,14,0.67137,0.549478
Model3,2pop,12,101,200,16,0.666194,0.573223
Model3,2pop,12,201,300,14,0.663531,0.444929
Model3,2pop,12,301,400,17,0.666117,0.522968
Model3,2pop,12,401,500,21,0.665416,0.49974
Model3,2pop,12,501,600,16,0.635378,0.416435
Model3,2pop,12,601,700,16,0.654591,0.443224
Model3,2pop,12,701,800,17,0.674215,0.524025
Model3,2pop,12,801,900,10,0.648623,0.552909
Model3,2pop,12,901,1000,24,0.653714,0.53511
Model3,2pop,2,1,100,9,0.509362,0.354292
Model3,2pop,2,101,200,10,0.458781,0.348148
Model3,2pop,2,201,300,8,0.553017,0.405439
Model3,2pop,2,301,400,10,0.349453,0.213454
Model3,2pop,2,401,500,14,0.456493,0.340785
Model3,2pop,2,501,600,12,0.3885,0.271733
Model3,2pop,2,601,700,18,0.465352,0.370126
Model3,2pop,2,701,800,18,0.440104,0.2886
Model3,2pop,2,801,900,14,0.367045,0.245941
Model3,2pop,2,901,1000,6,0.488978,0.295779
Model3,2pop,17,1,100,7,0.152047,0.046264
Model3,2pop,17,101,200,10,0.378734,0.183843
Model3,2pop,17,201,300,9,0.406939,0.185873
Model3,2pop,17,301,400,6,0.4634,0.237184
Model3,2pop,17,401,500,7,0.153439,0.0859648
Model3,2pop,17,501,600,12,0.389274,0.114789
Model3,2pop,17,601,700,7,0.422974,0.219933
Model3,2pop,17,701,800,6,0.444444,0.186035
Model3,2pop,17,801,900,7,0.472645,0.198542
Model3,2pop,17,901,1000,2,0.166667,0.1
Model3,2pop,15,1,100,7,0.338501,0.265873
Model3,2pop,15,101,200,13,0.276217,0.259889
Model3,2pop,15,201,300,10,0.323232,0.233333
Model3,2pop,15,301,400,22,0.367388,0.24821
Model3,2pop,15,401,500,19,0.342808,0.275199
Model3,2pop,15,501,600,11,0.301994,0.295977
Model3,2pop,15,601,700,12,0.319043,0.260205
Model3,2pop,15,701,800,13,0.290511,0.254973
Model3,2pop,15,801,900,16,0.223008,0.170094
Model3,2pop,15,901,1000,11,0.390878,0.284314
Model3,2pop,7,1,100,15,0.674892,0.223141
Model3,2pop,7,101,200,8,0.493827,0.126736
Model3,2pop,7,201,300,10,0.834722,0.368933
Model3,2pop,7,301,400,8,0.532407,0.105903
Model3,2pop,7,401,500,11,0.735905,0.247233
Model3,2pop,7,501,600,10,0.812734,0.368702
Model3,2pop,7,601,700,6,0.703704,0.263889
Model3,2pop,7,701,800,10,0.768196,0.347598
Model3,2pop,7,801,900,6,0.821508,0.58118
Model3,2pop,7,901,1000,7,0.665831,0.26446
Model3,2pop,13,1,100,11,0.244566,0.203262
Model3,2pop,13,101,200,7,0.226727,0.122919
Model3,2pop,13,201,300,8,0.232272,0.15498
Model3,2pop,13,301,400,6,0.233842,0.157294
Model3,2pop,13,401,500,11,0.239316,0.173806
Model3,2pop,13,501,600,6,0.239482,0.213005
Model3,2pop,13,601,700,15,0.358664,0.230193
Model3,2pop,13,701,800,11,0.0659341,0.0420227
Model3,2pop,13,801,900,6,0.143731,0.0858453
Model3,2pop,13,901,1000,9,0.004004,0.00786867
Model3,2pop,18,1,100,9,0.639506,0.461499
Model3,2pop,18,101,200,11,0.660444,0.542929
Model3,2pop,18,201,300,9,0.651762,0.423074
Model3,2pop,18,301,400,11,0.652086,0.460314
Model3,2pop,18,401,500,10,0.659341,0.424444
Model3,2pop,18,501,600,12,0.644654,0.412963
Model3,2pop,18,601,700,10,0.68599,0.42906
Model3,2pop,18,701,800,12,0.683422,0.496439
Model3,2pop,18,801,900,10,0.659794,0.457647
Model3,2pop,18,901,1000,9,0.547893,0.289361
Model3,2pop,13,1,100,4,0.617075,0.329642
Model3,2pop,13,101,200,3,0.0277778,0.0185185
Model3,2pop,13,201,300,4,0.173127,0.126208
Model3,2pop,13,301,400,8,0.553571,0.319196
Model3,2pop,13,401,500,7,0.426992,0.208031
Model3,2pop,13,501,600,6,0.37276,0.192801
Model3,2pop,13,601,700,13,0.453779,0.260134
Model3,2pop,13,701,800,8,0.450397,0.322186
Model3,2pop,13,801,900,6,0.438657,0.215731
Model3,2pop,13,901,1000,10,0.530159,0.287898
Model3,2pop,7,1,100,9,0.209564,0.155299
Model3,2pop,7,101,200,4,0.043771,0.0599415
Model3,2pop,7,201,300,9,0.157287,0.122055
Model3,2pop,7,301,400,7,0.138211,0.0769944
Model3,2pop,7,401,500,12,0.122605,0.0731481
Model3,2pop,7,501,600,11,0.0462963,0.040404
Model3,2pop,7,601,700,10,0.0967226,0.0547619
Model3,2pop,7,701,800,5,0.070443,0.0522367
Model3,2pop,7,801,900,9,0.11726,0.0625301
Model3,2pop,7,901,1000,11,0.0709139,0.0530708
Model3,2pop,10,1,100,6,0.387947,0.23432
Model3,2pop,10,101,200,12,0.479167,0.226411
Model3,2pop,10,201,300,16,0.276133,0.212523
Model3,2pop,10,301,400,15,0.232647,0.194742
Model3,2pop,10,401,500,10,0.228535,0.174074
Model3,2pop,10,501,600,10,0.300087,0.164204
Model3,2pop,10,601,700,10,0.21156,0.122049
Model3,2pop,10,701,800,16,0.320728,0.218533
Model3,2pop,10,801,900,9,0.161616,0.073251
Model3,2pop,10,901,1000,15,0.454927,0.317372
Model3,2pop,16,1,100,9,0.14422,0.0876054
Model3,2pop,16,101,200,10,0.348291,0.28387
Model3,2pop,16,201,300,5,0.179979,0.133652
Model3,2pop,16,301,400,8,0.130085,0.1319
Model3,2pop,16,401,500,6,0.348148,0.27863
Model3,2pop,16,501,600,9,0.201954,0.171113
Model3,2pop,16,601,700,12,0.241002,0.214113
Model3,2pop,16,701,800,6,0.216229,0.132953
Model3,2pop,16,801,900,9,0.128437,0.146827
Model3,2pop,16,901,1000,9,0.230769,0.182423
Model3,2pop,6,1,100,9,0.205298,0.0784067
Model3,2pop,6,101,200,14,0.20242,0.124858
Model3,2pop,6,201,300,5,0.295635,0.15914
Model3,2pop,6,301,400,5,0.243354,0.160709
Model3,2pop,6,401,500,8,0.394168,0.187276
Model3,2pop,6,501,600,8,0.380376,0.287001
Model3,2pop,6,601,700,6,0.232026,0.11761
Model3,2pop,6,701,800,7,0.314574,0.225453
Model3,2pop,6,801,900,5,0.29808,0.194025
Model3,2pop,6,901,1000,4,0.338235,0.201676
Model3,2pop,8,1,100,9,0.0396825,0.0424931
Model3,2pop,8,101,200,8,0.0483785,0.0600427
Model3,2pop,8,201,300,7,0.0031746,0.019141
Model3,2pop,8,301,400,8,0.0501792,0.0518665
Model3,2pop,8,401,500,7,0.0790455,0.0728147
Model3,2pop,8,501,600,2,-0.0564663,-0.0337691
Model3,2pop,8,601,700,7,-0.00555556,0.0101582
Model3,2pop,8,701,800,1,0.0,0.0
Model3,2pop,8,801,900,5,0.00793651,0.0196581
Model3,2pop,8,901,1000,6,-0.0140237,0.0110748
Model3,2pop,19,1,100,5,0.132093,0.108358
Model3,2pop,19,101,200,4,0.0588235,0.0227273
Model3,2pop,19,201,300,6,0.228856,0.139961
Model3,2pop,19,301,400,7,0.434543,0.263628
Model3,2pop,19,401,500,5,0.477807,0.285099
Model3,2pop,19,501,600,8,0.332061,0.216613
Model3,2pop,19,601,700,9,0.138211,0.0515472
Model3,2pop,19,701,800,5,0.0888889,0.0555556
Model3,2pop,19,801,900,7,0.166667,0.101371
Model3,2pop,19,901,1000,6,0.219705,0.1633
Model3,2pop,16,1,100,6,0.258312,0.138838
Model3,2pop,16,101,200,9,0.295733,0.14922
Model3,2pop,16,201,300,9,0.208174,0.110642
Model3,2pop,16,301,400,3,0.48366,0.226496
Model3,2pop,16,401,500,7,0.140007,0.0872326
Model3,2pop,16,501,600,11,0.179451,0.0736825
Model3,2pop,16,601,700,5,0.332534,0.149104
Model3,2pop,16,701,800,5,0.224255,0.146426
Model3,2pop,16,801,900,13,0.206349,0.0975567
Model3,2pop,16,901,1000,13,0.262391,0.160501
Model3,2pop,9,1,100,12,0.637812,0.41449
Model3,2pop,9,101,200,7,0.566667,0.283998
Model3,2pop,9,201,300,11,0.384356,0.151297
Model3,2pop,9,301,400,7,0.533484,0.21188
Model3,2pop,9,401,500,9,0.554598,0.346802
Model3,2pop,9,501,600,7,0.703221,0.374813
Model3,2pop,9,601,700,14,0.442542,0.130876
Model3,2pop,9,701,800,5,-0.0042735,0.010101
Model3,2pop,9,801,900,6,0.688805,0.395034
Model3,2pop,9,901,1000,11,0.618825,0.303454
Model3,2pop,16,1,100,12,0.201571,0.164864
Model3,2pop,16,101,200,12,0.169935,0.150216
Model3,2pop,16,201,300,8,0.295699,0.228748
Model3,2pop,16,301,400,14,0.284166,0.207432
Model3,2pop,16,401,500,14,0.303599,0.227416
Model3,2pop,16,501,600,18,0.279581,0.201555
Model3,2pop,16,601,700,11,0.216305,0.195505
Model3,2pop,16,701,800,10,0.331689,0.284838
Model3,2pop,16,801,900,19,0.302317,0.258257
Model3,2pop,16,901,1000,16,0.22075,0.161555
Model3,2pop,11,1,100,9,0.42841,0.282568
Model3,2pop,11,101,200,13,0.388016,0.285275
Model3,2pop,11,201,300,8,0.476085,0.435985
Model3,2pop,11,301,400,11,0.424473,0.226514
Model3,2pop,11,401,500,5,0.379777,0.284673
Model3,2pop,11,501,600,13,0.334416,0.189996
Model3,2pop,11,601,700,10,0.341917,0.307893
Model3,2pop,11,701,800,11,0.394596,0.267003
Model3,2pop,11,801,900,12,0.298591,0.188691
Model3,2pop,11,901,1000,12,0.233419,0.121854
Model3,2pop,8,1,100,7,0.0444444,0.0238095
Model3,2pop,8,101,200,7,0.453125,0.132886
Model3,2pop,8,201,300,9,0.528524,0.293119
Model3,2pop,8,301,400,8,0.634174,0.539363
Model3,2pop,8,401,500,5,0.578947,0.146667
Model3,2pop,8,501,600,6,0.514867,0.234362
Model3,2pop,8,601,700,9,0.454877,0.152041
Model3,2pop,8,701,800,7,0.5,0.104762
Model3,2pop,8,801,900,13,0.49436,0.266996
Model3,2pop,8,901,1000,3,0.403794,0.248971
Model3,2pop,9,1,100,8,0.202454,0.148886
Model3,2pop,9,101,200,14,0.148148,0.131756
Model3,2pop,9,201,300,14,0.234171,0.17768
Model3,2pop,9,301,400,13,0.133607,0.0830399
Model3,2pop,9,401,500,7,0.280177,0.252623
Model3,2pop,9,501,600,10,0.167377,0.134975
Model3,2pop,9,601,700,10,0.157903,0.121636
Model3,2pop,9,701,800,9,0.16479,0.135579
Model3,2pop,9,801,900,12,0.131738,0.112556
Model3,2pop,9,901,1000,9,0.159035,0.108952
Model3,2pop,13,1,100,15,0.0642845,0.067468
Model3,2pop,13,101,200,18,0.0791651,0.0687953
Model3,2pop,13,201,300,20,0.0686275,0.0539931
Model3,2pop,13,301,400,10,0.0552624,0.0651175
Model3,2pop,13,401,500,17,0.0774324,0.0909683
Model3,2pop,13,501,600,11,0.114833,0.110105
Model3,2pop,13,601,700,21,0.0604226,0.0586087
Model3,2pop,13,701,800,15,0.0684361,0.0558942
Model3,2pop,13,801,900,13,0.0700263,0.065975
Model3,2pop,13,901,1000,13,0.0885709,0.103931
Model3,2pop,15,1,100,12,0.095909,0.0647096
Model3,2pop,15,101,200,7,0.152811,0.108456
Model3,2pop,15,201,300,10,0.106996,0.0898507
Model3,2pop,15,301,400,13,0.060821,0.0300611
Model3,2pop,15,401,500,6,0.0761832,0.0391591
Model3,2pop,15,501,600,11,0.0716691,0.0326721
Model3,2pop,15,601,700,5,0.12728,0.127564
Model3,2pop,15,701,800,8,0.102711,0.0760691
Model3,2pop,15,801,900,6,-0.0341034,-0.0112564
Model3,2pop,15,901,1000,11,0.103555,0.0599207
Model3,2pop,17,1,100,12,0.928699,0.768151
Model3,2pop,17,101,200,8,0.901327,0.830357
Model3,2pop,17,201,300,8,0.948905,0.850198
Model3,2pop,17,301,400,8,0.867082,0.65377
Model3,2pop,17,401,500,10,0.868519,0.583333
Model3,2pop,17,501,600,11,0.681287,0.315562
Model3,2pop,17,601,700,10,0.982277,0.805556
Model3,2pop,17,701,800,5,0.870085,0.594444
Model3,2pop,17,801,900,10,0.989621,0.905556
Model3,2pop,17,901,1000,12,0.759259,0.372354
Model3,2pop,16,1,100,14,-0.005386,0.00650595
Model3,2pop,16,101,200,21,0.0212954,0.0174245
Model3,2pop,16,201,300,12,0.199848,0.0749009
Model3,2pop,16,301,400,3,-0.0212418,-0.00446999
Model3,2pop,16,401,500,16,-0.0190026,-0.00743174
Model3,2pop,16,501,600,7,-0.0323282,-0.032419
Model3,2pop,16,601,700,15,-0.0259388,-0.0133984
Model3,2pop,16,701,800,9,0.0493827,0.0282391
Model3,2pop,16,801,900,11,0.00205761,0.0208986
Model3,2pop,16,901,1000,10,-0.0258285,-0.0130268
Model3,2pop,18,1,100,14,0.361668,0.177566
Model3,2pop,18,101,200,13,0.243295,0.143644
Model3,2pop,18,201,300,18,0.353354,0.177057
Model3,2pop,18,301,400,14,0.333702,0.152116
Model3,2pop,18,401,500,20,0.158333,0.122169
Model3,2pop,18,501,600,18,0.151488,0.139152
Model3,2pop,18,601,700,13,0.324226,0.184722
Model3,2pop,18,701,800,12,0.120635,0.0902778
Model3,2pop,18,801,900,22,0.242424,0.138812
Model3,2pop,18,901,1000,16,0.363144,0.162604
Model3,2pop,2,1,100,12,0.592049,0.256539
Model3,2pop,2,101,200,11,0.492478,0.204826
Model3,2pop,2,201,300,8,0.611913,0.365038
Model3,2pop,2,301,400,12,0.741363,0.467014
Model3,2pop,2,401,500,14,0.62416,0.461548
Model3,2pop,2,501,600,10,0.635036,0.495415
Model3,2pop,2,601,700,2,0.643519,0.572917
Model3,2pop,2,701,800,13,0.670262,0.334007
Model3,2pop,2,801,900,12,0.688431,0.370177
Model3,2pop,2,901,1000,13,0.627012,0.281971
Model3,2pop,3,1,100,4,0.0900383,0.0445906
Model3,2pop,3,101,200,1,-0.021021,-0.021021
Model3,2pop,3,201,300,5,0.0406069,0.0410812
Model3,2pop,3,301,400,6,-0.00977199,0.0121293
Model3,2pop,3,401,500,3,0.058895,0.054693
Model3,2pop,3,501,600,8,0.0290758,0.0224356
Model3,2pop,3,601,700,4,-0.0137875,0.00615693
Model3,2pop,3,701,800,6,-0.00977199,0.0121293
Model3,2pop,3,801,900,10,-0.0132774,0.000981291
Model3,2pop,3,901,1000,7,0.0251572,0.0403438
Model3,2pop,3,1,100,6,0.477273,0.322531
Model3,2pop,3,101,200,8,0.57265,0.452036
Model3,2pop,3,201,300,8,0.458937,0.246528
Model3,2pop,3,301,400,12,0.535948,0.384305
Model3,2pop,3,401,500,8,0.699735,0.488509
Model3,2pop,3,501,600,8,0.406667,0.267526
Model3,2pop,3,601,700,9,0.59745,0.300999
Model3,2pop,3,701,800,8,0.684807,0.266204
Model3,2pop,3,801,900,10,0.429519,0.286508
Model3,2pop,3,901,1000,8,0.349206,0.127894
Model3,2pop,5,1,100,8,0.355701,0.210682
Model3,2pop,5,101,200,6,0.516091,0.301192
Model3,2pop,5,201,300,7,0.265323,0.16424
Model3,2pop,5,301,400,6,0.015873,0.00925926
Model3,2pop,5,401,500,4,0.543303,0.378032
Model3,2pop,5,501,600,8,0.467477,0.298314
Model3,2pop,5,601,700,7,0.225742,0.0944532
Model3,2pop,5,701,800,7,0.220907,0.169058
Model3,2pop,5,801,900,2,0.203597,0.115105
Model3,2pop,5,901,1000,3,0.304029,0.304029
Model3,2pop,1,1,100,12,0.675883,0.398173
Model3,2pop,1,101,200,9,0.5,0.292447
Model3,2pop,1,201,300,10,0.361995,0.191862
Model3,2pop,1,301,400,11,0.514295,0.404972
Model3,2pop,1,401,500,9,0.520124,0.326667
Model3,2pop,1,501,600,11,0.439567,0.223659
Model3,2pop,1,601,700,9,0.355792,0.267184
Model3,2pop,1,701,800,17,0.468131,0.2623
Model3,2pop,1,801,900,13,0.330709,0.234104
Model3,2pop,1,901,1000,12,0.487084,0.332346
Model3,2pop,3,1,100,9,0.407666,0.235404
Model3,2pop,3,101,200,10,0.328704,0.131411
Model3,2pop,3,201,300,6,0.153664,0.0723902
Model3,2pop,3,301,400,8,0.315955,0.234887
Model3,2pop,3,401,500,9,0.198473,0.0776973
Model3,2pop,3,501,600,9,0.174277,0.0674092
Model3,2pop,3,601,700,7,0.320988,0.115588
Model3,2pop,3,701,800,9,0.437198,0.211697
Model3,2pop,3,801,900,9,0.412305,0.260478
Model3,2pop,3,901,1000,3,0.111111,0.0555556
Model3,2pop,6,1,100,12,0.10544,0.0516758
Model3,2pop,6,101,200,8,-0.00383142,-0.0262031
Model3,2pop,6,201,300,14,-0.0203276,-0.0284205
Model3,2pop,6,301,400,6,0.0226337,0.0102339
Model3,2pop,6,401,500,11,0.0439276,0.00637959
Model3,2pop,6,501,600,10,0.151329,0.0813283
Model3,2pop,6,601,700,14,-0.00271003,-0.0105907
Model3,2pop,6,701,800,6,0.0688131,0.0594484
Model3,2pop,6,801,900,9,-0.00846805,0.0192253
Model3,2pop,6,901,1000,6,0.116162,0.0336953
Model3,2pop,2,1,100,5,0.301587,0.166667
Model3,2pop,2,101,200,11,0.219298,0.122475
Model3,2pop,2,201,300,8,0.454106,0.248754
Model3,2pop,2,301,400,10,0.187547,0.137362
Model3,2pop,2,401,500,8,0.365079,0.266159
Model3,2pop,2,501,600,7,0.372549,0.199023
Model3,2pop,2,601,700,7,0.242798,0.153439
Model3,2pop,2,701,800,6,0.147727,0.0704509
Model3,2pop,2,801,900,11,0.273879,0.141542
Model3,2pop,2,901,1000,15,0.353943,0.15269
Model3,2pop,13,1,100,9,0.712602,0.442888
Model3,2pop,13,101,200,12,0.787845,0.591001
Model3,2pop,13,201,300,9,0.81401,0.486896
Model3,2pop,13,301,400,11,0.685545,0.43963
Model3,2pop,13,401,500,12,0.789744,0.518431
Model3,2pop,13,501,600,20,0.856271,0.678925
Model3,2pop,13,601,700,14,0.76433,0.563494
Model3,2pop,13,701,800,15,0.823457,0.573201
Model3,2pop,13,801,900,16,0.741474,0.525707
Model3,2pop,13,901,1000,10,0.876948,0.74382
Model3,2pop,5,1,100,8,-0.0238511,-0.000839438
Model3,2pop,5,101,200,8,-0.00910747,-0.00183625
Model3,2pop,5,201,300,8,0.0108932,0.00891233
Model3,2pop,5,301,400,8,-0.00578273,0.00694718
Model3,2pop,5,401,500,14,0.0363985,0.0368917
Model3,2pop,5,501,600,6,0.0372783,0.0432224
Model3,2pop,5,601,700,7,0.0491803,0.0435054
Model3,2pop,5,701,800,6,0.0201729,-0.0044181
Model3,2pop,5,801,900,13,-0.0229277,0.000387885
Model3,2pop,5,901,1000,11,-0.0264354,-0.0111833
Model3,2pop,11,1,100,9,0.544933,0.338135
Model3,2pop,11,101,200,7,0.596391,0.28906
Model3,2pop,11,201,300,10,0.290733,0.159461
Model3,2pop,11,301,400,8,0.428941,0.233333
Model3,2pop,11,401,500,3,0.758252,0.757543
Model3,2pop,11,501,600,9,0.556213,0.233736
Model3,2pop,11,601,700,5,0.274854,0.141481
Model3,2pop,11,701,800,11,0.481707,0.214955
Model3,2pop,11,801,900,14,0.252635,0.140319
Model3,2pop,11,901,1000,4,0.549808,0.358855
Model3,2pop,17,1,100,12,0.256618,0.166058
Model3,2pop,17,101,200,7,0.175734,0.102016
Model3,2pop,17,201,300,5,0.407851,0.107262
Model3,2pop,17,301,400,8,0.160806,0.12124
Model3,2pop,17,401,500,9,0.138608,0.100476
Model3,2pop,17,501,600,12,0.303967,0.213805
Model3,2pop,17,601,700,9,0.35447,0.220789
Model3,2pop,17,701,800,8,0.28071,0.224768
Model3,2pop,17,801,900,8,0.264394,0.185097
Model3,2pop,17,901,1000,10,0.170813,0.108577
Model3,2pop,17,1,100,5,0.132093,0.108358
Model3,2pop,17,101,200,4,0.0588235,0.0227273
Model3,2pop,17,201,300,6,0.228856,0.139961
Model3,2pop,17,301,400,7,0.434543,0.263628
Model3,2pop,17,401,500,5,0.477807,0.285099
Model3,2pop,17,501,600,8,0.332061,0.216613
Model3,2pop,17,601,700,9,0.138211,0.0515472
Model3,2pop,17,701,800,5,0.0888889,0.0555556
Model3,2pop,17,801,900,7,0.166667,0.101371
Model3,2pop,17,901,1000,6,0.219705,0.1633
Model3,2pop,15,1,100,10,0.0498084,0.0224026
Model3,2pop,15,101,200,11,0.415993,0.211578
Model3,2pop,15,201,300,13,0.377886,0.187653
Model3,2pop,15,301,400,11,0.412568,0.206072
Model3,2pop,15,401,500,6,0.470502,0.323647
Model3,2pop,15,501,600,4,0.555023,0.425947
Model3,2pop,15,601,700,11,0.442681,0.181627
Model3,2pop,15,701,800,10,0.465551,0.246454
Model3,2pop,15,801,900,6,0.560674,0.339018
Model3,2pop,15,901,1000,5,0.47318,0.247619
Model3,2pop,2,1,100,8,0.409722,0.266667
Model3,2pop,2,101,200,13,0.529582,0.262393
Model3,2pop,2,201,300,8,0.436508,0.318056
Model3,2pop,2,301,400,6,0.62,0.387037
Model3,2pop,2,401,500,4,0.444444,0.386111
Model3,2pop,2,501,600,8,0.593137,0.398611
Model3,2pop,2,601,700,8,0.416667,0.291919
Model3,2pop,2,701,800,9,0.419962,0.290123
Model3,2pop,2,801,900,8,0.507692,0.376736
Model3,2pop,2,901,1000,3,0.455026,0.318519
Model3,2pop,15,1,100,4,0.0740741,0.0555556
Model3,2pop,15,101,200,6,0.24227,0.164751
Model3,2pop,15,201,300,2,0.209877,0.185185
Model3,2pop,15,301,400,2,0.161959,0.0940229
Model3,2pop,15,401,500,9,0.254671,0.163671
Model3,2pop,15,501,600,3,0.0204678,0.0205761
Model3,2pop,15,601,700,7,0.248935,0.10991
Model3,2pop,15,701,800,5,0.274461,0.165552
Model3,2pop,15,801,900,5,0.0643275,0.0368867
Model3,2pop,15,901,1000,8,0.256039,0.144329
Model3,2pop,7,1,100,6,0.330159,0.231276
Model3,2pop,7,101,200,5,0.157407,0.0777778
Model3,2pop,7,201,300,10,0.345912,0.237654
Model3,2pop,7,301,400,10,0.291465,0.210961
Model3,2pop,7,401,500,11,0.240437,0.175212
Model3,2pop,7,501,600,4,0.373016,0.330247
Model3,2pop,7,601,700,15,0.318475,0.243745
Model3,2pop,7,701,800,11,0.235294,0.114141
Model3,2pop,7,801,900,9,0.322751,0.202332
Model3,2pop,7,901,1000,9,0.304584,0.254291
Model3,2pop,12,1,100,2,0.142512,0.0703357
Model3,2pop,12,101,200,6,0.465123,0.247817
Model3,2pop,12,201,300,4,0.371981,0.208779
Model3,2pop,12,301,400,7,0.34551,0.197834
Model3,2pop,12,401,500,10,0.285558,0.138612
Model3,2pop,12,501,600,4,0.545958,0.290764
Model3,2pop,12,601,700,2,0.0416667,0.0416667
Model3,2pop,12,701,800,6,0.475066,0.246312
Model3,2pop,12,801,900,6,0.437557,0.318652
Model3,2pop,12,901,1000,10,0.344942,0.184251
Model3,2pop,8,1,100,10,0.328049,0.285337
Model3,2pop,8,101,200,10,0.364276,0.307222
Model3,2pop,8,201,300,8,0.350282,0.277778
Model3,2pop,8,301,400,17,0.337771,0.290948
Model3,2pop,8,401,500,15,0.369222,0.302949
Model3,2pop,8,501,600,15,0.373055,0.301792
Model3,2pop,8,601,700,14,0.370042,0.309612
Model3,2pop,8,701,800,19,0.389584,0.297737
Model3,2pop,8,801,900,16,0.38722,0.338449
Model3,2pop,8,901,1000,8,0.383333,0.340465
Model3,2pop,0,1,100,7,0.531876,0.404233
Model3,2pop,0,101,200,7,0.316239,0.133435
Model3,2pop,0,201,300,4,0.401235,0.185185
Model3,2pop,0,301,400,11,0.576962,0.343724
Model3,2pop,0,401,500,13,0.624072,0.342831
Model3,2pop,0,501,600,14,0.566952,0.242126
Model3,2pop,0,601,700,8,0.494709,0.222222
Model3,2pop,0,701,800,9,0.570172,0.462475
Model3,2pop,0,801,900,13,0.461201,0.267897
Model3,2pop,0,901,1000,12,0.500081,0.239441
Model3,2pop,10,1,100,3,0.149933,0.131377
Model3,2pop,10,101,200,4,0.612536,0.464038
Model3,2pop,10,201,300,10,0.150132,0.0949686
Model3,2pop,10,301,400,6,0.177109,0.130503
Model3,2pop,10,401,500,7,0.472813,0.29332
Model3,2pop,10,501,600,8,0.416667,0.332259
Model3,2pop,10,601,700,8,0.59319,0.341394
Model3,2pop,10,701,800,10,0.527778,0.218056
Model3,2pop,10,801,900,9,0.142222,0.0987654
Model3,2pop,10,901,1000,7,0.0641312,0.0451832
Model3,2pop,9,1,100,16,0.196954,0.116359
Model3,2pop,9,101,200,13,0.327019,0.237699
Model3,2pop,9,201,300,12,0.291902,0.135714
Model3,2pop,9,301,400,8,0.169654,0.107719
Model3,2pop,9,401,500,10,0.0584795,0.05
Model3,2pop,9,501,600,18,0.162354,0.099676
Model3,2pop,9,601,700,8,0.178005,0.122104
Model3,2pop,9,701,800,10,0.084596,0.0711678
Model3,2pop,9,801,900,10,0.323019,0.171481
Model3,2pop,9,901,1000,5,0.0503324,0.0462462
Model3,2pop,7,1,100,5,0.203704,0.136825
Model3,2pop,7,101,200,7,0.371345,0.233438
Model3,2pop,7,201,300,3,0.232323,0.142857
Model3,2pop,7,301,400,6,0.277778,0.15873
Model3,2pop,7,401,500,9,0.408015,0.300595
Model3,2pop,7,501,600,8,0.530651,0.332341
Model3,2pop,7,601,700,11,0.330841,0.215821
Model3,2pop,7,701,800,10,0.485597,0.373798
Model3,2pop,7,801,900,7,0.635802,0.490459
Model3,2pop,7,901,1000,9,0.252955,0.221664
Model3,2pop,1,1,100,14,0.166358,0.140717
Model3,2pop,1,101,200,10,0.215087,0.185208
Model3,2pop,1,201,300,11,0.189641,0.124153
Model3,2pop,1,301,400,13,0.192349,0.160995
Model3,2pop,1,401,500,10,0.131944,0.100023
Model3,2pop,1,501,600,15,0.138495,0.109081
Model3,2pop,1,601,700,12,0.260468,0.182096
Model3,2pop,1,701,800,10,0.126004,0.0841579
Model3,2pop,1,801,900,10,0.219791,0.131728
Model3,2pop,1,901,1000,16,0.193182,0.149263
Model3,2pop,6,1,100,15,0.350427,0.175098
Model3,2pop,6,101,200,5,0.509259,0.318627
Model3,2pop,6,201,300,16,0.360112,0.216412
Model3,2pop,6,301,400,5,0.544061,0.245664
Model3,2pop,6,401,500,8,0.138889,0.0740741
Model3,2pop,6,501,600,4,0.580247,0.293192
Model3,2pop,6,601,700,8,0.435221,0.199664
Model3,2pop,6,701,800,7,0.308176,0.124691
Model3,2pop,6,801,900,5,0.353086,0.152346
Model3,2pop,6,901,1000,7,0.311966,0.137759
Model3,2pop,2,1,100,8,0.700465,0.299708
Model3,2pop,2,101,200,15,0.599156,0.226829
Model3,2pop,2,201,300,4,0.685917,0.357883
Model3,2pop,2,301,400,9,0.529621,0.172054
Model3,2pop,2,401,500,9,0.773692,0.339263
Model3,2pop,2,501,600,14,0.74678,0.318713
Model3,2pop,2,601,700,9,0.782518,0.381816
Model3,2pop,2,701,800,14,0.644916,0.255109
Model3,2pop,2,801,900,8,0.548329,0.181287
Model3,2pop,2,901,1000,11,0.672439,0.310596
Model3,2pop,1,1,100,3,0.148494,0.0894228
Model3,2pop,1,101,200,3,0.29669,0.205663
Model3,2pop,1,201,300,7,0.225694,0.178382
Model3,2pop,1,301,400,3,0.26107,0.200839
Model3,2pop,1,401,500,7,0.177378,0.126458
Model3,2pop,1,501,600,2,0.459064,0.287879
Model3,2pop,1,601,700,6,0.0917108,0.0773625
Model3,2pop,1,701,800,9,0.367971,0.207017
Model3,2pop,1,801,900,10,0.293842,0.111279
Model3,2pop,1,901,1000,1,0.0,0.0
Model3,2pop,18,1,100,7,0.260717,0.0769085
Model3,2pop,18,101,200,8,-0.010467,0.0111532
Model3,2pop,18,201,300,8,-0.0143571,0.0128517
Model3,2pop,18,301,400,5,-0.0135135,0.00521886
Model3,2pop,18,401,500,7,0.302326,0.10901
Model3,2pop,18,501,600,10,0.142607,0.0720392
Model3,2pop,18,601,700,9,0.212639,0.0898825
Model3,2pop,18,701,800,8,0.332848,0.189388
Model3,2pop,18,801,900,3,0.116162,0.0634921
Model3,2pop,18,901,1000,5,0.0510949,0.0254214
Model3,2pop,8,1,100,7,0.042328,0.0378869
Model3,2pop,8,101,200,9,0.212679,0.0644479
Model3,2pop,8,201,300,7,-0.0146924,-0.00217067
Model3,2pop,8,301,400,4,0.0555556,0.0277778
Model3,2pop,8,401,500,7,0.333333,0.140415
Model3,2pop,8,501,600,10,0.0127389,0.015154
Model3,2pop,8,601,700,7,0.411924,0.202614
Model3,2pop,8,701,800,9,0.210019,0.0829664
Model3,2pop,8,801,900,7,-0.0201149,-0.0101072
Model3,2pop,8,901,1000,8,0.187817,0.0770148
Model3,2pop,4,1,100,12,0.395395,0.157088
Model3,2pop,4,101,200,12,0.42097,0.214506
Model3,2pop,4,201,300,10,0.439371,0.313064
Model3,2pop,4,301,400,11,0.403823,0.291486
Model3,2pop,4,401,500,8,0.480449,0.306282
Model3,2pop,4,501,600,9,0.450094,0.353484
Model3,2pop,4,601,700,7,0.403013,0.285714
Model3,2pop,4,701,800,9,0.374793,0.255144
Model3,2pop,4,801,900,9,0.458982,0.42925
Model3,2pop,4,901,1000,13,0.310838,0.204981
Model3,2pop,11,1,100,5,0.151156,0.149471
Model3,2pop,11,101,200,7,0.174668,0.162143
Model3,2pop,11,201,300,5,0.133499,0.141077
Model3,2pop,11,301,400,7,0.0913006,0.0901962
Model3,2pop,11,401,500,4,0.141213,0.136546
Model3,2pop,11,501,600,13,0.209976,0.195946
Model3,2pop,11,601,700,10,0.0616246,0.029798
Model3,2pop,11,701,800,3,0.0787623,0.0746352
Model3,2pop,11,801,900,5,0.190776,0.128874
Model3,2pop,11,901,1000,6,0.277594,0.198775
Model3,2pop,3,1,100,6,0.54023,0.497438
Model3,2pop,3,101,200,7,0.372605,0.106304
Model3,2pop,3,201,300,9,0.516908,0.398318
Model3,2pop,3,301,400,5,0.559713,0.473083
Model3,2pop,3,401,500,4,0.438944,0.186033
Model3,2pop,3,501,600,9,0.503602,0.351155
Model3,2pop,3,601,700,6,0.32077,0.131211
Model3,2pop,3,701,800,10,0.466238,0.281658
Model3,2pop,3,801,900,12,0.520362,0.342301
Model3,2pop,3,901,1000,5,0.477435,0.338903
Model3,2pop,14,1,100,12,0.639668,0.402168
Model3,2pop,14,101,200,10,0.593838,0.274351
Model3,2pop,14,201,300,8,0.637681,0.303278
Model3,2pop,14,301,400,15,0.731416,0.520399
Model3,2pop,14,401,500,13,0.653968,0.358412
Model3,2pop,14,501,600,18,0.710096,0.489202
Model3,2pop,14,601,700,10,0.71746,0.475796
Model3,2pop,14,701,800,11,0.720641,0.429909
Model3,2pop,14,801,900,10,0.71161,0.395935
Model3,2pop,14,901,1000,16,0.725691,0.508088
Model3,2pop,10,1,100,14,0.796043,0.618196
Model3,2pop,10,101,200,10,0.800638,0.59354
Model3,2pop,10,201,300,11,0.839424,0.797572
Model3,2pop,10,301,400,14,0.72174,0.62862
Model3,2pop,10,401,500,5,0.776179,0.521447
Model3,2pop,10,501,600,17,0.757865,0.565817
Model3,2pop,10,601,700,15,0.797531,0.565805
Model3,2pop,10,701,800,21,0.70145,0.419002
Model3,2pop,10,801,900,18,0.773957,0.626643
Model3,2pop,10,901,1000,13,0.7946,0.661516
Model3,2pop,13,1,100,4,0.332094,0.236291
Model3,2pop,13,101,200,3,0.0656566,0.0542328
Model3,2pop,13,201,300,13,0.275854,0.152836
Model3,2pop,13,301,400,10,0.0833333,0.0594147
Model3,2pop,13,401,500,6,0.00199601,0.00130978
Model3,2pop,13,501,600,8,0.393703,0.206393
Model3,2pop,13,601,700,8,0.321586,0.21606
Model3,2pop,13,701,800,3,0.476852,0.361953
Model3,2pop,13,801,900,13,0.352686,0.176102
Model3,2pop,13,901,1000,4,0.0378007,0.0136278
Model3,2pop,5,1,100,5,0.4375,0.266667
Model3,2pop,5,101,200,12,0.513889,0.249383
Model3,2pop,5,201,300,15,0.384219,0.203204
Model3,2pop,5,301,400,11,0.51514,0.312163
Model3,2pop,5,401,500,8,0.545455,0.233333
Model3,2pop,5,501,600,10,0.677083,0.277778
Model3,2pop,5,601,700,7,0.55814,0.266667
Model3,2pop,5,701,800,8,0.605934,0.40382
Model3,2pop,5,801,900,9,0.502778,0.173029
Model3,2pop,5,901,1000,8,0.436214,0.263194
Model3,2pop,8,1,100,10,0.355556,0.261664
Model3,2pop,8,101,200,8,0.26749,0.123527
Model3,2pop,8,201,300,5,0.434028,0.284704
Model3,2pop,8,301,400,4,0.633634,0.432239
Model3,2pop,8,401,500,8,0.41453,0.289893
Model3,2pop,8,501,600,7,0.433862,0.260823
Model3,2pop,8,601,700,6,0.449495,0.334055
Model3,2pop,8,701,800,2,0.174603,0.138889
Model3,2pop,8,801,900,7,0.312865,0.230176
Model3,2pop,8,901,1000,6,0.373016,0.310279
Model3,2pop,19,1,100,10,0.186332,0.12393
Model3,2pop,19,101,200,7,0.0734588,0.0903105
Model3,2pop,19,201,300,10,0.209165,0.145172
Model3,2pop,19,301,400,11,0.252874,0.148542
Model3,2pop,19,401,500,8,0.233002,0.163698
Model3,2pop,19,501,600,8,0.166667,0.102722
Model3,2pop,19,601,700,7,0.189033,0.135241
Model3,2pop,19,701,800,16,0.164164,0.115824
Model3,2pop,19,801,900,6,0.0630365,0.0518985
Model3,2pop,19,901,1000,10,0.0901572,0.0941903
Model3,2pop,14,1,100,10,0.14061,0.138299
Model3,2pop,14,101,200,16,0.174603,0.101318
Model3,2pop,14,201,300,16,0.108593,0.107879
Model3,2pop,14,301,400,7,0.0998217,0.11678
Model3,2pop,14,401,500,11,0.156951,0.131858
Model3,2pop,14,501,600,7,0.207729,0.119048
Model3,2pop,14,601,700,14,0.0917685,0.0859136
Model3,2pop,14,701,800,13,0.166667,0.12655
Model3,2pop,14,801,900,9,0.200898,0.188434
Model3,2pop,14,901,1000,14,0.104976,0.110293
Model3,2pop,11,1,100,5,0.222732,0.140476
Model3,2pop,11,101,200,5,0.133987,0.0768254
Model3,2pop,11,201,300,7,0.750779,0.251197
Model3,2pop,11,301,400,7,0.51341,0.164116
Model3,2pop,11,401,500,8,0.663024,0.426606
Model3,2pop,11,501,600,7,0.545796,0.134669
Model3,2pop,11,601,700,9,0.020202,0.0021164
Model3,2pop,11,701,800,13,0.274816,0.137701
Model3,2pop,11,801,900,5,0.571532,0.218166
Model3,2pop,11,901,1000,9,0.462729,0.135108
Model3,2pop,4,1,100,11,0.189189,0.122559
Model3,2pop,4,101,200,14,0.321789,0.210412
Model3,2pop,4,201,300,7,0.168077,0.0990328
Model3,2pop,4,301,400,10,0.171677,0.112885
Model3,2pop,4,401,500,10,0.214397,0.0771605
Model3,2pop,4,501,600,13,0.232546,0.152282
Model3,2pop,4,601,700,10,0.319187,0.212533
Model3,2pop,4,701,800,9,0.394636,0.250274
Model3,2pop,4,801,900,13,0.245668,0.142715
Model3,2pop,4,901,1000,10,0.182749,0.171235
Model3,2pop,1,1,100,6,0.483155,0.362812
Model3,2pop,1,101,200,4,0.037037,0.0277778
Model3,2pop,1,201,300,9,0.390349,0.245699
Model3,2pop,1,301,400,8,0.442387,0.250907
Model3,2pop,1,401,500,4,0.552197,0.399581
Model3,2pop,1,501,600,4,0.468835,0.164039
Model3,2pop,1,601,700,9,0.361472,0.121288
Model3,2pop,1,701,800,9,0.497794,0.2874
Model3,2pop,1,801,900,5,0.506438,0.398859
Model3,2pop,1,901,1000,9,0.408054,0.207708
Model3,2pop,12,1,100,12,0.679062,0.576659
Model3,2pop,12,101,200,17,0.655991,0.449308
Model3,2pop,12,201,300,9,0.672172,0.44887
Model3,2pop,12,301,400,12,0.682774,0.514056
Model3,2pop,12,401,500,7,0.706522,0.611936
Model3,2pop,12,501,600,16,0.637409,0.367116
Model3,2pop,12,601,700,14,0.592683,0.370695
Model3,2pop,12,701,800,7,0.693056,0.521233
Model3,2pop,12,801,900,7,0.69697,0.689549
Model3,2pop,12,901,1000,12,0.707602,0.618822
Model3,2pop,1,1,100,5,0.609053,0.329004
Model3,2pop,1,101,200,4,0.60101,0.237847
Model3,2pop,1,201,300,7,0.510196,0.344141
Model3,2pop,1,301,400,4,0.381643,0.256313
Model3,2pop,1,401,500,6,0.496676,0.146344
Model3,2pop,1,501,600,5,0.618541,0.441304
Model3,2pop,1,601,700,2,0.633838,0.618326
Model3,2pop,1,701,800,4,0.543094,0.219517
Model3,2pop,1,801,900,8,0.333333,0.114583
Model3,2pop,1,901,1000,8,0.421769,0.137536
Model3,2pop,19,1,100,2,0.185185,0.111111
Model3,2pop,19,101,200,6,0.314421,0.226771
Model3,2pop,19,201,300,5,0.196581,0.0888889
Model3,2pop,19,301,400,5,0.124124,0.113933
Model3,2pop,19,401,500,7,0.13486,0.0872088
Model3,2pop,19,501,600,6,0.360646,0.218937
Model3,2pop,19,601,700,4,0.0740741,0.0694444
Model3,2pop,19,701,800,3,0.342538,0.217125
Model3,2pop,19,801,900,8,0.0697674,0.0544872
Model3,2pop,19,901,1000,5,0.301941,0.211757
Model3,2pop,8,1,100,16,0.261819,0.194242
Model3,2pop,8,101,200,17,0.258056,0.214436
Model3,2pop,8,201,300,16,0.300236,0.210469
Model3,2pop,8,301,400,10,0.24263,0.139741
Model3,2pop,8,401,500,14,0.280705,0.222783
Model3,2pop,8,501,600,8,0.254268,0.203878
Model3,2pop,8,601,700,9,0.299232,0.220173
Model3,2pop,8,701,800,9,0.402908,0.29535
Model3,2pop,8,801,900,12,0.293286,0.228022
Model3,2pop,8,901,1000,11,0.396135,0.296752
Model3,2pop,7,1,100,5,0.446958,0.144161
Model3,2pop,7,101,200,6,0.448773,0.247937
Model3,2pop,7,201,300,9,0.122151,0.100845
Model3,2pop,7,301,400,4,0.22309,0.115531
Model3,2pop,7,401,500,4,0.0656566,0.0567633
Model3,2pop,7,501,600,6,0.123159,0.0744767
Model3,2pop,7,601,700,4,0.111111,0.0833333
Model3,2pop,7,701,800,7,0.0740741,0.0396825
Model3,2pop,7,801,900,4,0.497268,0.317322
Model3,2pop,7,901,1000,4,0.290123,0.151245
Model3,2pop,18,1,100,4,0.268036,0.172578
Model3,2pop,18,101,200,6,0.220273,0.103955
Model3,2pop,18,201,300,6,0.0489642,0.031746
Model3,2pop,18,301,400,13,0.444444,0.258284
Model3,2pop,18,401,500,10,0.279744,0.151272
Model3,2pop,18,501,600,10,0.204592,0.071809
Model3,2pop,18,601,700,7,0.187279,0.0783876
Model3,2pop,18,701,800,5,0.456349,0.246249
Model3,2pop,18,801,900,14,0.225664,0.0926025
Model3,2pop,18,901,1000,11,0.292181,0.0782828
Model3,2pop,0,1,100,9,0.143026,0.081684
Model3,2pop,0,101,200,4,0.118967,0.107767
Model3,2pop,0,201,300,9,0.0421456,0.0162738
Model3,2pop,0,301,400,3,-0.00401606,0.00968447
Model3,2pop,0,401,500,1,0.125514,0.125514
Model3,2pop,0,501,600,4,0.0633903,0.0667859
Model3,2pop,0,601,700,3,0.190307,0.147658
Model3,2pop,0,701,800,6,0.0081607,0.0226231
Model3,2pop,0,801,900,9,-0.0178427,-0.000700013
Model3,2pop,0,901,1000,6,0.0714511,0.0459428
Model3,2pop,9,1,100,12,0.464832,0.363069
Model3,2pop,9,101,200,11,0.613445,0.51049
Model3,2pop,9,201,300,18,0.446154,0.300142
Model3,2pop,9,301,400,11,0.51305,0.361033
Model3,2pop,9,401,500,16,0.536149,0.381079
Model3,2pop,9,501,600,21,0.525253,0.417237
Model3,2pop,9,601,700,7,0.588723,0.446479
Model3,2pop,9,701,800,10,0.542757,0.410953
Model3,2pop,9,801,900,13,0.599271,0.436226
Model3,2pop,9,901,1000,12,0.478809,0.313669
Model3,2pop,16,1,100,4,0.037037,0.0185185
Model3,2pop,16,101,200,5,0.144444,0.0481481
Model3,2pop,16,201,300,4,0.0222222,0.0138889
Model3,2pop,16,301,400,7,0.196078,0.0694444
Model3,2pop,16,401,500,6,0.237632,0.126286
Model3,2pop,16,501,600,6,0.208333,0.0810185
Model3,2pop,16,601,700,8,0.0123457,0.00694444
Model3,2pop,16,701,800,8,0.043771,0.0300926
Model3,2pop,16,801,900,10,0.010101,0.00555556
Model3,2pop,16,901,1000,8,0.180556,0.0503472
Model3,2pop,7,1,100,6,-0.0337449,-0.0141236
Model3,2pop,7,101,200,12,0.0828924,0.0627205
Model3,2pop,7,201,300,7,-0.0620155,-0.0544218
Model3,2pop,7,301,400,13,0.0981241,0.0539871
Model3,2pop,7,401,500,12,0.00771605,0.00396825
Model3,2pop,7,501,600,6,-0.0546737,-0.0335979
Model3,2pop,7,601,700,13,-0.0285518,-0.0141026
Model3,2pop,7,701,800,12,0.0153027,0.0275502
Model3,2pop,7,801,900,12,0.0901021,0.0575866
Model3,2pop,7,901,1000,13,-0.0161031,-0.00732601
Model3,2pop,9,1,100,7,0.133333,0.0608466
Model3,2pop,9,101,200,10,0.444444,0.1417
Model3,2pop,9,201,300,10,0.333836,0.146324
Model3,2pop,9,301,400,6,0.114583,0.0379189
Model3,2pop,9,401,500,5,0.0185185,0.0111111
Model3,2pop,9,501,600,8,0.0508096,0.0294825
Model3,2pop,9,601,700,8,0.163121,0.0661376
Model3,2pop,9,701,800,8,0.129129,0.0611197
Model3,2pop,9,801,900,4,0.144621,0.0793076
Model3,2pop,9,901,1000,8,0.176768,0.0708333
Model3,2pop,2,1,100,14,0.185037,0.116274
Model3,2pop,2,101,200,8,0.180884,0.119698
Model3,2pop,2,201,300,8,0.123457,0.0638889
Model3,2pop,2,301,400,10,0.102778,0.0876362
Model3,2pop,2,401,500,8,0.118123,0.107615
Model3,2pop,2,501,600,12,0.142006,0.0846142
Model3,2pop,2,601,700,5,0.301375,0.161696
Model3,2pop,2,701,800,11,0.0913091,0.0702261
Model3,2pop,2,801,900,8,0.118414,0.109501
Model3,2pop,2,901,1000,12,0.0709459,0.0814885
Model3,2pop,16,1,100,9,0.353276,0.179189
Model3,2pop,16,101,200,18,0.399709,0.235792
Model3,2pop,16,201,300,10,0.659973,0.390741
Model3,2pop,16,301,400,6,0.388889,0.247795
Model3,2pop,16,401,500,13,0.531803,0.328539
Model3,2pop,16,501,600,15,0.468599,0.235845
Model3,2pop,16,601,700,9,0.535033,0.314031
Model3,2pop,16,701,800,6,0.231111,0.175926
Model3,2pop,16,801,900,10,0.40867,0.213739
Model3,2pop,16,901,1000,5,0.68107,0.521869
Model3,2pop,18,1,100,7,0.602963,0.504567
Model3,2pop,18,101,200,7,0.529915,0.344228
Model3,2pop,18,201,300,15,0.689542,0.661376
Model3,2pop,18,301,400,6,0.565079,0.257937
Model3,2pop,18,401,500,7,0.703704,0.356427
Model3,2pop,18,501,600,14,0.610169,0.391314
Model3,2pop,18,601,700,8,0.62724,0.359127
Model3,2pop,18,701,800,6,0.575163,0.248677
Model3,2pop,18,801,900,10,0.675132,0.504563
Model3,2pop,18,901,1000,13,0.621749,0.472578
Model3,2pop,16,1,100,8,0.0487421,0.0678662
Model3,2pop,16,101,200,12,-0.0141844,-0.000420875
Model3,2pop,16,201,300,24,-0.000424551,0.0106474
Model3,2pop,16,301,400,11,0.0351059,0.0534948
Model3,2pop,16,401,500,11,0.0238612,0.0369605
Model3,2pop,16,501,600,17,0.0478594,0.0588341
Model3,2pop,16,601,700,9,0.047619,0.0729026
Model3,2pop,16,701,800,14,0.0213073,0.0475874
Model3,2pop,16,801,900,10,0.0759076,0.0919697
Model3,2pop,16,901,1000,15,0.068188,0.0649832
Model3,2pop,16,1,100,17,0.0952381,0.0635423
Model3,2pop,16,101,200,16,0.120972,0.120044
Model3,2pop,16,201,300,16,0.207843,0.160638
Model3,2pop,16,301,400,14,0.157426,0.11156
Model3,2pop,16,401,500,11,0.142822,0.115573
Model3,2pop,16,501,600,14,0.101114,0.0939486
Model3,2pop,16,601,700,11,0.141654,0.113575
Model3,2pop,16,701,800,19,0.178679,0.163541
Model3,2pop,16,801,900,9,0.121511,0.111003
Model3,2pop,16,901,1000,7,0.119813,0.117137
Model3,2pop,14,1,100,10,0.664751,0.540256
Model3,2pop,14,101,200,12,0.598433,0.370046
Model3,2pop,14,201,300,16,0.582723,0.350047
Model3,2pop,14,301,400,13,0.547622,0.334437
Model3,2pop,14,401,500,10,0.506719,0.248494
Model3,2pop,14,501,600,21,0.656655,0.459582
Model3,2pop,14,601,700,15,0.544365,0.294124
Model3,2pop,14,701,800,16,0.565828,0.276055
Model3,2pop,14,801,900,11,0.689675,0.579899
Model3,2pop,14,901,1000,11,0.564137,0.350264
Model3,2pop,7,1,100,15,0.12583,0.0558224
Model3,2pop,7,101,200,8,-0.0310599,-0.00877295
Model3,2pop,7,201,300,11,-0.018759,-0.000396118
Model3,2pop,7,301,400,3,-0.042524,-0.0225127
Model3,2pop,7,401,500,13,-0.0492505,-0.0352879
Model3,2pop,7,501,600,8,0.0973703,0.0456391
Model3,2pop,7,601,700,7,0.0262172,0.00250656
Model3,2pop,7,701,800,12,0.0524403,0.0323594
Model3,2pop,7,801,900,10,0.0180879,0.0229259
Model3,2pop,7,901,1000,8,0.0849673,0.0270969
Model3,2pop,10,1,100,6,0.31358,0.195399
Model3,2pop,10,101,200,6,0.162861,0.0859649
Model3,2pop,10,201,300,8,0.370594,0.294255
Model3,2pop,10,301,400,2,0.337712,0.268142
Model3,2pop,10,401,500,3,0.033189,0.0253985
Model3,2pop,10,501,600,14,0.40853,0.256462
Model3,2pop,10,601,700,10,0.128489,0.0738012
Model3,2pop,10,701,800,11,0.357988,0.186365
Model3,2pop,10,801,900,5,0.116576,0.0898423
Model3,2pop,10,901,1000,5,0.436771,0.27822
Model3,2pop,1,1,100,11,0.0620491,0.0281385
Model3,2pop,1,101,200,1,-0.031746,-0.031746
Model3,2pop,1,201,300,10,0.181406,0.0943205
Model3,2pop,1,301,400,7,0.12006,0.0585291
Model3,2pop,1,401,500,10,0.00947459,0.00873016
Model3,2pop,1,501,600,11,0.0206553,0.00856782
Model3,2pop,1,601,700,5,-0.0178117,-0.0172458
Model3,2pop,1,701,800,5,0.189068,0.131901
Model3,2pop,1,801,900,12,0.167699,0.0801948
Model3,2pop,1,901,1000,9,0.0821256,0.0444166
Model3,2pop,5,1,100,4,0.0682085,0.0528632
Model3,2pop,5,101,200,10,0.144557,0.0988111
Model3,2pop,5,201,300,10,0.171627,0.0817087
Model3,2pop,5,301,400,10,0.112103,0.06249
Model3,2pop,5,401,500,12,0.116789,0.0636132
Model3,2pop,5,501,600,8,0.110208,0.0661362
Model3,2pop,5,601,700,9,0.141825,0.0744623
Model3,2pop,5,701,800,16,0.186594,0.141848
Model3,2pop,5,801,900,12,0.103583,0.0819319
Model3,2pop,5,901,1000,8,0.0552475,0.0338367
Model3,2pop,9,1,100,11,0.619966,0.437153
Model3,2pop,9,101,200,17,0.411206,0.232677
Model3,2pop,9,201,300,5,0.511009,0.316343
Model3,2pop,9,301,400,15,0.459216,0.278685
Model3,2pop,9,401,500,17,0.572327,0.410042
Model3,2pop,9,501,600,11,0.483633,0.292015
Model3,2pop,9,601,700,19,0.59652,0.374853
Model3,2pop,9,701,800,13,0.468463,0.285935
Model3,2pop,9,801,900,11,0.452555,0.19038
Model3,2pop,9,901,1000,13,0.555556,0.336678
Model3,2pop,0,1,100,6,0.225146,0.169851
Model3,2pop,0,101,200,8,0.212121,0.152017
Model3,2pop,0,201,300,8,0.208333,0.14623
Model3,2pop,0,301,400,11,0.19943,0.129582
Model3,2pop,0,401,500,9,0.340426,0.21264
Model3,2pop,0,501,600,11,0.294803,0.217124
Model3,2pop,0,601,700,9,0.317585,0.18799
Model3,2pop,0,701,800,10,0.341085,0.159603
Model3,2pop,0,801,900,5,0.142857,0.08
Model3,2pop,0,901,1000,6,0.226337,0.175529
Model3,2pop,15,1,100,13,0.206109,0.166889
Model3,2pop,15,101,200,11,0.162963,0.0959596
Model3,2pop,15,201,300,19,0.153613,0.155823
Model3,2pop,15,301,400,10,0.117284,0.0911111
Model3,2pop,15,401,500,14,0.199234,0.174603
Model3,2pop,15,501,600,13,0.215087,0.16358
Model3,2pop,15,601,700,14,0.166667,0.123016
Model3,2pop,15,701,800,14,0.140893,0.0992063
Model3,2pop,15,801,900,7,0.155556,0.103175
Model3,2pop,15,901,1000,7,0.134452,0.153549
Model3,2pop,4,1,100,5,0.12037,0.0978593
Model3,2pop,4,101,200,11,0.109223,0.0785058
Model3,2pop,4,201,300,6,0.0709353,0.0330181
Model3,2pop,4,301,400,14,0.122331,0.0887824
Model3,2pop,4,401,500,11,0.11641,0.0836964
Model3,2pop,4,501,600,12,0.11368,0.0648155
Model3,2pop,4,601,700,5,0.143156,0.0952077
Model3,2pop,4,701,800,9,0.134503,0.12357
Model3,2pop,4,801,900,10,0.134108,0.122134
Model3,2pop,4,901,1000,9,0.0898345,0.068761
Model3,2pop,17,1,100,8,0.673461,0.584682
Model3,2pop,17,101,200,10,0.677285,0.629989
Model3,2pop,17,201,300,9,0.722222,0.564538
Model3,2pop,17,301,400,9,0.811261,0.641472
Model3,2pop,17,401,500,7,0.463256,0.229948
Model3,2pop,17,501,600,8,0.623817,0.491743
Model3,2pop,17,601,700,8,0.633542,0.46595
Model3,2pop,17,701,800,4,0.680294,0.221899
Model3,2pop,17,801,900,8,0.775622,0.652413
Model3,2pop,17,901,1000,3,0.74537,0.277347
Model3,2pop,7,1,100,6,0.305556,0.0888889
Model3,2pop,7,101,200,5,0.31746,0.173333
Model3,2pop,7,201,300,11,0.407793,0.186478
Model3,2pop,7,301,400,4,0.313047,0.201757
Model3,2pop,7,401,500,5,0.3613,0.232083
Model3,2pop,7,501,600,12,0.290183,0.128561
Model3,2pop,7,601,700,4,0.624102,0.447739
Model3,2pop,7,701,800,3,0.0577778,0.034518
Model3,2pop,7,801,900,4,0.0888889,0.0833333
Model3,2pop,7,901,1000,6,0.153439,0.0905167
Model3,2pop,3,1,100,15,0.268889,0.179377
Model3,2pop,3,101,200,7,0.165432,0.129446
Model3,2pop,3,201,300,12,0.218048,0.147671
Model3,2pop,3,301,400,10,0.310879,0.246385
Model3,2pop,3,401,500,7,0.314346,0.244837
Model3,2pop,3,501,600,11,0.281857,0.203444
Model3,2pop,3,601,700,7,0.221014,0.132513
Model3,2pop,3,701,800,11,0.226994,0.176308
Model3,2pop,3,801,900,9,0.341991,0.288957
Model3,2pop,3,901,1000,12,0.223396,0.138642
Model3,2pop,0,1,100,15,0.519624,0.398749
Model3,2pop,0,101,200,16,0.536037,0.379054
Model3,2pop,0,201,300,20,0.540771,0.365536
Model3,2pop,0,301,400,18,0.631969,0.454614
Model3,2pop,0,401,500,13,0.589262,0.435529
Model3,2pop,0,501,600,13,0.646014,0.515051
Model3,2pop,0,601,700,16,0.552789,0.405373
Model3,2pop,0,701,800,12,0.600296,0.429754
Model3,2pop,0,801,900,13,0.569492,0.406401
Model3,2pop,0,901,1000,18,0.533875,0.403307
Model3,2pop,12,1,100,8,0.0984127,0.0505952
Model3,2pop,12,101,200,8,0.211388,0.14898
Model3,2pop,12,201,300,6,0.147921,0.14908
Model3,2pop,12,301,400,12,0.153535,0.118607
Model3,2pop,12,401,500,7,0.154589,0.120635
Model3,2pop,12,501,600,10,0.188745,0.135071
Model3,2pop,12,601,700,8,0.155556,0.0931408
Model3,2pop,12,701,800,10,0.184211,0.117778
Model3,2pop,12,801,900,10,0.107937,0.0904233
Model3,2pop,12,901,1000,10,0.195876,0.102162
Model3,2pop,13,1,100,15,0.182534,0.152947
Model3,2pop,13,101,200,13,0.15493,0.0842203
Model3,2pop,13,201,300,2,0.166667,0.1
Model3,2pop,13,301,400,12,0.0851983,0.0442251
Model3,2pop,13,401,500,10,0.0972222,0.112582
Model3,2pop,13,501,600,5,0.102564,0.0777778
Model3,2pop,13,601,700,9,0.137427,0.0910813
Model3,2pop,13,701,800,10,0.257778,0.202778
Model3,2pop,13,801,900,6,0.210526,0.106481
Model3,2pop,13,901,1000,4,0.422222,0.131944
Model3,2pop,19,1,100,11,0.117148,0.0880644
Model3,2pop,19,101,200,10,0.387401,0.253255
Model3,2pop,19,201,300,14,0.385293,0.278974
Model3,2pop,19,301,400,19,0.301599,0.223619
Model3,2pop,19,401,500,14,0.378668,0.27086
Model3,2pop,19,501,600,14,0.172685,0.115033
Model3,2pop,19,601,700,14,0.329324,0.209779
Model3,2pop,19,701,800,11,0.154749,0.109522
Model3,2pop,19,801,900,15,0.286602,0.177255
Model3,2pop,19,901,1000,12,0.331713,0.217289
Model3,2pop,4,1,100,7,0.527867,0.365679
Model3,2pop,4,101,200,11,0.37102,0.314478
Model3,2pop,4,201,300,9,0.383589,0.237031
Model3,2pop,4,301,400,7,0.659722,0.400569
Model3,2pop,4,401,500,10,0.597222,0.348454
Model3,2pop,4,501,600,8,0.357173,0.213585
Model3,2pop,4,601,700,11,0.509559,0.276348
Model3,2pop,4,701,800,8,0.513333,0.26503
Model3,2pop,4,801,900,7,0.614286,0.455086
Model3,2pop,4,901,1000,11,0.34283,0.189914
Model3,2pop,19,1,100,14,0.18876,0.153218
Model3,2pop,19,101,200,15,0.222982,0.184334
Model3,2pop,19,201,300,7,0.170234,0.153732
Model3,2pop,19,301,400,12,0.251949,0.181085
Model3,2pop,19,401,500,16,0.327539,0.283897
Model3,2pop,19,501,600,16,0.263754,0.184109
Model3,2pop,19,601,700,10,0.205157,0.166191
Model3,2pop,19,701,800,7,0.313894,0.22953
Model3,2pop,19,801,900,11,0.282486,0.197658
Model3,2pop,19,901,1000,11,0.28361,0.212809
Model3,2pop,6,1,100,6,0.392898,0.256442
Model3,2pop,6,101,200,3,0.15873,0.0740741
Model3,2pop,6,201,300,4,0.156863,0.105556
Model3,2pop,6,301,400,4,0.208333,0.177866
Model3,2pop,6,401,500,3,0.0740741,0.0555556
Model3,2pop,6,501,600,7,0.307729,0.158457
Model3,2pop,6,601,700,8,0.176768,0.0924603
Model3,2pop,6,701,800,6,0.142361,0.0833333
Model3,2pop,6,801,900,7,0.333333,0.171306
Model3,2pop,6,901,1000,7,0.351254,0.179243
Model3,2pop,11,1,100,8,0.0641026,0.0666667
Model3,2pop,11,101,200,7,0.302721,0.180267
Model3,2pop,11,201,300,6,0.130719,0.101852
Model3,2pop,11,301,400,3,0.407131,0.332642
Model3,2pop,11,401,500,6,0.257867,0.17761
Model3,2pop,11,501,600,8,0.186425,0.0958516
Model3,2pop,11,601,700,10,0.237311,0.102482
Model3,2pop,11,701,800,5,0.296129,0.25904
Model3,2pop,11,801,900,3,0.00226757,0.000974659
Model3,2pop,11,901,1000,9,0.281589,0.170297
Model3,2pop,18,1,100,5,0.632737,0.547516
Model3,2pop,18,101,200,9,0.284254,0.124546
Model3,2pop,18,201,300,4,0.487786,0.254244
Model3,2pop,18,301,400,5,0.505952,0.238889
Model3,2pop,18,401,500,3,0.664903,0.516284
Model3,2pop,18,501,600,7,0.493827,0.152778
Model3,2pop,18,601,700,5,0.488889,0.269444
Model3,2pop,18,701,800,7,0.573844,0.370284
Model3,2pop,18,801,900,5,0.328704,0.120264
Model3,2pop,18,901,1000,8,0.26693,0.139208
Model3,2pop,9,1,100,8,0.0952381,0.0555556
Model3,2pop,9,101,200,4,0.418403,0.268246
Model3,2pop,9,201,300,8,0.350153,0.175109
Model3,2pop,9,301,400,8,0.307049,0.172522
Model3,2pop,9,401,500,6,0.403794,0.270062
Model3,2pop,9,501,600,7,0.324935,0.163399
Model3,2pop,9,601,700,5,0.0694444,0.0277778
Model3,2pop,9,701,800,6,0.341826,0.189633
Model3,2pop,9,801,900,8,0.493123,0.363149
Model3,2pop,9,901,1000,6,0.284017,0.184459
Model3,2pop,1,1,100,12,0.0467792,0.0317087
Model3,2pop,1,101,200,19,0.0933043,0.0786847
Model3,2pop,1,201,300,12,0.0505924,0.0326113
Model3,2pop,1,301,400,19,0.0481571,0.0417301
Model3,2pop,1,401,500,8,0.0126984,0.0191239
Model3,2pop,1,501,600,12,0.0326797,0.0207808
Model3,2pop,1,601,700,20,-0.010101,-0.00494228
Model3,2pop,1,701,800,11,0.0372065,0.0168235
Model3,2pop,1,801,900,17,0.00122775,0.00512782
Model3,2pop,1,901,1000,14,0.0654695,0.0551044
Model3,2pop,2,1,100,13,0.0480043,0.047929
Model3,2pop,2,101,200,11,0.0570955,0.0231216
Model3,2pop,2,201,300,8,0.0764182,0.0547798
Model3,2pop,2,301,400,6,0.0322581,0.0327635
Model3,2pop,2,401,500,10,0.0694055,0.0443351
Model3,2pop,2,501,600,9,0.0388007,0.044198
Model3,2pop,2,601,700,9,0.105263,0.0592593
Model3,2pop,2,701,800,5,0.12037,0.0777778
Model3,2pop,2,801,900,7,0.105211,0.0925673
Model3,2pop,2,901,1000,8,0.101174,0.0744509
Model3,2pop,14,1,100,6,0.00920028,0.0256944
Model3,2pop,14,101,200,11,0.0692124,0.0522219
Model3,2pop,14,201,300,13,0.100719,0.0883019
Model3,2pop,14,301,400,11,0.183874,0.124008
Model3,2pop,14,401,500,7,0.128978,0.13196
Model3,2pop,14,501,600,10,0.0655041,0.0259538
Model3,2pop,14,601,700,7,-0.0299145,-0.0047619
Model3,2pop,14,701,800,9,0.0392422,0.0169056
Model3,2pop,14,801,900,10,0.163424,0.128174
Model3,2pop,14,901,1000,11,0.0473325,0.0384995
Model3,2pop,12,1,100,8,0.446581,0.295525
Model3,2pop,12,101,200,15,0.357265,0.178416
Model3,2pop,12,201,300,6,0.427083,0.234979
Model3,2pop,12,301,400,16,0.354971,0.230131
Model3,2pop,12,401,500,11,0.31746,0.118182
Model3,2pop,12,501,600,6,0.42284,0.27037
Model3,2pop,12,601,700,14,0.444444,0.334921
Model3,2pop,12,701,800,8,0.382222,0.258389
Model3,2pop,12,801,900,6,0.281046,0.166667
Model3,2pop,12,901,1000,9,0.345029,0.232099
Model3,2pop,15,1,100,13,0.500975,0.364774
Model3,2pop,15,101,200,18,0.521306,0.308128
Model3,2pop,15,201,300,7,0.524366,0.345049
Model3,2pop,15,301,400,11,0.484245,0.250361
Model3,2pop,15,401,500,11,0.385185,0.218735
Model3,2pop,15,501,600,5,0.201389,0.119048
Model3,2pop,15,601,700,14,0.466667,0.281652
Model3,2pop,15,701,800,12,0.473251,0.263117
Model3,2pop,15,801,900,11,0.542354,0.405964
Model3,2pop,15,901,1000,9,0.514124,0.272781
Model3,2pop,18,1,100,6,0.163121,0.0689709
Model3,2pop,18,101,200,7,0.0561529,0.0216632
Model3,2pop,18,201,300,6,0.291667,0.166667
Model3,2pop,18,301,400,7,0.225968,0.161875
Model3,2pop,18,401,500,5,0.023569,0.0159892
Model3,2pop,18,501,600,5,0.0328152,0.0290611
Model3,2pop,18,601,700,8,0.217041,0.155529
Model3,2pop,18,701,800,2,0.0775681,0.0775681
Model3,2pop,18,801,900,4,0.16398,0.152183
Model3,2pop,18,901,1000,3,0.0686275,0.0443746
Model3,2pop,18,1,100,6,-0.0163399,-0.00185185
Model3,2pop,18,101,200,5,0.0119048,0.0388889
Model3,2pop,18,201,300,5,0.0168539,0.0182609
Model3,2pop,18,301,400,6,0.0191571,0.0425926
Model3,2pop,18,401,500,6,-0.010101,-0.00555556
Model3,2pop,18,501,600,8,-0.00767434,-0.00222332
Model3,2pop,18,601,700,8,0.00680272,0.0291667
Model3,2pop,18,701,800,4,0.017094,0.05
Model3,2pop,18,801,900,7,0.0305011,0.0544974
Model3,2pop,18,901,1000,9,0.0381426,0.045679
