Model,Pop,CHROM,BIN_START,BIN_END,N_VARIANTS,PI
Model1,2pop,7,1,100,12,0.0460128
Model1,2pop,7,101,200,19,0.053641
Model1,2pop,7,201,300,19,0.0619103
Model1,2pop,7,301,400,13,0.041359
Model1,2pop,7,401,500,14,0.0538846
Model1,2pop,7,501,600,14,0.0270641
Model1,2pop,7,601,700,13,0.0494103
Model1,2pop,7,701,800,13,0.0352821
Model1,2pop,7,801,900,12,0.0404103
Model1,2pop,7,901,1000,23,0.0773077
Model1,2pop,10,1,100,13,0.0351667
Model1,2pop,10,101,200,7,0.0173846
Model1,2pop,10,201,300,12,0.0279872
Model1,2pop,10,301,400,8,0.0175385
Model1,2pop,10,401,500,4,0.0145769
Model1,2pop,10,501,600,11,0.0356282
Model1,2pop,10,601,700,7,0.0284103
Model1,2pop,10,701,800,8,0.0198333
Model1,2pop,10,801,900,11,0.0246923
Model1,2pop,10,901,1000,10,0.034
Model1,2pop,4,1,100,7,0.00969231
Model1,2pop,4,101,200,4,0.00707692
Model1,2pop,4,201,300,10,0.0125385
Model1,2pop,4,301,400,2,0.00407692
Model1,2pop,4,401,500,7,0.00532051
Model1,2pop,4,501,600,7,0.0161282
Model1,2pop,4,601,700,7,0.0130256
Model1,2pop,4,701,800,4,0.0115128
Model1,2pop,4,801,900,11,0.016859
Model1,2pop,4,901,1000,6,0.00760256
Model1,2pop,7,1,100,5,0.0105256
Model1,2pop,7,101,200,5,0.0128462
Model1,2pop,7,201,300,7,0.0257692
Model1,2pop,7,301,400,4,0.00776923
Model1,2pop,7,401,500,8,0.0230128
Model1,2pop,7,501,600,6,0.0118846
Model1,2pop,7,601,700,10,0.0269872
Model1,2pop,7,701,800,11,0.0308077
Model1,2pop,7,801,900,8,0.0212308
Model1,2pop,7,901,1000,5,0.0148462
Model1,2pop,12,1,100,7,0.0113846
Model1,2pop,12,101,200,12,0.0297821
Model1,2pop,12,201,300,7,0.0164872
Model1,2pop,12,301,400,8,0.0157308
Model1,2pop,12,401,500,7,0.0132692
Model1,2pop,12,501,600,4,0.00382051
Model1,2pop,12,601,700,7,0.0190128
Model1,2pop,12,701,800,2,0.00434615
Model1,2pop,12,801,900,6,0.00928205
Model1,2pop,12,901,1000,7,0.0111538
Model1,2pop,14,1,100,9,0.0259231
Model1,2pop,14,101,200,9,0.0298974
Model1,2pop,14,201,300,5,0.0187821
Model1,2pop,14,301,400,11,0.0203077
Model1,2pop,14,401,500,6,0.0184615
Model1,2pop,14,501,600,5,0.0141667
Model1,2pop,14,601,700,7,0.0184103
Model1,2pop,14,701,800,6,0.0135641
Model1,2pop,14,801,900,6,0.0186154
Model1,2pop,14,901,1000,4,0.0167821
Model1,2pop,17,1,100,14,0.0350897
Model1,2pop,17,101,200,9,0.0243333
Model1,2pop,17,201,300,10,0.0246026
Model1,2pop,17,301,400,11,0.0271538
Model1,2pop,17,401,500,6,0.0152564
Model1,2pop,17,501,600,9,0.0104103
Model1,2pop,17,601,700,9,0.016859
Model1,2pop,17,701,800,14,0.0309487
Model1,2pop,17,801,900,10,0.0295128
Model1,2pop,17,901,1000,11,0.0280513
Model1,2pop,0,1,100,3,0.0135
Model1,2pop,0,101,200,10,0.0292436
Model1,2pop,0,201,300,9,0.0266282
Model1,2pop,0,301,400,8,0.0202821
Model1,2pop,0,401,500,8,0.0170513
Model1,2pop,0,501,600,5,0.0146282
Model1,2pop,0,601,700,9,0.0192436
Model1,2pop,0,701,800,4,0.00755128
Model1,2pop,0,801,900,10,0.0270513
Model1,2pop,0,901,1000,6,0.0114744
Model1,2pop,0,1,100,8,0.0365128
Model1,2pop,0,101,200,19,0.0747179
Model1,2pop,0,201,300,10,0.0370641
Model1,2pop,0,301,400,7,0.0185769
Model1,2pop,0,401,500,14,0.0506154
Model1,2pop,0,501,600,14,0.0438077
Model1,2pop,0,601,700,4,0.00894872
Model1,2pop,0,701,800,12,0.0412692
Model1,2pop,0,801,900,9,0.0415256
Model1,2pop,0,901,1000,8,0.0307179
Model1,2pop,12,1,100,9,0.0322821
Model1,2pop,12,101,200,7,0.018141
Model1,2pop,12,201,300,8,0.0156154
Model1,2pop,12,301,400,5,0.0182051
Model1,2pop,12,401,500,12,0.0226282
Model1,2pop,12,501,600,8,0.0213462
Model1,2pop,12,601,700,2,0.00573077
Model1,2pop,12,701,800,9,0.0226923
Model1,2pop,12,801,900,6,0.0110897
Model1,2pop,12,901,1000,9,0.0236795
Model1,2pop,0,1,100,9,0.0231923
Model1,2pop,0,101,200,19,0.0692564
Model1,2pop,0,201,300,17,0.0681923
Model1,2pop,0,301,400,7,0.0152564
Model1,2pop,0,401,500,18,0.0556667
Model1,2pop,0,501,600,11,0.0342436
Model1,2pop,0,601,700,14,0.0446282
Model1,2pop,0,701,800,17,0.0579615
Model1,2pop,0,801,900,11,0.0370897
Model1,2pop,0,901,1000,14,0.0414744
Model1,2pop,7,1,100,6,0.00811538
Model1,2pop,7,101,200,7,0.0175128
Model1,2pop,7,201,300,4,0.0136667
Model1,2pop,7,301,400,8,0.0159103
Model1,2pop,7,401,500,11,0.0242564
Model1,2pop,7,501,600,10,0.0159231
Model1,2pop,7,601,700,8,0.0163718
Model1,2pop,7,701,800,9,0.0174872
Model1,2pop,7,801,900,9,0.0135128
Model1,2pop,7,901,1000,10,0.0199231
Model1,2pop,17,1,100,5,0.0136282
Model1,2pop,17,101,200,4,0.00705128
Model1,2pop,17,201,300,10,0.027
Model1,2pop,17,301,400,8,0.0235128
Model1,2pop,17,401,500,7,0.0146282
Model1,2pop,17,501,600,4,0.00855128
Model1,2pop,17,601,700,11,0.0196795
Model1,2pop,17,701,800,10,0.021359
Model1,2pop,17,801,900,6,0.0164744
Model1,2pop,17,901,1000,4,0.00374359
Model1,2pop,19,1,100,9,0.0138077
Model1,2pop,19,101,200,10,0.0308718
Model1,2pop,19,201,300,8,0.0154487
Model1,2pop,19,301,400,9,0.0236026
Model1,2pop,19,401,500,11,0.0310769
Model1,2pop,19,501,600,4,0.0111282
Model1,2pop,19,601,700,9,0.0159487
Model1,2pop,19,701,800,11,0.0252436
Model1,2pop,19,801,900,7,0.0163462
Model1,2pop,19,901,1000,6,0.0142692
Model1,2pop,9,1,100,5,0.0064359
Model1,2pop,9,101,200,7,0.0106026
Model1,2pop,9,201,300,4,0.0085641
Model1,2pop,9,301,400,7,0.0157949
Model1,2pop,9,401,500,3,0.0015
Model1,2pop,9,501,600,3,0.00765385
Model1,2pop,9,601,700,4,0.00466667
Model1,2pop,9,701,800,4,0.00720513
Model1,2pop,9,801,900,6,0.0100897
Model1,2pop,9,901,1000,4,0.00507692
Model1,2pop,16,1,100,14,0.0491923
Model1,2pop,16,101,200,12,0.0452051
Model1,2pop,16,201,300,13,0.0392308
Model1,2pop,16,301,400,7,0.0212949
Model1,2pop,16,401,500,11,0.0317564
Model1,2pop,16,501,600,9,0.0226026
Model1,2pop,16,601,700,12,0.0387949
Model1,2pop,16,701,800,13,0.042359
Model1,2pop,16,801,900,9,0.0241667
Model1,2pop,16,901,1000,7,0.0195256
Model1,2pop,4,1,100,6,0.0265513
Model1,2pop,4,101,200,4,0.0112308
Model1,2pop,4,201,300,6,0.0108333
Model1,2pop,4,301,400,5,0.0171282
Model1,2pop,4,401,500,12,0.0413333
Model1,2pop,4,501,600,8,0.0164615
Model1,2pop,4,601,700,9,0.0241667
Model1,2pop,4,701,800,11,0.0333462
Model1,2pop,4,801,900,8,0.016
Model1,2pop,4,901,1000,5,0.00871795
Model1,2pop,3,1,100,9,0.0194231
Model1,2pop,3,101,200,7,0.0172436
Model1,2pop,3,201,300,7,0.0177949
Model1,2pop,3,301,400,9,0.0190513
Model1,2pop,3,401,500,8,0.0243205
Model1,2pop,3,501,600,6,0.0117564
Model1,2pop,3,601,700,14,0.0307821
Model1,2pop,3,701,800,11,0.0219359
Model1,2pop,3,801,900,9,0.0174487
Model1,2pop,3,901,1000,3,0.00808974
Model1,2pop,6,1,100,10,0.0295256
Model1,2pop,6,101,200,14,0.0335513
Model1,2pop,6,201,300,10,0.0193333
Model1,2pop,6,301,400,11,0.0372692
Model1,2pop,6,401,500,16,0.0345513
Model1,2pop,6,501,600,9,0.0115
Model1,2pop,6,601,700,6,0.019
Model1,2pop,6,701,800,13,0.0311282
Model1,2pop,6,801,900,8,0.016
Model1,2pop,6,901,1000,10,0.0299103
Model1,2pop,19,1,100,2,0.00346154
Model1,2pop,19,101,200,6,0.00853846
Model1,2pop,19,201,300,4,0.0049359
Model1,2pop,19,301,400,9,0.0125256
Model1,2pop,19,401,500,4,0.0145897
Model1,2pop,19,501,600,4,0.00708974
Model1,2pop,19,601,700,4,0.00751282
Model1,2pop,19,701,800,3,0.0050641
Model1,2pop,19,801,900,8,0.0217308
Model1,2pop,19,901,1000,3,0.00284615
Model1,2pop,0,1,100,15,0.0280897
Model1,2pop,0,101,200,8,0.0124615
Model1,2pop,0,201,300,11,0.0207436
Model1,2pop,0,301,400,14,0.0306282
Model1,2pop,0,401,500,15,0.0259103
Model1,2pop,0,501,600,12,0.0214231
Model1,2pop,0,601,700,18,0.0372179
Model1,2pop,0,701,800,13,0.0240385
Model1,2pop,0,801,900,11,0.0187564
Model1,2pop,0,901,1000,12,0.0240128
Model1,2pop,15,1,100,20,0.0518077
Model1,2pop,15,101,200,23,0.0499487
Model1,2pop,15,201,300,17,0.0410641
Model1,2pop,15,301,400,14,0.0294487
Model1,2pop,15,401,500,10,0.0251667
Model1,2pop,15,501,600,22,0.0549487
Model1,2pop,15,601,700,14,0.0327692
Model1,2pop,15,701,800,14,0.0331923
Model1,2pop,15,801,900,11,0.0259872
Model1,2pop,15,901,1000,17,0.0394615
Model1,2pop,16,1,100,6,0.00824359
Model1,2pop,16,101,200,5,0.0116667
Model1,2pop,16,201,300,8,0.00833333
Model1,2pop,16,301,400,6,0.0115256
Model1,2pop,16,401,500,10,0.00964103
Model1,2pop,16,501,600,6,0.00484615
Model1,2pop,16,601,700,10,0.0234872
Model1,2pop,16,701,800,5,0.00667949
Model1,2pop,16,801,900,8,0.00589744
Model1,2pop,16,901,1000,6,0.00534615
Model1,2pop,17,1,100,4,0.0114359
Model1,2pop,17,101,200,5,0.0114231
Model1,2pop,17,201,300,4,0.0118462
Model1,2pop,17,301,400,4,0.0149231
Model1,2pop,17,401,500,9,0.0192949
Model1,2pop,17,501,600,5,0.0181538
Model1,2pop,17,601,700,4,0.00919231
Model1,2pop,17,701,800,2,0.00403846
Model1,2pop,17,801,900,6,0.0200897
Model1,2pop,17,901,1000,12,0.0438974
Model1,2pop,2,1,100,13,0.0455385
Model1,2pop,2,101,200,13,0.0370128
Model1,2pop,2,201,300,14,0.046
Model1,2pop,2,301,400,14,0.0450256
Model1,2pop,2,401,500,13,0.0526667
Model1,2pop,2,501,600,8,0.0315769
Model1,2pop,2,601,700,6,0.0181538
Model1,2pop,2,701,800,13,0.045859
Model1,2pop,2,801,900,7,0.0159231
Model1,2pop,2,901,1000,14,0.0461667
Model1,2pop,14,1,100,19,0.0686667
Model1,2pop,14,101,200,18,0.0722821
Model1,2pop,14,201,300,13,0.0526154
Model1,2pop,14,301,400,16,0.0578333
Model1,2pop,14,401,500,9,0.0241667
Model1,2pop,14,501,600,18,0.0613846
Model1,2pop,14,601,700,21,0.0823974
Model1,2pop,14,701,800,16,0.0530513
Model1,2pop,14,801,900,9,0.0294487
Model1,2pop,14,901,1000,11,0.0365385
Model1,2pop,10,1,100,3,0.00324359
Model1,2pop,10,101,200,4,0.0148462
Model1,2pop,10,201,300,4,0.016359
Model1,2pop,10,301,400,1,0.00261538
Model1,2pop,10,401,500,2,0.00562821
Model1,2pop,10,501,600,9,0.0188333
Model1,2pop,10,601,700,10,0.0286154
Model1,2pop,10,701,800,5,0.00738462
Model1,2pop,10,801,900,6,0.00783333
Model1,2pop,10,901,1000,7,0.0286795
Model1,2pop,17,1,100,7,0.025
Model1,2pop,17,101,200,6,0.0147949
Model1,2pop,17,201,300,4,0.00507692
Model1,2pop,17,301,400,7,0.0172051
Model1,2pop,17,401,500,4,0.0085
Model1,2pop,17,501,600,5,0.00482051
Model1,2pop,17,601,700,2,0.00192308
Model1,2pop,17,701,800,3,0.00361538
Model1,2pop,17,801,900,1,0.0005
Model1,2pop,17,901,1000,4,0.0136154
Model1,2pop,14,1,100,8,0.0228846
Model1,2pop,14,101,200,8,0.0210897
Model1,2pop,14,201,300,6,0.021359
Model1,2pop,14,301,400,9,0.0129872
Model1,2pop,14,401,500,7,0.0131026
Model1,2pop,14,501,600,9,0.0216026
Model1,2pop,14,601,700,9,0.0321923
Model1,2pop,14,701,800,7,0.0174615
Model1,2pop,14,801,900,6,0.0164487
Model1,2pop,14,901,1000,9,0.0195128
Model1,2pop,4,1,100,7,0.0211667
Model1,2pop,4,101,200,10,0.0234615
Model1,2pop,4,201,300,9,0.0221154
Model1,2pop,4,301,400,11,0.0229359
Model1,2pop,4,401,500,20,0.0460256
Model1,2pop,4,501,600,8,0.0169231
Model1,2pop,4,601,700,7,0.0126923
Model1,2pop,4,701,800,9,0.0215513
Model1,2pop,4,801,900,9,0.0231923
Model1,2pop,4,901,1000,6,0.00965385
Model1,2pop,16,1,100,15,0.0309359
Model1,2pop,16,101,200,16,0.0446667
Model1,2pop,16,201,300,17,0.0384103
Model1,2pop,16,301,400,20,0.0522821
Model1,2pop,16,401,500,15,0.0326538
Model1,2pop,16,501,600,17,0.0448333
Model1,2pop,16,601,700,15,0.0417051
Model1,2pop,16,701,800,19,0.0435385
Model1,2pop,16,801,900,15,0.0387051
Model1,2pop,16,901,1000,16,0.0478718
Model1,2pop,18,1,100,10,0.0385385
Model1,2pop,18,101,200,14,0.0384744
Model1,2pop,18,201,300,4,0.00446154
Model1,2pop,18,301,400,8,0.0205256
Model1,2pop,18,401,500,8,0.0204103
Model1,2pop,18,501,600,6,0.0168846
Model1,2pop,18,601,700,14,0.0389872
Model1,2pop,18,701,800,6,0.0170897
Model1,2pop,18,801,900,8,0.0158974
Model1,2pop,18,901,1000,10,0.0257051
Model1,2pop,12,1,100,11,0.0261154
Model1,2pop,12,101,200,6,0.0152949
Model1,2pop,12,201,300,10,0.0219744
Model1,2pop,12,301,400,8,0.0234744
Model1,2pop,12,401,500,5,0.0143462
Model1,2pop,12,501,600,10,0.0291026
Model1,2pop,12,601,700,10,0.0240513
Model1,2pop,12,701,800,7,0.0141795
Model1,2pop,12,801,900,7,0.0196667
Model1,2pop,12,901,1000,8,0.011641
Model1,2pop,14,1,100,12,0.024141
Model1,2pop,14,101,200,4,0.0127308
Model1,2pop,14,201,300,10,0.0265128
Model1,2pop,14,301,400,8,0.0207308
Model1,2pop,14,401,500,8,0.0205513
Model1,2pop,14,501,600,7,0.0137051
Model1,2pop,14,601,700,6,0.0123846
Model1,2pop,14,701,800,12,0.0381026
Model1,2pop,14,801,900,6,0.0175128
Model1,2pop,14,901,1000,13,0.0260256
Model1,2pop,12,1,100,25,0.0877179
Model1,2pop,12,101,200,18,0.0873718
Model1,2pop,12,201,300,26,0.109667
Model1,2pop,12,301,400,23,0.0901154
Model1,2pop,12,401,500,25,0.108359
Model1,2pop,12,501,600,19,0.0737051
Model1,2pop,12,601,700,20,0.080859
Model1,2pop,12,701,800,15,0.0546154
Model1,2pop,12,801,900,17,0.0764359
Model1,2pop,12,901,1000,18,0.0811282
Model1,2pop,7,1,100,7,0.0159231
Model1,2pop,7,101,200,8,0.0123462
Model1,2pop,7,201,300,6,0.0138077
Model1,2pop,7,301,400,9,0.0201795
Model1,2pop,7,401,500,8,0.0179615
Model1,2pop,7,501,600,6,0.0102179
Model1,2pop,7,601,700,3,0.00289744
Model1,2pop,7,701,800,5,0.010641
Model1,2pop,7,801,900,5,0.00529487
Model1,2pop,7,901,1000,6,0.0167179
Model1,2pop,6,1,100,6,0.00842308
Model1,2pop,6,101,200,6,0.0154615
Model1,2pop,6,201,300,6,0.00844872
Model1,2pop,6,301,400,8,0.0191923
Model1,2pop,6,401,500,7,0.00539744
Model1,2pop,6,501,600,8,0.00861538
Model1,2pop,6,601,700,7,0.00933333
Model1,2pop,6,701,800,3,0.00679487
Model1,2pop,6,801,900,6,0.00747436
Model1,2pop,6,901,1000,8,0.00732051
Model1,2pop,8,1,100,11,0.026641
Model1,2pop,8,101,200,12,0.0306538
Model1,2pop,8,201,300,7,0.0136154
Model1,2pop,8,301,400,12,0.0281282
Model1,2pop,8,401,500,16,0.0338077
Model1,2pop,8,501,600,13,0.0385385
Model1,2pop,8,601,700,10,0.0268333
Model1,2pop,8,701,800,9,0.0140513
Model1,2pop,8,801,900,8,0.0254231
Model1,2pop,8,901,1000,11,0.027859
Model1,2pop,13,1,100,7,0.0216667
Model1,2pop,13,101,200,16,0.0523205
Model1,2pop,13,201,300,6,0.0137051
Model1,2pop,13,301,400,10,0.0285128
Model1,2pop,13,401,500,14,0.0468077
Model1,2pop,13,501,600,10,0.0289744
Model1,2pop,13,601,700,15,0.0558077
Model1,2pop,13,701,800,10,0.0287564
Model1,2pop,13,801,900,13,0.0337051
Model1,2pop,13,901,1000,13,0.0397564
Model1,2pop,19,1,100,8,0.0216923
Model1,2pop,19,101,200,5,0.00758974
Model1,2pop,19,201,300,3,0.00453846
Model1,2pop,19,301,400,14,0.027859
Model1,2pop,19,401,500,6,0.0215128
Model1,2pop,19,501,600,10,0.0270128
Model1,2pop,19,601,700,9,0.0294744
Model1,2pop,19,701,800,3,0.00989744
Model1,2pop,19,801,900,7,0.024641
Model1,2pop,19,901,1000,7,0.0286923
Model1,2pop,3,1,100,7,0.0183333
Model1,2pop,3,101,200,9,0.0220256
Model1,2pop,3,201,300,5,0.00864103
Model1,2pop,3,301,400,11,0.0306667
Model1,2pop,3,401,500,11,0.0406667
Model1,2pop,3,501,600,10,0.0183846
Model1,2pop,3,601,700,6,0.0172436
Model1,2pop,3,701,800,11,0.0313974
Model1,2pop,3,801,900,11,0.0361795
Model1,2pop,3,901,1000,5,0.0162308
Model1,2pop,9,1,100,3,0.0108462
Model1,2pop,9,101,200,7,0.00684615
Model1,2pop,9,201,300,6,0.00861538
Model1,2pop,9,301,400,4,0.00780769
Model1,2pop,9,401,500,9,0.0144487
Model1,2pop,9,501,600,6,0.0099359
Model1,2pop,9,601,700,9,0.0188205
Model1,2pop,9,701,800,9,0.0168333
Model1,2pop,9,801,900,11,0.0147692
Model1,2pop,9,901,1000,5,0.0181538
Model1,2pop,16,1,100,7,0.0147179
Model1,2pop,16,101,200,7,0.0128077
Model1,2pop,16,201,300,10,0.0222949
Model1,2pop,16,301,400,8,0.0141538
Model1,2pop,16,401,500,5,0.0129487
Model1,2pop,16,501,600,7,0.0162692
Model1,2pop,16,601,700,6,0.0139615
Model1,2pop,16,701,800,7,0.0145128
Model1,2pop,16,801,900,6,0.00789744
Model1,2pop,16,901,1000,6,0.00989744
Model1,2pop,19,1,100,10,0.0337436
Model1,2pop,19,101,200,12,0.0279744
Model1,2pop,19,201,300,5,0.0157949
Model1,2pop,19,301,400,3,0.011
Model1,2pop,19,401,500,14,0.0547179
Model1,2pop,19,501,600,7,0.0220897
Model1,2pop,19,601,700,6,0.0140256
Model1,2pop,19,701,800,14,0.0359487
Model1,2pop,19,801,900,5,0.0123846
Model1,2pop,19,901,1000,10,0.0374872
Model1,2pop,18,1,100,24,0.0521154
Model1,2pop,18,101,200,14,0.0279487
Model1,2pop,18,201,300,15,0.0124872
Model1,2pop,18,301,400,12,0.0155769
Model1,2pop,18,401,500,18,0.0306923
Model1,2pop,18,501,600,17,0.0273333
Model1,2pop,18,601,700,16,0.0236923
Model1,2pop,18,701,800,18,0.018641
Model1,2pop,18,801,900,12,0.00979487
Model1,2pop,18,901,1000,17,0.025359
Model1,2pop,18,1,100,14,0.0227051
Model1,2pop,18,101,200,14,0.0220513
Model1,2pop,18,201,300,14,0.0211538
Model1,2pop,18,301,400,12,0.0211538
Model1,2pop,18,401,500,20,0.0356667
Model1,2pop,18,501,600,16,0.0270641
Model1,2pop,18,601,700,13,0.0249872
Model1,2pop,18,701,800,9,0.0134487
Model1,2pop,18,801,900,14,0.0210897
Model1,2pop,18,901,1000,10,0.0166667
Model1,2pop,15,1,100,5,0.0112436
Model1,2pop,15,101,200,5,0.00566667
Model1,2pop,15,201,300,6,0.0102692
Model1,2pop,15,301,400,2,0.00274359
Model1,2pop,15,401,500,5,0.0149231
Model1,2pop,15,501,600,4,0.00926923
Model1,2pop,15,601,700,6,0.0127308
Model1,2pop,15,701,800,9,0.0169231
Model1,2pop,15,801,900,8,0.0170128
Model1,2pop,15,901,1000,6,0.0101154
Model1,2pop,6,1,100,5,0.0111154
Model1,2pop,6,101,200,9,0.0274103
Model1,2pop,6,201,300,8,0.027
Model1,2pop,6,301,400,13,0.038641
Model1,2pop,6,401,500,7,0.0289744
Model1,2pop,6,501,600,12,0.038859
Model1,2pop,6,601,700,8,0.0197051
Model1,2pop,6,701,800,7,0.0158718
Model1,2pop,6,801,900,6,0.0137051
Model1,2pop,6,901,1000,9,0.0244359
Model1,2pop,7,1,100,10,0.0394872
Model1,2pop,7,101,200,10,0.0409487
Model1,2pop,7,201,300,17,0.0571282
Model1,2pop,7,301,400,18,0.0647821
Model1,2pop,7,401,500,15,0.0570385
Model1,2pop,7,501,600,14,0.0463718
Model1,2pop,7,601,700,15,0.0537051
Model1,2pop,7,701,800,11,0.0399744
Model1,2pop,7,801,900,11,0.0424231
Model1,2pop,7,901,1000,23,0.0784231
Model1,2pop,3,1,100,3,0.00612821
Model1,2pop,3,101,200,5,0.0182692
Model1,2pop,3,201,300,9,0.0241795
Model1,2pop,3,301,400,9,0.0193718
Model1,2pop,3,401,500,6,0.0202949
Model1,2pop,3,501,600,5,0.0125256
Model1,2pop,3,601,700,7,0.0242051
Model1,2pop,3,701,800,2,0.00562821
Model1,2pop,3,801,900,4,0.00432051
Model1,2pop,3,901,1000,11,0.0280385
Model1,2pop,15,1,100,11,0.0275897
Model1,2pop,15,101,200,4,0.002
Model1,2pop,15,201,300,5,0.0118205
Model1,2pop,15,301,400,9,0.0200128
Model1,2pop,15,401,500,7,0.0169615
Model1,2pop,15,501,600,8,0.0192692
Model1,2pop,15,601,700,2,0.00725641
Model1,2pop,15,701,800,9,0.0166667
Model1,2pop,15,801,900,10,0.0227179
Model1,2pop,15,901,1000,4,0.0111026
Model1,2pop,13,1,100,7,0.011141
Model1,2pop,13,101,200,11,0.0254359
Model1,2pop,13,201,300,8,0.0130513
Model1,2pop,13,301,400,6,0.0118077
Model1,2pop,13,401,500,8,0.0156795
Model1,2pop,13,501,600,5,0.008
Model1,2pop,13,601,700,6,0.0140385
Model1,2pop,13,701,800,2,0.00592308
Model1,2pop,13,801,900,4,0.00826923
Model1,2pop,13,901,1000,10,0.0268974
Model1,2pop,13,1,100,9,0.0227821
Model1,2pop,13,101,200,11,0.0294231
Model1,2pop,13,201,300,9,0.019641
Model1,2pop,13,301,400,5,0.0132692
Model1,2pop,13,401,500,6,0.0125
Model1,2pop,13,501,600,6,0.0134231
Model1,2pop,13,601,700,8,0.0202949
Model1,2pop,13,701,800,7,0.00780769
Model1,2pop,13,801,900,10,0.0145
Model1,2pop,13,901,1000,8,0.0147949
Model1,2pop,12,1,100,7,0.0180641
Model1,2pop,12,101,200,6,0.00984615
Model1,2pop,12,201,300,3,0.00741026
Model1,2pop,12,301,400,4,0.00855128
Model1,2pop,12,401,500,4,0.00334615
Model1,2pop,12,501,600,6,0.00703846
Model1,2pop,12,601,700,5,0.0102051
Model1,2pop,12,701,800,2,0.001
Model1,2pop,12,801,900,7,0.00798718
Model1,2pop,12,901,1000,3,0.00376923
Model1,2pop,13,1,100,11,0.0423974
Model1,2pop,13,101,200,16,0.0557949
Model1,2pop,13,201,300,11,0.0410897
Model1,2pop,13,301,400,11,0.0469359
Model1,2pop,13,401,500,15,0.0547051
Model1,2pop,13,501,600,19,0.0589359
Model1,2pop,13,601,700,18,0.0568077
Model1,2pop,13,701,800,14,0.0578205
Model1,2pop,13,801,900,16,0.0646795
Model1,2pop,13,901,1000,22,0.0712949
Model1,2pop,11,1,100,5,0.0123462
Model1,2pop,11,101,200,4,0.0074359
Model1,2pop,11,201,300,7,0.0177179
Model1,2pop,11,301,400,7,0.0155
Model1,2pop,11,401,500,12,0.0311026
Model1,2pop,11,501,600,11,0.0242179
Model1,2pop,11,601,700,8,0.0144872
Model1,2pop,11,701,800,15,0.0311923
Model1,2pop,11,801,900,10,0.026641
Model1,2pop,11,901,1000,6,0.00815385
Model1,2pop,6,1,100,7,0.0201282
Model1,2pop,6,101,200,3,0.00197436
Model1,2pop,6,201,300,4,0.0055641
Model1,2pop,6,301,400,9,0.0165897
Model1,2pop,6,401,500,7,0.0185385
Model1,2pop,6,501,600,3,0.00642308
Model1,2pop,6,601,700,7,0.0126282
Model1,2pop,6,701,800,5,0.0075641
Model1,2pop,6,801,900,14,0.0284231
Model1,2pop,6,901,1000,9,0.0145769
Model1,2pop,4,1,100,6,0.0201667
Model1,2pop,4,101,200,10,0.0292692
Model1,2pop,4,201,300,16,0.0520128
Model1,2pop,4,301,400,15,0.0537436
Model1,2pop,4,401,500,7,0.0246538
Model1,2pop,4,501,600,8,0.0260513
Model1,2pop,4,601,700,7,0.0255128
Model1,2pop,4,701,800,9,0.0331538
Model1,2pop,4,801,900,16,0.0545385
Model1,2pop,4,901,1000,8,0.0282308
Model1,2pop,8,1,100,6,0.0167051
Model1,2pop,8,101,200,3,0.00829487
Model1,2pop,8,201,300,6,0.0150513
Model1,2pop,8,301,400,6,0.0170513
Model1,2pop,8,401,500,4,0.0120769
Model1,2pop,8,501,600,4,0.0102821
Model1,2pop,8,601,700,6,0.0108333
Model1,2pop,8,701,800,3,0.007
Model1,2pop,8,801,900,10,0.0349744
Model1,2pop,8,901,1000,5,0.00526923
Model1,2pop,6,1,100,3,0.0122692
Model1,2pop,6,101,200,2,0.00147436
Model1,2pop,6,201,300,4,0.00755128
Model1,2pop,6,401,500,3,0.00703846
Model1,2pop,6,501,600,3,0.0103974
Model1,2pop,6,601,700,2,0.00561538
Model1,2pop,6,701,800,6,0.00902564
Model1,2pop,6,801,900,3,0.0112051
Model1,2pop,6,901,1000,6,0.0141154
Model1,2pop,18,1,100,19,0.0349487
Model1,2pop,18,101,200,16,0.0361282
Model1,2pop,18,201,300,20,0.0424359
Model1,2pop,18,301,400,15,0.0260256
Model1,2pop,18,401,500,13,0.0306282
Model1,2pop,18,501,600,12,0.0195897
Model1,2pop,18,601,700,13,0.0254231
Model1,2pop,18,701,800,16,0.0364487
Model1,2pop,18,801,900,15,0.0313974
Model1,2pop,18,901,1000,9,0.0200256
Model1,2pop,16,1,100,21,0.0606282
Model1,2pop,16,101,200,14,0.0482564
Model1,2pop,16,201,300,6,0.0229487
Model1,2pop,16,301,400,17,0.0569231
Model1,2pop,16,401,500,7,0.0175
Model1,2pop,16,501,600,16,0.0541026
Model1,2pop,16,601,700,13,0.0508077
Model1,2pop,16,701,800,12,0.0374359
Model1,2pop,16,801,900,14,0.0466282
Model1,2pop,16,901,1000,17,0.0515128
Model1,2pop,9,1,100,10,0.0229231
Model1,2pop,9,101,200,9,0.0272949
Model1,2pop,9,201,300,14,0.0474744
Model1,2pop,9,301,400,9,0.0241923
Model1,2pop,9,401,500,16,0.0563462
Model1,2pop,9,501,600,15,0.0524231
Model1,2pop,9,601,700,9,0.0283846
Model1,2pop,9,701,800,14,0.0538974
Model1,2pop,9,801,900,8,0.0321667
Model1,2pop,9,901,1000,5,0.0242564
Model1,2pop,7,1,100,10,0.0308077
Model1,2pop,7,101,200,16,0.0464487
Model1,2pop,7,201,300,11,0.0281795
Model1,2pop,7,301,400,13,0.0414615
Model1,2pop,7,401,500,10,0.0234872
Model1,2pop,7,501,600,15,0.0414744
Model1,2pop,7,601,700,11,0.0320256
Model1,2pop,7,701,800,11,0.0393974
Model1,2pop,7,801,900,10,0.0344615
Model1,2pop,7,901,1000,8,0.0252949
Model1,2pop,1,1,100,10,0.0236795
Model1,2pop,1,101,200,12,0.0287692
Model1,2pop,1,201,300,12,0.0201538
Model1,2pop,1,301,400,10,0.027141
Model1,2pop,1,401,500,13,0.0268718
Model1,2pop,1,501,600,15,0.0345513
Model1,2pop,1,601,700,12,0.0285256
Model1,2pop,1,701,800,8,0.0174744
Model1,2pop,1,801,900,10,0.0200769
Model1,2pop,1,901,1000,8,0.0115513
Model1,2pop,19,1,100,9,0.0190256
Model1,2pop,19,101,200,8,0.0144359
Model1,2pop,19,201,300,11,0.0190385
Model1,2pop,19,301,400,8,0.0144615
Model1,2pop,19,401,500,16,0.0386667
Model1,2pop,19,501,600,10,0.0155897
Model1,2pop,19,601,700,11,0.0203718
Model1,2pop,19,701,800,10,0.0229103
Model1,2pop,19,801,900,15,0.0367051
Model1,2pop,19,901,1000,12,0.0248205
Model1,2pop,8,1,100,10,0.0416154
Model1,2pop,8,101,200,6,0.0166538
Model1,2pop,8,201,300,15,0.0597179
Model1,2pop,8,301,400,12,0.0526538
Model1,2pop,8,401,500,12,0.0433846
Model1,2pop,8,501,600,15,0.0649744
Model1,2pop,8,601,700,16,0.0660897
Model1,2pop,8,701,800,7,0.0227564
Model1,2pop,8,801,900,16,0.0655
Model1,2pop,8,901,1000,9,0.0350897
Model1,2pop,10,1,100,7,0.0210641
Model1,2pop,10,101,200,10,0.0125513
Model1,2pop,10,201,300,11,0.0319487
Model1,2pop,10,301,400,11,0.0332564
Model1,2pop,10,401,500,8,0.0146667
Model1,2pop,10,501,600,7,0.0199872
Model1,2pop,10,601,700,10,0.0282564
Model1,2pop,10,701,800,12,0.037141
Model1,2pop,10,801,900,13,0.0434872
Model1,2pop,10,901,1000,7,0.0212949
Model1,2pop,3,1,100,18,0.0681667
Model1,2pop,3,101,200,16,0.0635897
Model1,2pop,3,201,300,17,0.0585513
Model1,2pop,3,301,400,21,0.0824872
Model1,2pop,3,401,500,29,0.104872
Model1,2pop,3,501,600,16,0.0603718
Model1,2pop,3,601,700,20,0.0715641
Model1,2pop,3,701,800,11,0.0358205
Model1,2pop,3,801,900,16,0.0570897
Model1,2pop,3,901,1000,20,0.0784487
Model1,2pop,19,1,100,11,0.0283846
Model1,2pop,19,101,200,12,0.0286538
Model1,2pop,19,201,300,12,0.0409744
Model1,2pop,19,301,400,10,0.0294872
Model1,2pop,19,401,500,7,0.0209231
Model1,2pop,19,501,600,4,0.0115
Model1,2pop,19,601,700,11,0.0292051
Model1,2pop,19,701,800,12,0.0300385
Model1,2pop,19,801,900,16,0.0419359
Model1,2pop,19,901,1000,12,0.0362436
Model1,2pop,16,1,100,7,0.0125513
Model1,2pop,16,101,200,2,0.00634615
Model1,2pop,16,201,300,6,0.0108333
Model1,2pop,16,301,400,2,0.00147436
Model1,2pop,16,401,500,3,0.00787179
Model1,2pop,16,501,600,5,0.00784615
Model1,2pop,16,601,700,4,0.0101282
Model1,2pop,16,701,800,5,0.00479487
Model1,2pop,16,801,900,4,0.0104359
Model1,2pop,16,901,1000,7,0.0157564
Model1,2pop,7,1,100,14,0.0414487
Model1,2pop,7,101,200,8,0.0249103
Model1,2pop,7,201,300,8,0.0222564
Model1,2pop,7,301,400,16,0.0293333
Model1,2pop,7,401,500,5,0.0125385
Model1,2pop,7,501,600,8,0.0224359
Model1,2pop,7,601,700,7,0.0243462
Model1,2pop,7,701,800,8,0.0198205
Model1,2pop,7,801,900,10,0.022641
Model1,2pop,7,901,1000,11,0.0318718
Model1,2pop,15,1,100,12,0.0250513
Model1,2pop,15,101,200,10,0.0255513
Model1,2pop,15,201,300,11,0.0338077
Model1,2pop,15,301,400,6,0.0132949
Model1,2pop,15,401,500,8,0.0225128
Model1,2pop,15,501,600,10,0.0309231
Model1,2pop,15,601,700,15,0.0464359
Model1,2pop,15,701,800,14,0.0429103
Model1,2pop,15,801,900,8,0.0273462
Model1,2pop,15,901,1000,7,0.0225897
Model1,2pop,2,1,100,11,0.0187436
Model1,2pop,2,101,200,10,0.0268462
Model1,2pop,2,201,300,12,0.0284872
Model1,2pop,2,301,400,11,0.0294103
Model1,2pop,2,401,500,8,0.0333333
Model1,2pop,2,501,600,8,0.0140769
Model1,2pop,2,601,700,5,0.00755128
Model1,2pop,2,701,800,6,0.0168077
Model1,2pop,2,801,900,7,0.0191026
Model1,2pop,2,901,1000,7,0.0195256
Model1,2pop,14,1,100,11,0.0384103
Model1,2pop,14,101,200,17,0.0672692
Model1,2pop,14,201,300,20,0.063141
Model1,2pop,14,301,400,18,0.0536795
Model1,2pop,14,401,500,18,0.0535256
Model1,2pop,14,501,600,17,0.0432564
Model1,2pop,14,601,700,17,0.0450897
Model1,2pop,14,701,800,13,0.0461154
Model1,2pop,14,801,900,8,0.0217692
Model1,2pop,14,901,1000,11,0.0392821
Model1,2pop,5,1,100,7,0.0116026
Model1,2pop,5,101,200,7,0.0123077
Model1,2pop,5,201,300,12,0.0151026
Model1,2pop,5,301,400,7,0.0159359
Model1,2pop,5,401,500,7,0.00624359
Model1,2pop,5,501,600,5,0.00965385
Model1,2pop,5,601,700,7,0.0108205
Model1,2pop,5,701,800,4,0.0137821
Model1,2pop,5,801,900,6,0.0084359
Model1,2pop,5,901,1000,3,0.00742308
Model1,2pop,15,1,100,9,0.0157179
Model1,2pop,15,101,200,4,0.00524359
Model1,2pop,15,201,300,6,0.0125641
Model1,2pop,15,301,400,5,0.00961538
Model1,2pop,15,401,500,12,0.0225385
Model1,2pop,15,501,600,6,0.00574359
Model1,2pop,15,601,700,8,0.0107949
Model1,2pop,15,701,800,6,0.00953846
Model1,2pop,15,801,900,10,0.0163333
Model1,2pop,15,901,1000,12,0.014641
Model1,2pop,8,1,100,10,0.0386154
Model1,2pop,8,101,200,10,0.0289103
Model1,2pop,8,201,300,8,0.0212308
Model1,2pop,8,301,400,6,0.0227821
Model1,2pop,8,401,500,5,0.0162821
Model1,2pop,8,501,600,6,0.00867949
Model1,2pop,8,601,700,6,0.0148333
Model1,2pop,8,701,800,7,0.0150256
Model1,2pop,8,801,900,7,0.0127692
Model1,2pop,8,901,1000,7,0.0158718
Model1,2pop,4,1,100,8,0.0295128
Model1,2pop,4,101,200,6,0.015641
Model1,2pop,4,201,300,5,0.0177949
Model1,2pop,4,301,400,5,0.00919231
Model1,2pop,4,401,500,6,0.0214103
Model1,2pop,4,501,600,7,0.00905128
Model1,2pop,4,601,700,10,0.0179872
Model1,2pop,4,701,800,8,0.0249615
Model1,2pop,4,801,900,7,0.027
Model1,2pop,4,901,1000,8,0.0214615
Model1,2pop,2,1,100,6,0.0237949
Model1,2pop,2,101,200,16,0.0536795
Model1,2pop,2,201,300,13,0.0381538
Model1,2pop,2,301,400,9,0.0314744
Model1,2pop,2,401,500,14,0.0469872
Model1,2pop,2,501,600,6,0.0162179
Model1,2pop,2,601,700,5,0.0194744
Model1,2pop,2,701,800,11,0.0259872
Model1,2pop,2,801,900,7,0.0162692
Model1,2pop,2,901,1000,8,0.0216154
Model1,2pop,11,1,100,14,0.0305641
Model1,2pop,11,101,200,9,0.015859
Model1,2pop,11,201,300,13,0.0276026
Model1,2pop,11,301,400,14,0.0291923
Model1,2pop,11,401,500,13,0.0242692
Model1,2pop,11,501,600,12,0.0242436
Model1,2pop,11,601,700,7,0.0169744
Model1,2pop,11,701,800,13,0.0277051
Model1,2pop,11,801,900,16,0.0357179
Model1,2pop,11,901,1000,13,0.0275256
Model1,2pop,11,1,100,11,0.0256923
Model1,2pop,11,101,200,6,0.0181538
Model1,2pop,11,201,300,10,0.0411923
Model1,2pop,11,301,400,6,0.0122821
Model1,2pop,11,401,500,12,0.0229487
Model1,2pop,11,501,600,10,0.0305128
Model1,2pop,11,601,700,8,0.0206538
Model1,2pop,11,701,800,10,0.0213077
Model1,2pop,11,801,900,15,0.0442179
Model1,2pop,11,901,1000,9,0.0187051
Model1,2pop,4,1,100,7,0.0137949
Model1,2pop,4,101,200,10,0.0283718
Model1,2pop,4,201,300,7,0.0235
Model1,2pop,4,301,400,5,0.0153462
Model1,2pop,4,401,500,4,0.0115385
Model1,2pop,4,501,600,4,0.00689744
Model1,2pop,4,601,700,7,0.0111154
Model1,2pop,4,701,800,5,0.0108718
Model1,2pop,4,801,900,6,0.0153077
Model1,2pop,4,901,1000,6,0.025
Model1,2pop,14,1,100,6,0.00885897
Model1,2pop,14,101,200,10,0.0393846
Model1,2pop,14,201,300,9,0.0218846
Model1,2pop,14,301,400,10,0.0327821
Model1,2pop,14,401,500,7,0.0237821
Model1,2pop,14,501,600,12,0.0150256
Model1,2pop,14,601,700,8,0.0276795
Model1,2pop,14,701,800,6,0.0223846
Model1,2pop,14,801,900,12,0.0253974
Model1,2pop,14,901,1000,8,0.0230385
Model1,2pop,0,1,100,11,0.0309103
Model1,2pop,0,101,200,6,0.0119487
Model1,2pop,0,201,300,8,0.0175641
Model1,2pop,0,301,400,4,0.00292308
Model1,2pop,0,401,500,5,0.00779487
Model1,2pop,0,501,600,4,0.00384615
Model1,2pop,0,601,700,6,0.0200128
Model1,2pop,0,701,800,5,0.00646154
Model1,2pop,0,801,900,7,0.0123846
Model1,2pop,0,901,1000,10,0.0186538
Model1,2pop,3,1,100,9,0.0238846
Model1,2pop,3,101,200,6,0.0130513
Model1,2pop,3,201,300,7,0.0120128
Model1,2pop,3,301,400,10,0.016359
Model1,2pop,3,401,500,9,0.0228462
Model1,2pop,3,501,600,8,0.0152436
Model1,2pop,3,601,700,11,0.0301923
Model1,2pop,3,701,800,7,0.0172692
Model1,2pop,3,801,900,5,0.0106154
Model1,2pop,3,901,1000,5,0.0119615
Model1,2pop,18,1,100,7,0.00948718
Model1,2pop,18,101,200,11,0.0213846
Model1,2pop,18,201,300,13,0.0253974
Model1,2pop,18,301,400,8,0.0275513
Model1,2pop,18,401,500,11,0.0414744
Model1,2pop,18,501,600,7,0.0212179
Model1,2pop,18,601,700,13,0.0188718
Model1,2pop,18,701,800,10,0.0294103
Model1,2pop,18,801,900,8,0.0226538
Model1,2pop,18,901,1000,5,0.0142436
Model1,2pop,3,1,100,11,0.0336282
Model1,2pop,3,101,200,11,0.0301282
Model1,2pop,3,201,300,16,0.0478205
Model1,2pop,3,301,400,12,0.0245256
Model1,2pop,3,401,500,15,0.0492949
Model1,2pop,3,501,600,14,0.0441538
Model1,2pop,3,601,700,14,0.0433205
Model1,2pop,3,701,800,12,0.0294744
Model1,2pop,3,801,900,8,0.0135769
Model1,2pop,3,901,1000,4,0.0115769
Model1,2pop,2,1,100,7,0.0169615
Model1,2pop,2,101,200,7,0.00732051
Model1,2pop,2,201,300,5,0.0161026
Model1,2pop,2,301,400,9,0.0231667
Model1,2pop,2,401,500,7,0.0103077
Model1,2pop,2,501,600,8,0.0153718
Model1,2pop,2,601,700,5,0.012
Model1,2pop,2,701,800,7,0.00760256
Model1,2pop,2,801,900,5,0.00841026
Model1,2pop,2,901,1000,5,0.00928205
Model1,2pop,6,1,100,8,0.0139359
Model1,2pop,6,101,200,5,0.00342308
Model1,2pop,6,201,300,12,0.0123333
Model1,2pop,6,301,400,8,0.0137949
Model1,2pop,6,401,500,9,0.0114872
Model1,2pop,6,501,600,9,0.0111282
Model1,2pop,6,601,700,5,0.0110897
Model1,2pop,6,701,800,8,0.0101795
Model1,2pop,6,801,900,8,0.0146154
Model1,2pop,6,901,1000,12,0.0169487
Model1,2pop,15,1,100,4,0.00757692
Model1,2pop,15,101,200,4,0.00835897
Model1,2pop,15,201,300,5,0.00738462
Model1,2pop,15,301,400,5,0.0146795
Model1,2pop,15,401,500,5,0.00529487
Model1,2pop,15,501,600,8,0.0137179
Model1,2pop,15,601,700,6,0.0159872
Model1,2pop,15,701,800,8,0.0130641
Model1,2pop,15,801,900,4,0.00384615
Model1,2pop,15,901,1000,1,0.0005
Model1,2pop,1,1,100,3,0.0107564
Model1,2pop,1,101,200,5,0.0106795
Model1,2pop,1,201,300,11,0.0265897
Model1,2pop,1,301,400,7,0.0168205
Model1,2pop,1,401,500,7,0.0155513
Model1,2pop,1,501,600,5,0.0131667
Model1,2pop,1,601,700,6,0.0147308
Model1,2pop,1,701,800,8,0.0166795
Model1,2pop,1,801,900,6,0.0158077
Model1,2pop,1,901,1000,10,0.0206154
Model1,2pop,4,1,100,9,0.0193846
Model1,2pop,4,101,200,10,0.0262692
Model1,2pop,4,201,300,7,0.0129231
Model1,2pop,4,301,400,10,0.0181795
Model1,2pop,4,401,500,8,0.023641
Model1,2pop,4,501,600,15,0.0442821
Model1,2pop,4,601,700,8,0.0118462
Model1,2pop,4,701,800,9,0.0206795
Model1,2pop,4,801,900,10,0.0208333
Model1,2pop,4,901,1000,17,0.0343205
Model1,2pop,12,1,100,8,0.0120641
Model1,2pop,12,101,200,10,0.0194744
Model1,2pop,12,201,300,4,0.0109103
Model1,2pop,12,301,400,5,0.0134103
Model1,2pop,12,401,500,4,0.00689744
Model1,2pop,12,501,600,4,0.00474359
Model1,2pop,12,601,700,3,0.00419231
Model1,2pop,12,701,800,3,0.00776923
Model1,2pop,12,801,900,8,0.0135128
Model1,2pop,12,901,1000,4,0.00334615
Model1,2pop,0,1,100,7,0.0202692
Model1,2pop,0,101,200,11,0.0248077
Model1,2pop,0,201,300,5,0.0113077
Model1,2pop,0,301,400,12,0.0255
Model1,2pop,0,401,500,7,0.015641
Model1,2pop,0,501,600,7,0.0129359
Model1,2pop,0,601,700,10,0.0217308
Model1,2pop,0,701,800,11,0.0275641
Model1,2pop,0,801,900,7,0.0205256
Model1,2pop,0,901,1000,7,0.0165385
Model1,2pop,5,1,100,11,0.0371026
Model1,2pop,5,101,200,10,0.0283718
Model1,2pop,5,201,300,9,0.0201538
Model1,2pop,5,301,400,14,0.0228462
Model1,2pop,5,401,500,10,0.0318974
Model1,2pop,5,501,600,8,0.0282564
Model1,2pop,5,601,700,14,0.0341026
Model1,2pop,5,701,800,8,0.0136795
Model1,2pop,5,801,900,6,0.011141
Model1,2pop,5,901,1000,15,0.0461282
Model1,2pop,0,1,100,9,0.0224744
Model1,2pop,0,101,200,5,0.0193205
Model1,2pop,0,201,300,6,0.0151538
Model1,2pop,0,301,400,10,0.0382821
Model1,2pop,0,401,500,10,0.0314359
Model1,2pop,0,501,600,12,0.0400513
Model1,2pop,0,601,700,9,0.0247179
Model1,2pop,0,701,800,6,0.0183846
Model1,2pop,0,801,900,15,0.022359
Model1,2pop,0,901,1000,6,0.0244103
Model1,2pop,17,1,100,5,0.0116154
Model1,2pop,17,101,200,7,0.020141
Model1,2pop,17,201,300,8,0.027641
Model1,2pop,17,301,400,9,0.0235
Model1,2pop,17,401,500,7,0.0206154
Model1,2pop,17,501,600,10,0.0284872
Model1,2pop,17,601,700,5,0.0103718
Model1,2pop,17,701,800,8,0.0252564
Model1,2pop,17,801,900,2,0.00916667
Model1,2pop,17,901,1000,9,0.018859
Model1,2pop,19,1,100,6,0.0191282
Model1,2pop,19,101,200,9,0.0238077
Model1,2pop,19,201,300,5,0.0160385
Model1,2pop,19,301,400,9,0.0283205
Model1,2pop,19,401,500,6,0.0257692
Model1,2pop,19,501,600,4,0.0119744
Model1,2pop,19,601,700,8,0.0220513
Model1,2pop,19,701,800,8,0.0162179
Model1,2pop,19,801,900,6,0.0138462
Model1,2pop,19,901,1000,3,0.00812821
Model1,2pop,10,1,100,9,0.0156795
Model1,2pop,10,101,200,5,0.00516667
Model1,2pop,10,201,300,9,0.0213205
Model1,2pop,10,301,400,14,0.0298974
Model1,2pop,10,401,500,9,0.0155513
Model1,2pop,10,501,600,7,0.00846154
Model1,2pop,10,601,700,8,0.0200897
Model1,2pop,10,701,800,7,0.0197308
Model1,2pop,10,801,900,10,0.0196667
Model1,2pop,10,901,1000,10,0.0219744
Model1,2pop,18,1,100,15,0.0405385
Model1,2pop,18,101,200,12,0.0211923
Model1,2pop,18,201,300,10,0.0297436
Model1,2pop,18,301,400,7,0.0206667
Model1,2pop,18,401,500,4,0.0055641
Model1,2pop,18,501,600,5,0.0100128
Model1,2pop,18,601,700,6,0.0142436
Model1,2pop,18,701,800,6,0.00994872
Model1,2pop,18,801,900,8,0.020359
Model1,2pop,18,901,1000,9,0.0277564
Model1,2pop,9,1,100,10,0.0182308
Model1,2pop,9,101,200,9,0.0301538
Model1,2pop,9,201,300,9,0.0216282
Model1,2pop,9,301,400,6,0.0191154
Model1,2pop,9,401,500,10,0.0257949
Model1,2pop,9,501,600,2,0.00346154
Model1,2pop,9,601,700,9,0.0260385
Model1,2pop,9,701,800,9,0.0277051
Model1,2pop,9,801,900,6,0.0168205
Model1,2pop,9,901,1000,6,0.0175897
Model1,2pop,16,1,100,9,0.0260128
Model1,2pop,16,101,200,8,0.0127308
Model1,2pop,16,201,300,10,0.0248205
Model1,2pop,16,301,400,11,0.0222436
Model1,2pop,16,401,500,12,0.0342436
Model1,2pop,16,501,600,8,0.0189359
Model1,2pop,16,601,700,13,0.023859
Model1,2pop,16,701,800,11,0.027
Model1,2pop,16,801,900,15,0.0307564
Model1,2pop,16,901,1000,12,0.0340769
Model1,2pop,16,1,100,12,0.0343718
Model1,2pop,16,101,200,9,0.0225
Model1,2pop,16,201,300,8,0.0210128
Model1,2pop,16,301,400,6,0.0200128
Model1,2pop,16,401,500,10,0.0282308
Model1,2pop,16,501,600,15,0.0545385
Model1,2pop,16,601,700,9,0.0298333
Model1,2pop,16,701,800,14,0.0496282
Model1,2pop,16,801,900,6,0.0263846
Model1,2pop,16,901,1000,12,0.0444744
Model1,2pop,15,1,100,14,0.0626667
Model1,2pop,15,101,200,12,0.047359
Model1,2pop,15,201,300,9,0.0347436
Model1,2pop,15,301,400,16,0.0622692
Model1,2pop,15,401,500,19,0.0522949
Model1,2pop,15,501,600,17,0.0655641
Model1,2pop,15,601,700,12,0.049
Model1,2pop,15,701,800,19,0.0702308
Model1,2pop,15,801,900,14,0.0537308
Model1,2pop,15,901,1000,11,0.0396154
Model1,2pop,9,1,100,12,0.0386154
Model1,2pop,9,101,200,19,0.0558333
Model1,2pop,9,201,300,19,0.0592564
Model1,2pop,9,301,400,20,0.0663462
Model1,2pop,9,401,500,28,0.0821667
Model1,2pop,9,501,600,21,0.0594872
Model1,2pop,9,601,700,13,0.0341923
Model1,2pop,9,701,800,15,0.0512949
Model1,2pop,9,801,900,24,0.0727436
Model1,2pop,9,901,1000,22,0.075
Model1,2pop,5,1,100,7,0.0202308
Model1,2pop,5,101,200,11,0.0202051
Model1,2pop,5,201,300,10,0.0228974
Model1,2pop,5,301,400,4,0.00626923
Model1,2pop,5,401,500,10,0.0297436
Model1,2pop,5,501,600,5,0.00966667
Model1,2pop,5,601,700,9,0.0230769
Model1,2pop,5,701,800,5,0.0137692
Model1,2pop,5,801,900,8,0.0213333
Model1,2pop,5,901,1000,9,0.0197308
Model1,2pop,18,1,100,8,0.0238077
Model1,2pop,18,101,200,7,0.0235128
Model1,2pop,18,201,300,15,0.0546795
Model1,2pop,18,301,400,15,0.0410128
Model1,2pop,18,401,500,14,0.0417308
Model1,2pop,18,501,600,10,0.0357308
Model1,2pop,18,601,700,17,0.0595
Model1,2pop,18,701,800,9,0.0248718
Model1,2pop,18,801,900,13,0.0322436
Model1,2pop,18,901,1000,13,0.0366923
Model1,2pop,14,1,100,2,0.00530769
Model1,2pop,14,101,200,8,0.0172949
Model1,2pop,14,201,300,5,0.00894872
Model1,2pop,14,301,400,5,0.00929487
Model1,2pop,14,401,500,4,0.0158462
Model1,2pop,14,501,600,2,0.00735897
Model1,2pop,14,601,700,3,0.00992308
Model1,2pop,14,701,800,5,0.0101154
Model1,2pop,14,801,900,2,0.00147436
Model1,2pop,14,901,1000,7,0.0124744
Model1,2pop,8,1,100,6,0.00885897
Model1,2pop,8,101,200,8,0.0110513
Model1,2pop,8,201,300,6,0.0137949
Model1,2pop,8,301,400,12,0.021141
Model1,2pop,8,401,500,10,0.0250641
Model1,2pop,8,501,600,9,0.0143974
Model1,2pop,8,601,700,14,0.0314872
Model1,2pop,8,701,800,9,0.0139744
Model1,2pop,8,801,900,8,0.0153462
Model1,2pop,8,901,1000,11,0.0118077
Model1,2pop,8,1,100,15,0.0405
Model1,2pop,8,101,200,16,0.0314615
Model1,2pop,8,201,300,10,0.0228462
Model1,2pop,8,301,400,13,0.0412308
Model1,2pop,8,401,500,5,0.019
Model1,2pop,8,501,600,7,0.024
Model1,2pop,8,601,700,5,0.019
Model1,2pop,8,701,800,12,0.0436538
Model1,2pop,8,801,900,10,0.0332564
Model1,2pop,8,901,1000,12,0.0394872
Model1,2pop,18,1,100,8,0.0221026
Model1,2pop,18,101,200,10,0.0220641
Model1,2pop,18,201,300,8,0.0158718
Model1,2pop,18,301,400,4,0.00815385
Model1,2pop,18,401,500,7,0.0159872
Model1,2pop,18,501,600,8,0.034
Model1,2pop,18,601,700,7,0.0179231
Model1,2pop,18,701,800,5,0.0122051
Model1,2pop,18,801,900,6,0.0173846
Model1,2pop,18,901,1000,9,0.0220128
Model1,2pop,1,1,100,14,0.0301538
Model1,2pop,1,101,200,10,0.0255385
Model1,2pop,1,201,300,14,0.0276667
Model1,2pop,1,301,400,7,0.0145513
Model1,2pop,1,401,500,12,0.0415513
Model1,2pop,1,501,600,14,0.0317436
Model1,2pop,1,601,700,12,0.0418333
Model1,2pop,1,701,800,12,0.0244103
Model1,2pop,1,801,900,16,0.0330128
Model1,2pop,1,901,1000,9,0.0221026
Model1,2pop,1,1,100,9,0.0208846
Model1,2pop,1,101,200,10,0.0286026
Model1,2pop,1,201,300,8,0.0257692
Model1,2pop,1,301,400,9,0.0208077
Model1,2pop,1,401,500,9,0.0170897
Model1,2pop,1,501,600,4,0.0112308
Model1,2pop,1,601,700,6,0.0174359
Model1,2pop,1,701,800,4,0.00776923
Model1,2pop,1,801,900,9,0.0233846
Model1,2pop,1,901,1000,9,0.0172051
Model1,2pop,14,1,100,14,0.0549615
Model1,2pop,14,101,200,11,0.0315513
Model1,2pop,14,201,300,14,0.0462436
Model1,2pop,14,301,400,22,0.0756154
Model1,2pop,14,401,500,16,0.0724231
Model1,2pop,14,501,600,12,0.0480128
Model1,2pop,14,601,700,18,0.0720513
Model1,2pop,14,701,800,20,0.0780128
Model1,2pop,14,801,900,14,0.0543462
Model1,2pop,14,901,1000,17,0.0676667
Model1,2pop,7,1,100,5,0.0124872
Model1,2pop,7,101,200,7,0.0181795
Model1,2pop,7,201,300,6,0.00911538
Model1,2pop,7,301,400,8,0.0130897
Model1,2pop,7,401,500,5,0.00662821
Model1,2pop,7,501,600,6,0.0124103
Model1,2pop,7,601,700,4,0.0049359
Model1,2pop,7,701,800,6,0.00729487
Model1,2pop,7,801,900,4,0.00294872
Model1,2pop,7,901,1000,8,0.00955128
Model1,2pop,5,1,100,10,0.0245385
Model1,2pop,5,101,200,9,0.0162692
Model1,2pop,5,201,300,10,0.0207051
Model1,2pop,5,301,400,6,0.0108462
Model1,2pop,5,401,500,11,0.0234872
Model1,2pop,5,501,600,8,0.0294103
Model1,2pop,5,601,700,6,0.0129103
Model1,2pop,5,701,800,5,0.0112692
Model1,2pop,5,801,900,8,0.0184615
Model1,2pop,5,901,1000,3,0.00532051
Model1,2pop,1,1,100,8,0.0182821
Model1,2pop,1,101,200,15,0.0394359
Model1,2pop,1,201,300,13,0.0383846
Model1,2pop,1,301,400,8,0.0210385
Model1,2pop,1,401,500,14,0.0303077
Model1,2pop,1,501,600,12,0.0291923
Model1,2pop,1,601,700,16,0.0428974
Model1,2pop,1,701,800,6,0.0156795
Model1,2pop,1,801,900,10,0.0275513
Model1,2pop,1,901,1000,17,0.0395769
Model1,2pop,1,1,100,7,0.012141
Model1,2pop,1,101,200,10,0.012
Model1,2pop,1,201,300,7,0.0138077
Model1,2pop,1,301,400,4,0.00389744
Model1,2pop,1,401,500,8,0.0209231
Model1,2pop,1,501,600,12,0.0175385
Model1,2pop,1,601,700,7,0.0145
Model1,2pop,1,701,800,5,0.0104231
Model1,2pop,1,801,900,8,0.0203205
Model1,2pop,1,901,1000,11,0.0255385
Model1,2pop,9,1,100,10,0.0285897
Model1,2pop,9,101,200,4,0.0115385
Model1,2pop,9,201,300,3,0.00648718
Model1,2pop,9,301,400,4,0.0125641
Model1,2pop,9,401,500,5,0.00915385
Model1,2pop,9,501,600,6,0.0151026
Model1,2pop,9,601,700,6,0.0142692
Model1,2pop,9,701,800,9,0.0255769
Model1,2pop,9,801,900,8,0.0249872
Model1,2pop,9,901,1000,6,0.00811538
Model1,2pop,13,1,100,19,0.0466538
Model1,2pop,13,101,200,18,0.0443846
Model1,2pop,13,201,300,15,0.0441282
Model1,2pop,13,301,400,19,0.0522692
Model1,2pop,13,401,500,14,0.0427308
Model1,2pop,13,501,600,22,0.0492564
Model1,2pop,13,601,700,22,0.0664359
Model1,2pop,13,701,800,17,0.0509359
Model1,2pop,13,801,900,14,0.0378462
Model1,2pop,13,901,1000,13,0.0410385
Model1,2pop,7,1,100,8,0.0157821
Model1,2pop,7,101,200,13,0.0311667
Model1,2pop,7,201,300,9,0.0236667
Model1,2pop,7,301,400,9,0.0207949
Model1,2pop,7,401,500,10,0.0169744
Model1,2pop,7,501,600,10,0.0297821
Model1,2pop,7,601,700,8,0.0254744
Model1,2pop,7,701,800,7,0.0235897
Model1,2pop,7,801,900,9,0.0200128
Model1,2pop,7,901,1000,7,0.0211026
Model1,2pop,8,1,100,11,0.0264359
Model1,2pop,8,101,200,6,0.0146667
Model1,2pop,8,201,300,8,0.0215
Model1,2pop,8,301,400,8,0.0257179
Model1,2pop,8,401,500,8,0.0179872
Model1,2pop,8,501,600,8,0.0155897
Model1,2pop,8,601,700,7,0.0190641
Model1,2pop,8,701,800,10,0.0257436
Model1,2pop,8,801,900,11,0.0190385
Model1,2pop,8,901,1000,13,0.0315513
Model1,2pop,13,1,100,21,0.0641154
Model1,2pop,13,101,200,12,0.0451026
Model1,2pop,13,201,300,10,0.0366795
Model1,2pop,13,301,400,13,0.0585256
Model1,2pop,13,401,500,11,0.0472564
Model1,2pop,13,501,600,13,0.0551282
Model1,2pop,13,601,700,18,0.0694103
Model1,2pop,13,701,800,20,0.0765897
Model1,2pop,13,801,900,15,0.0583077
Model1,2pop,13,901,1000,8,0.025359
Model1,2pop,3,1,100,10,0.0277436
Model1,2pop,3,101,200,9,0.0284231
Model1,2pop,3,201,300,15,0.0367949
Model1,2pop,3,301,400,14,0.0352436
Model1,2pop,3,401,500,7,0.0173974
Model1,2pop,3,501,600,20,0.0642564
Model1,2pop,3,601,700,17,0.0581538
Model1,2pop,3,701,800,11,0.0285513
Model1,2pop,3,801,900,10,0.036
Model1,2pop,3,901,1000,19,0.0565385
Model1,2pop,4,1,100,12,0.0321282
Model1,2pop,4,101,200,12,0.0315641
Model1,2pop,4,201,300,9,0.0250128
Model1,2pop,4,301,400,15,0.0432692
Model1,2pop,4,401,500,11,0.0331154
Model1,2pop,4,501,600,5,0.0105769
Model1,2pop,4,601,700,11,0.0357564
Model1,2pop,4,701,800,8,0.0141795
Model1,2pop,4,801,900,10,0.0306923
Model1,2pop,4,901,1000,10,0.0260513
Model1,2pop,3,1,100,7,0.0172308
Model1,2pop,3,101,200,14,0.0451538
Model1,2pop,3,201,300,4,0.0089359
Model1,2pop,3,301,400,9,0.0200385
Model1,2pop,3,401,500,5,0.00739744
Model1,2pop,3,501,600,16,0.045641
Model1,2pop,3,601,700,8,0.00978205
Model1,2pop,3,701,800,10,0.0276282
Model1,2pop,3,801,900,11,0.0389615
Model1,2pop,3,901,1000,14,0.0392949
Model1,2pop,14,1,100,12,0.0323462
Model1,2pop,14,101,200,3,0.00428205
Model1,2pop,14,201,300,10,0.0243718
Model1,2pop,14,301,400,15,0.0402692
Model1,2pop,14,401,500,17,0.0475
Model1,2pop,14,501,600,18,0.0531282
Model1,2pop,14,601,700,11,0.0247949
Model1,2pop,14,701,800,7,0.0190513
Model1,2pop,14,801,900,3,0.00610256
Model1,2pop,14,901,1000,10,0.0232821
Model1,2pop,1,1,100,11,0.0147179
Model1,2pop,1,101,200,9,0.0129615
Model1,2pop,1,201,300,5,0.00733333
Model1,2pop,1,301,400,11,0.0178462
Model1,2pop,1,401,500,9,0.0183718
Model1,2pop,1,501,600,10,0.0133205
Model1,2pop,1,601,700,9,0.0127949
Model1,2pop,1,701,800,12,0.0194359
Model1,2pop,1,801,900,13,0.025141
Model1,2pop,1,901,1000,12,0.0222949
Model1,2pop,6,1,100,7,0.0109231
Model1,2pop,6,101,200,9,0.0178462
Model1,2pop,6,201,300,7,0.013
Model1,2pop,6,301,400,8,0.0159744
Model1,2pop,6,401,500,6,0.00866667
Model1,2pop,6,501,600,13,0.0266154
Model1,2pop,6,601,700,10,0.0188846
Model1,2pop,6,701,800,15,0.0334103
Model1,2pop,6,801,900,7,0.013359
Model1,2pop,6,901,1000,7,0.0228974
Model1,2pop,18,1,100,13,0.0168462
Model1,2pop,18,101,200,8,0.0120769
Model1,2pop,18,201,300,18,0.0183077
Model1,2pop,18,301,400,11,0.0153462
Model1,2pop,18,401,500,11,0.0104615
Model1,2pop,18,501,600,6,0.00674359
Model1,2pop,18,601,700,12,0.0142564
Model1,2pop,18,701,800,9,0.00876923
Model1,2pop,18,801,900,13,0.0209872
Model1,2pop,18,901,1000,10,0.00879487
Model1,2pop,11,1,100,10,0.0259359
Model1,2pop,11,101,200,9,0.0310897
Model1,2pop,11,201,300,10,0.0233718
Model1,2pop,11,301,400,9,0.0237308
Model1,2pop,11,401,500,9,0.0226923
Model1,2pop,11,501,600,8,0.017359
Model1,2pop,11,601,700,10,0.037141
Model1,2pop,11,701,800,10,0.0355897
Model1,2pop,11,801,900,8,0.0288462
Model1,2pop,11,901,1000,13,0.0408077
Model1,2pop,13,1,100,11,0.0265385
Model1,2pop,13,101,200,13,0.0325385
Model1,2pop,13,201,300,2,0.00147436
Model1,2pop,13,301,400,3,0.0070641
Model1,2pop,13,401,500,4,0.0110641
Model1,2pop,13,501,600,11,0.0258846
Model1,2pop,13,601,700,5,0.00815385
Model1,2pop,13,701,800,11,0.0212051
Model1,2pop,13,801,900,6,0.00817949
Model1,2pop,13,901,1000,5,0.0102179
Model1,2pop,5,1,100,2,0.00234615
Model1,2pop,5,101,200,4,0.00387179
Model1,2pop,5,201,300,3,0.00380769
Model1,2pop,5,301,400,10,0.0134231
Model1,2pop,5,401,500,10,0.0106795
Model1,2pop,5,501,600,2,0.001
Model1,2pop,5,601,700,3,0.00289744
Model1,2pop,5,701,800,4,0.002
Model1,2pop,5,801,900,6,0.00487179
Model1,2pop,5,901,1000,7,0.0171667
Model1,2pop,2,1,100,9,0.0324872
Model1,2pop,2,101,200,7,0.0094359
Model1,2pop,2,201,300,9,0.0245769
Model1,2pop,2,301,400,11,0.0271282
Model1,2pop,2,401,500,5,0.0186026
Model1,2pop,2,501,600,9,0.0324872
Model1,2pop,2,601,700,6,0.0162692
Model1,2pop,2,701,800,9,0.0223077
Model1,2pop,2,801,900,10,0.0387564
Model1,2pop,2,901,1000,3,0.0107308
Model1,2pop,5,1,100,8,0.0316667
Model1,2pop,5,101,200,9,0.0352179
Model1,2pop,5,201,300,9,0.0246795
Model1,2pop,5,301,400,10,0.0207179
Model1,2pop,5,401,500,7,0.0224487
Model1,2pop,5,501,600,10,0.0371795
Model1,2pop,5,601,700,11,0.0207436
Model1,2pop,5,701,800,11,0.0295513
Model1,2pop,5,801,900,12,0.0477821
Model1,2pop,5,901,1000,13,0.0476154
Model1,2pop,9,1,100,6,0.0079359
Model1,2pop,9,101,200,9,0.0112564
Model1,2pop,9,201,300,7,0.00711538
Model1,2pop,9,301,400,8,0.0139872
Model1,2pop,9,401,500,6,0.00712821
Model1,2pop,9,501,600,5,0.0100897
Model1,2pop,9,601,700,5,0.00765385
Model1,2pop,9,701,800,9,0.0102821
Model1,2pop,9,801,900,4,0.00891026
Model1,2pop,9,901,1000,7,0.0111282
Model1,2pop,11,1,100,4,0.00817949
Model1,2pop,11,101,200,9,0.0120641
Model1,2pop,11,201,300,6,0.0103205
Model1,2pop,11,301,400,7,0.0106026
Model1,2pop,11,401,500,8,0.0146538
Model1,2pop,11,501,600,4,0.00633333
Model1,2pop,11,601,700,2,0.00448718
Model1,2pop,11,701,800,9,0.0106795
Model1,2pop,11,801,900,5,0.0110641
Model1,2pop,11,901,1000,9,0.0112564
Model1,2pop,8,1,100,9,0.0171026
Model1,2pop,8,101,200,9,0.0341538
Model1,2pop,8,201,300,4,0.0127692
Model1,2pop,8,301,400,9,0.0289615
Model1,2pop,8,401,500,10,0.0298333
Model1,2pop,8,501,600,7,0.0223718
Model1,2pop,8,601,700,8,0.014359
Model1,2pop,8,701,800,8,0.0246154
Model1,2pop,8,801,900,11,0.0237949
Model1,2pop,8,901,1000,6,0.0115385
Model1,2pop,8,1,100,12,0.0402692
Model1,2pop,8,101,200,3,0.0100128
Model1,2pop,8,201,300,7,0.0140256
Model1,2pop,8,301,400,12,0.0291538
Model1,2pop,8,401,500,12,0.0354231
Model1,2pop,8,501,600,10,0.033359
Model1,2pop,8,601,700,11,0.0218974
Model1,2pop,8,701,800,11,0.0246667
Model1,2pop,8,801,900,9,0.0252564
Model1,2pop,8,901,1000,5,0.0074359
Model1,2pop,10,1,100,13,0.0251026
Model1,2pop,10,101,200,12,0.0276923
Model1,2pop,10,201,300,12,0.0391538
Model1,2pop,10,301,400,8,0.0268205
Model1,2pop,10,401,500,11,0.0443974
Model1,2pop,10,501,600,14,0.0401026
Model1,2pop,10,601,700,11,0.019859
Model1,2pop,10,701,800,13,0.0299231
Model1,2pop,10,801,900,5,0.0134103
Model1,2pop,10,901,1000,12,0.0280128
Model1,2pop,1,1,100,7,0.0216667
Model1,2pop,1,101,200,8,0.0266538
Model1,2pop,1,201,300,7,0.0216667
Model1,2pop,1,301,400,8,0.0126026
Model1,2pop,1,401,500,8,0.0160256
Model1,2pop,1,501,600,7,0.025859
Model1,2pop,1,601,700,12,0.0206538
Model1,2pop,1,701,800,7,0.0203974
Model1,2pop,1,801,900,9,0.0289615
Model1,2pop,1,901,1000,8,0.0216154
Model1,2pop,5,1,100,13,0.0467179
Model1,2pop,5,101,200,12,0.0426154
Model1,2pop,5,201,300,8,0.0288333
Model1,2pop,5,301,400,7,0.0253205
Model1,2pop,5,401,500,13,0.0427692
Model1,2pop,5,501,600,9,0.0195128
Model1,2pop,5,601,700,8,0.0198462
Model1,2pop,5,701,800,10,0.0238205
Model1,2pop,5,801,900,11,0.0318718
Model1,2pop,5,901,1000,8,0.0267821
Model1,2pop,15,1,100,20,0.0784231
Model1,2pop,15,101,200,18,0.0592179
Model1,2pop,15,201,300,21,0.0742436
Model1,2pop,15,301,400,11,0.0429103
Model1,2pop,15,401,500,11,0.0350641
Model1,2pop,15,501,600,19,0.0649231
Model1,2pop,15,601,700,14,0.0525897
Model1,2pop,15,701,800,12,0.0434615
Model1,2pop,15,801,900,17,0.0648333
Model1,2pop,15,901,1000,20,0.0614359
Model1,2pop,0,1,100,7,0.0146154
Model1,2pop,0,101,200,10,0.0257564
Model1,2pop,0,201,300,11,0.0279103
Model1,2pop,0,301,400,10,0.0334615
Model1,2pop,0,401,500,7,0.0114615
Model1,2pop,0,501,600,12,0.0362692
Model1,2pop,0,601,700,9,0.0181795
Model1,2pop,0,701,800,7,0.016141
Model1,2pop,0,801,900,11,0.0219615
Model1,2pop,0,901,1000,11,0.028359
Model1,2pop,12,1,100,14,0.043
Model1,2pop,12,101,200,16,0.0560385
Model1,2pop,12,201,300,13,0.0420769
Model1,2pop,12,301,400,13,0.0476795
Model1,2pop,12,401,500,12,0.0412051
Model1,2pop,12,501,600,20,0.0621154
Model1,2pop,12,601,700,15,0.054359
Model1,2pop,12,701,800,11,0.0426282
Model1,2pop,12,801,900,11,0.0260385
Model1,2pop,12,901,1000,15,0.0501154
Model1,2pop,12,1,100,8,0.0235128
Model1,2pop,12,101,200,11,0.0338462
Model1,2pop,12,201,300,7,0.0305128
Model1,2pop,12,301,400,6,0.0108846
Model1,2pop,12,401,500,3,0.00814103
Model1,2pop,12,501,600,8,0.0117564
Model1,2pop,12,601,700,8,0.0151538
Model1,2pop,12,701,800,7,0.0127308
Model1,2pop,12,801,900,8,0.0176154
Model1,2pop,12,901,1000,3,0.00819231
Model1,2pop,9,1,100,8,0.0177692
Model1,2pop,9,101,200,9,0.0315
Model1,2pop,9,201,300,8,0.0227692
Model1,2pop,9,301,400,10,0.0237564
Model1,2pop,9,401,500,8,0.0121923
Model1,2pop,9,501,600,5,0.0132051
Model1,2pop,9,601,700,7,0.0197564
Model1,2pop,9,701,800,6,0.0146154
Model1,2pop,9,801,900,6,0.0162308
Model1,2pop,9,901,1000,9,0.017859
Model1,2pop,13,1,100,5,0.0122051
Model1,2pop,13,101,200,5,0.0111538
Model1,2pop,13,201,300,1,0.0005
Model1,2pop,13,301,400,6,0.0194615
Model1,2pop,13,401,500,2,0.00147436
Model1,2pop,13,501,600,4,0.00673077
Model1,2pop,13,601,700,8,0.0139103
Model1,2pop,13,701,800,8,0.0267821
Model1,2pop,13,801,900,7,0.0128205
Model1,2pop,13,901,1000,6,0.0127949
Model1,2pop,17,1,100,9,0.0171667
Model1,2pop,17,101,200,12,0.0143974
Model1,2pop,17,201,300,8,0.0196282
Model1,2pop,17,301,400,13,0.0347308
Model1,2pop,17,401,500,8,0.0153205
Model1,2pop,17,501,600,14,0.0317692
Model1,2pop,17,601,700,13,0.0343974
Model1,2pop,17,701,800,12,0.0321154
Model1,2pop,17,801,900,10,0.0233846
Model1,2pop,17,901,1000,12,0.015641
Model1,2pop,17,1,100,6,0.0189231
Model1,2pop,17,101,200,11,0.0352564
Model1,2pop,17,201,300,6,0.0184359
Model1,2pop,17,301,400,6,0.0101026
Model1,2pop,17,401,500,9,0.0254872
Model1,2pop,17,501,600,6,0.00944872
Model1,2pop,17,601,700,7,0.0210897
Model1,2pop,17,701,800,11,0.0320128
Model1,2pop,17,801,900,9,0.0228846
Model1,2pop,17,901,1000,9,0.0249103
Model1,2pop,5,1,100,5,0.00564103
Model1,2pop,5,101,200,7,0.00587179
Model1,2pop,5,201,300,5,0.00564103
Model1,2pop,5,301,400,8,0.0178974
Model1,2pop,5,401,500,6,0.00748718
Model1,2pop,5,501,600,9,0.0112051
Model1,2pop,5,601,700,6,0.00614103
Model1,2pop,5,701,800,10,0.0187051
Model1,2pop,5,801,900,9,0.0102308
Model1,2pop,5,901,1000,10,0.0210641
Model1,2pop,5,1,100,11,0.0386154
Model1,2pop,5,101,200,11,0.0383462
Model1,2pop,5,201,300,22,0.0966026
Model1,2pop,5,301,400,11,0.0452949
Model1,2pop,5,401,500,13,0.0324872
Model1,2pop,5,501,600,12,0.0446667
Model1,2pop,5,601,700,10,0.0425128
Model1,2pop,5,701,800,14,0.0550256
Model1,2pop,5,801,900,13,0.0379103
Model1,2pop,5,901,1000,17,0.0659103
Model1,2pop,15,1,100,14,0.0347308
Model1,2pop,15,101,200,14,0.0413205
Model1,2pop,15,201,300,12,0.0315256
Model1,2pop,15,301,400,14,0.0294359
Model1,2pop,15,401,500,11,0.0245385
Model1,2pop,15,501,600,12,0.0258077
Model1,2pop,15,601,700,10,0.029141
Model1,2pop,15,701,800,14,0.033141
Model1,2pop,15,801,900,11,0.0264359
Model1,2pop,15,901,1000,10,0.0241282
Model1,2pop,6,1,100,9,0.0237821
Model1,2pop,6,101,200,6,0.0230385
Model1,2pop,6,201,300,9,0.0232436
Model1,2pop,6,301,400,6,0.0162692
Model1,2pop,6,401,500,11,0.0364231
Model1,2pop,6,501,600,6,0.0158462
Model1,2pop,6,601,700,8,0.0277692
Model1,2pop,6,701,800,7,0.0190897
Model1,2pop,6,801,900,4,0.011359
Model1,2pop,6,901,1000,9,0.0178462
Model1,2pop,10,1,100,5,0.0118205
Model1,2pop,10,101,200,8,0.0172179
Model1,2pop,10,201,300,7,0.0137949
Model1,2pop,10,301,400,13,0.0401667
Model1,2pop,10,401,500,10,0.025359
Model1,2pop,10,501,600,11,0.0317051
Model1,2pop,10,601,700,7,0.0137436
Model1,2pop,10,701,800,12,0.0420897
Model1,2pop,10,801,900,8,0.0244744
Model1,2pop,10,901,1000,7,0.0194744
Model1,2pop,8,1,100,3,0.00376923
Model1,2pop,8,101,200,6,0.0180769
Model1,2pop,8,201,300,5,0.0135769
Model1,2pop,8,301,400,4,0.00907692
Model1,2pop,8,401,500,3,0.0135
Model1,2pop,8,501,600,9,0.0317051
Model1,2pop,8,601,700,7,0.0179359
Model1,2pop,8,701,800,6,0.0214359
Model1,2pop,8,801,900,3,0.00684615
Model1,2pop,8,901,1000,7,0.0194744
Model1,2pop,3,1,100,6,0.00733333
Model1,2pop,3,101,200,2,0.00147436
Model1,2pop,3,201,300,5,0.00692308
Model1,2pop,3,301,400,6,0.00997436
Model1,2pop,3,401,500,5,0.010359
Model1,2pop,3,501,600,5,0.00432051
Model1,2pop,3,601,700,2,0.00634615
Model1,2pop,3,701,800,5,0.0135128
Model1,2pop,3,801,900,3,0.0105385
Model1,2pop,3,901,1000,4,0.0127051
Model1,2pop,11,1,100,7,0.00966667
Model1,2pop,11,101,200,2,0.00470513
Model1,2pop,11,201,300,8,0.0309359
Model1,2pop,11,301,400,11,0.0334872
Model1,2pop,11,401,500,5,0.0166923
Model1,2pop,11,501,600,4,0.0161923
Model1,2pop,11,601,700,7,0.0117821
Model1,2pop,11,701,800,5,0.0157692
Model1,2pop,11,801,900,8,0.020859
Model1,2pop,11,901,1000,5,0.0102692
Model1,2pop,11,1,100,11,0.0405
Model1,2pop,11,101,200,18,0.054
Model1,2pop,11,201,300,11,0.0393718
Model1,2pop,11,301,400,13,0.0407436
Model1,2pop,11,401,500,13,0.0435897
Model1,2pop,11,501,600,11,0.040359
Model1,2pop,11,601,700,12,0.0494359
Model1,2pop,11,701,800,10,0.0460513
Model1,2pop,11,801,900,10,0.0238974
Model1,2pop,11,901,1000,8,0.0317179
Model1,2pop,12,1,100,6,0.0158846
Model1,2pop,12,101,200,7,0.0191795
Model1,2pop,12,201,300,5,0.0143077
Model1,2pop,12,301,400,7,0.0187564
Model1,2pop,12,401,500,4,0.00746154
Model1,2pop,12,501,600,8,0.0225
Model1,2pop,12,601,700,9,0.0335897
Model1,2pop,12,701,800,11,0.0315128
Model1,2pop,12,801,900,9,0.0254615
Model1,2pop,12,901,1000,16,0.0517051
Model1,2pop,17,1,100,4,0.0108205
Model1,2pop,17,101,200,9,0.0233462
Model1,2pop,17,201,300,10,0.0252051
Model1,2pop,17,301,400,9,0.0259487
Model1,2pop,17,401,500,8,0.0164103
Model1,2pop,17,501,600,7,0.0216154
Model1,2pop,17,601,700,10,0.0324615
Model1,2pop,17,701,800,15,0.0446923
Model1,2pop,17,801,900,10,0.0301795
Model1,2pop,17,901,1000,13,0.0344744
Model1,2pop,1,1,100,11,0.0330769
Model1,2pop,1,101,200,12,0.0230513
Model1,2pop,1,201,300,9,0.0228205
Model1,2pop,1,301,400,15,0.0503077
Model1,2pop,1,401,500,14,0.0369359
Model1,2pop,1,501,600,12,0.0359615
Model1,2pop,1,601,700,3,0.00732051
Model1,2pop,1,701,800,7,0.0155385
Model1,2pop,1,801,900,6,0.0219744
Model1,2pop,1,901,1000,7,0.0245385
Model1,2pop,5,1,100,7,0.0154615
Model1,2pop,5,101,200,6,0.0193462
Model1,2pop,5,201,300,10,0.0187949
Model1,2pop,5,301,400,15,0.0297949
Model1,2pop,5,401,500,9,0.022141
Model1,2pop,5,501,600,9,0.0229359
Model1,2pop,5,601,700,10,0.0308974
Model1,2pop,5,701,800,3,0.00573077
Model1,2pop,5,801,900,7,0.0155513
Model1,2pop,5,901,1000,6,0.0145128
Model1,2pop,17,1,100,8,0.013859
Model1,2pop,17,101,200,7,0.0179744
Model1,2pop,17,201,300,9,0.0177436
Model1,2pop,17,301,400,8,0.0180256
Model1,2pop,17,401,500,5,0.00653846
Model1,2pop,17,501,600,3,0.00361538
Model1,2pop,17,601,700,3,0.00860256
Model1,2pop,17,701,800,9,0.0223846
Model1,2pop,17,801,900,3,0.00332051
Model1,2pop,17,901,1000,2,0.00608974
Model1,2pop,3,1,100,8,0.0193333
Model1,2pop,3,101,200,10,0.0205897
Model1,2pop,3,201,300,10,0.0286923
Model1,2pop,3,301,400,7,0.0190641
Model1,2pop,3,401,500,10,0.0323077
Model1,2pop,3,501,600,5,0.0129615
Model1,2pop,3,601,700,6,0.016859
Model1,2pop,3,701,800,6,0.0192949
Model1,2pop,3,801,900,6,0.0187436
Model1,2pop,3,901,1000,7,0.015359
Model1,2pop,2,1,100,14,0.05
Model1,2pop,2,101,200,14,0.0417051
Model1,2pop,2,201,300,21,0.0902179
Model1,2pop,2,301,400,14,0.0545769
Model1,2pop,2,401,500,15,0.0560128
Model1,2pop,2,501,600,9,0.0415897
Model1,2pop,2,601,700,15,0.0502179
Model1,2pop,2,701,800,13,0.0579359
Model1,2pop,2,801,900,22,0.0944231
Model1,2pop,2,901,1000,19,0.086859
Model1,2pop,19,1,100,12,0.0186154
Model1,2pop,19,101,200,13,0.0306282
Model1,2pop,19,201,300,8,0.0147564
Model1,2pop,19,301,400,12,0.0253077
Model1,2pop,19,401,500,9,0.0248077
Model1,2pop,19,501,600,12,0.0261282
Model1,2pop,19,601,700,9,0.0171154
Model1,2pop,19,701,800,12,0.0237436
Model1,2pop,19,801,900,10,0.0166026
Model1,2pop,19,901,1000,19,0.0489872
Model1,2pop,10,1,100,16,0.0450256
Model1,2pop,10,101,200,12,0.0305769
Model1,2pop,10,201,300,10,0.0232949
Model1,2pop,10,301,400,8,0.0287949
Model1,2pop,10,401,500,5,0.0106538
Model1,2pop,10,501,600,6,0.0198462
Model1,2pop,10,601,700,10,0.0254615
Model1,2pop,10,701,800,10,0.0294231
Model1,2pop,10,801,900,11,0.0327308
Model1,2pop,10,901,1000,14,0.0371282
Model1,2pop,13,1,100,18,0.0805
Model1,2pop,13,101,200,12,0.0499744
Model1,2pop,13,201,300,4,0.0155385
Model1,2pop,13,301,400,12,0.0526282
Model1,2pop,13,401,500,10,0.0385385
Model1,2pop,13,501,600,5,0.0251667
Model1,2pop,13,601,700,9,0.0394359
Model1,2pop,13,701,800,10,0.0370641
Model1,2pop,13,801,900,5,0.0198462
Model1,2pop,13,901,1000,8,0.04
Model1,2pop,4,1,100,10,0.0280897
Model1,2pop,4,101,200,15,0.0338462
Model1,2pop,4,201,300,6,0.00880769
Model1,2pop,4,301,400,17,0.0306923
Model1,2pop,4,401,500,14,0.0232051
Model1,2pop,4,501,600,18,0.0295513
Model1,2pop,4,601,700,14,0.0240769
Model1,2pop,4,701,800,8,0.0168462
Model1,2pop,4,801,900,17,0.0270256
Model1,2pop,4,901,1000,22,0.0463846
Model1,2pop,2,1,100,10,0.0163462
Model1,2pop,2,101,200,12,0.0232051
Model1,2pop,2,201,300,11,0.0143462
Model1,2pop,2,301,400,12,0.0196667
Model1,2pop,2,401,500,8,0.0216923
Model1,2pop,2,501,600,12,0.0219231
Model1,2pop,2,601,700,6,0.0140128
Model1,2pop,2,701,800,13,0.0309103
Model1,2pop,2,801,900,9,0.0218205
Model1,2pop,2,901,1000,11,0.0272051
Model1,2pop,19,1,100,5,0.00891026
Model1,2pop,19,101,200,9,0.0272949
Model1,2pop,19,201,300,4,0.0069359
Model1,2pop,19,301,400,7,0.0251538
Model1,2pop,19,401,500,3,0.0129872
Model1,2pop,19,501,600,7,0.0143846
Model1,2pop,19,601,700,5,0.0119615
Model1,2pop,19,701,800,9,0.0254103
Model1,2pop,19,801,900,5,0.0186026
Model1,2pop,19,901,1000,2,0.00458974
Model1,2pop,15,1,100,7,0.0241795
Model1,2pop,15,101,200,10,0.0426026
Model1,2pop,15,201,300,14,0.0428974
Model1,2pop,15,301,400,8,0.0210641
Model1,2pop,15,401,500,12,0.0299487
Model1,2pop,15,501,600,11,0.0356923
Model1,2pop,15,601,700,8,0.0223333
Model1,2pop,15,701,800,12,0.0281795
Model1,2pop,15,801,900,6,0.014141
Model1,2pop,15,901,1000,7,0.0185128
Model1,2pop,10,1,100,7,0.0181795
Model1,2pop,10,101,200,12,0.0283333
Model1,2pop,10,201,300,7,0.0222821
Model1,2pop,10,301,400,2,0.00608974
Model1,2pop,10,401,500,10,0.0257821
Model1,2pop,10,501,600,10,0.0142821
Model1,2pop,10,601,700,6,0.0112821
Model1,2pop,10,701,800,8,0.0143205
Model1,2pop,10,801,900,6,0.0176795
Model1,2pop,10,901,1000,3,0.00966667
Model1,2pop,17,1,100,7,0.0148846
Model1,2pop,17,101,200,12,0.0305385
Model1,2pop,17,201,300,10,0.0289359
Model1,2pop,17,301,400,11,0.0220641
Model1,2pop,17,401,500,9,0.0189872
Model1,2pop,17,501,600,15,0.0329359
Model1,2pop,17,601,700,10,0.0262692
Model1,2pop,17,701,800,11,0.0251795
Model1,2pop,17,801,900,9,0.0154615
Model1,2pop,17,901,1000,8,0.0177949
Model1,2pop,0,1,100,7,0.0175897
Model1,2pop,0,101,200,2,0.001
Model1,2pop,0,201,300,4,0.00294872
Model1,2pop,0,301,400,5,0.00751282
Model1,2pop,0,401,500,4,0.00728205
Model1,2pop,0,501,600,4,0.00716667
Model1,2pop,0,601,700,7,0.0123077
Model1,2pop,0,701,800,5,0.00957692
Model1,2pop,0,801,900,3,0.00289744
Model1,2pop,0,901,1000,2,0.00147436
Model1,2pop,12,1,100,11,0.0341923
Model1,2pop,12,101,200,8,0.0271538
Model1,2pop,12,201,300,6,0.0161538
Model1,2pop,12,301,400,8,0.0234615
Model1,2pop,12,401,500,12,0.0372179
Model1,2pop,12,501,600,10,0.0269615
Model1,2pop,12,601,700,6,0.0194103
Model1,2pop,12,701,800,8,0.0169231
Model1,2pop,12,801,900,8,0.0207051
Model1,2pop,12,901,1000,8,0.0261795
Model1,2pop,9,1,100,4,0.00725641
Model1,2pop,9,101,200,9,0.0201026
Model1,2pop,9,201,300,15,0.0425385
Model1,2pop,9,301,400,9,0.0150128
Model1,2pop,9,401,500,5,0.0111667
Model1,2pop,9,501,600,10,0.0164231
Model1,2pop,9,601,700,10,0.0224615
Model1,2pop,9,701,800,5,0.0119744
Model1,2pop,9,801,900,8,0.0185897
Model1,2pop,9,901,1000,5,0.0130513
Model1,2pop,6,1,100,11,0.0263462
Model1,2pop,6,101,200,10,0.0257821
Model1,2pop,6,201,300,8,0.0167821
Model1,2pop,6,301,400,14,0.0407436
Model1,2pop,6,401,500,11,0.0315897
Model1,2pop,6,501,600,13,0.0332051
Model1,2pop,6,601,700,12,0.0298974
Model1,2pop,6,701,800,9,0.0218974
Model1,2pop,6,801,900,13,0.0348077
Model1,2pop,6,901,1000,14,0.034359
Model1,2pop,7,1,100,3,0.00580769
Model1,2pop,7,101,200,7,0.00939744
Model1,2pop,7,201,300,8,0.0135
Model1,2pop,7,301,400,4,0.00507692
Model1,2pop,7,401,500,4,0.00374359
Model1,2pop,7,501,600,7,0.0187179
Model1,2pop,7,601,700,7,0.00812821
Model1,2pop,7,701,800,5,0.00616667
Model1,2pop,7,801,900,5,0.00973077
Model1,2pop,7,901,1000,11,0.0260897
Model1,2pop,2,1,100,8,0.0213974
Model1,2pop,2,101,200,7,0.0237692
Model1,2pop,2,201,300,13,0.0529487
Model1,2pop,2,301,400,7,0.0219744
Model1,2pop,2,401,500,8,0.0220128
Model1,2pop,2,501,600,8,0.0266667
Model1,2pop,2,601,700,11,0.0331026
Model1,2pop,2,701,800,4,0.00478205
Model1,2pop,2,801,900,6,0.0177179
Model1,2pop,2,901,1000,7,0.0256795
Model1,2pop,0,1,100,7,0.0134872
Model1,2pop,0,101,200,5,0.0133846
Model1,2pop,0,201,300,3,0.00324359
Model1,2pop,0,301,400,8,0.0174359
Model1,2pop,0,401,500,8,0.0220897
Model1,2pop,0,501,600,8,0.0208333
Model1,2pop,0,601,700,6,0.0147179
Model1,2pop,0,701,800,10,0.0245385
Model1,2pop,0,801,900,6,0.0122179
Model1,2pop,0,901,1000,11,0.024859
Model1,2pop,11,1,100,6,0.0188205
Model1,2pop,11,101,200,7,0.0177821
Model1,2pop,11,201,300,11,0.0369872
Model1,2pop,11,301,400,5,0.015859
Model1,2pop,11,401,500,10,0.0289487
Model1,2pop,11,501,600,8,0.0200256
Model1,2pop,11,601,700,5,0.00875641
Model1,2pop,11,701,800,10,0.0318077
Model1,2pop,11,801,900,12,0.0141154
Model1,2pop,11,901,1000,6,0.0114103
Model1,2pop,10,1,100,6,0.0113718
Model1,2pop,10,101,200,8,0.0228333
Model1,2pop,10,201,300,9,0.017359
Model1,2pop,10,301,400,7,0.0235769
Model1,2pop,10,401,500,14,0.0462692
Model1,2pop,10,501,600,13,0.0452179
Model1,2pop,10,601,700,12,0.00973077
Model1,2pop,10,701,800,12,0.0225769
Model1,2pop,10,801,900,7,0.0150897
Model1,2pop,10,901,1000,7,0.0095
Model1,2pop,14,1,100,9,0.0303077
Model1,2pop,14,101,200,17,0.0482564
Model1,2pop,14,201,300,9,0.0277949
Model1,2pop,14,301,400,12,0.0328846
Model1,2pop,14,401,500,13,0.0398974
Model1,2pop,14,501,600,5,0.0135513
Model1,2pop,14,601,700,11,0.0342436
Model1,2pop,14,701,800,9,0.0275
Model1,2pop,14,801,900,5,0.0144615
Model1,2pop,14,901,1000,5,0.0174359
Model1,2pop,18,1,100,5,0.00762821
Model1,2pop,18,101,200,3,0.00523077
Model1,2pop,18,201,300,8,0.0193718
Model1,2pop,18,301,400,3,0.00382051
Model1,2pop,18,401,500,8,0.0232179
Model1,2pop,18,501,600,5,0.0107051
Model1,2pop,18,601,700,8,0.0166923
Model1,2pop,18,701,800,7,0.015141
Model1,2pop,18,801,900,12,0.0285
Model1,2pop,18,901,1000,8,0.0204744
Model1,2pop,2,1,100,20,0.0608205
Model1,2pop,2,101,200,10,0.0270385
Model1,2pop,2,201,300,10,0.0359487
Model1,2pop,2,301,400,11,0.0386282
Model1,2pop,2,401,500,16,0.0575769
Model1,2pop,2,501,600,14,0.035359
Model1,2pop,2,601,700,10,0.0228205
Model1,2pop,2,701,800,10,0.0224487
Model1,2pop,2,801,900,14,0.0568077
Model1,2pop,2,901,1000,7,0.0272179
Model1,2pop,9,1,100,9,0.0223718
Model1,2pop,9,101,200,4,0.0130897
Model1,2pop,9,201,300,3,0.0104487
Model1,2pop,9,301,400,5,0.0157179
Model1,2pop,9,401,500,6,0.0188974
Model1,2pop,9,501,600,6,0.0113205
Model1,2pop,9,601,700,4,0.00860256
Model1,2pop,9,701,800,6,0.0219359
Model1,2pop,9,801,900,5,0.00297436
Model1,2pop,9,901,1000,12,0.0243846
Model1,2pop,13,1,100,7,0.0149231
Model1,2pop,13,101,200,10,0.0319615
Model1,2pop,13,201,300,7,0.0172692
Model1,2pop,13,301,400,3,0.00426923
Model1,2pop,13,401,500,8,0.0193462
Model1,2pop,13,501,600,10,0.0301282
Model1,2pop,13,601,700,5,0.00923077
Model1,2pop,13,701,800,11,0.0206154
Model1,2pop,13,801,900,7,0.0147692
Model1,2pop,13,901,1000,10,0.0322821
Model1,2pop,10,1,100,8,0.00987179
Model1,2pop,10,101,200,12,0.0235769
Model1,2pop,10,201,300,6,0.0165385
Model1,2pop,10,301,400,9,0.0165
Model1,2pop,10,401,500,8,0.0124615
Model1,2pop,10,501,600,9,0.0164744
Model1,2pop,10,601,700,11,0.0222308
Model1,2pop,10,701,800,7,0.0197179
Model1,2pop,10,801,900,6,0.017859
Model1,2pop,10,901,1000,13,0.0317308
Model1,2pop,11,1,100,8,0.0175128
Model1,2pop,11,101,200,10,0.0300256
Model1,2pop,11,201,300,11,0.0336538
Model1,2pop,11,301,400,14,0.040141
Model1,2pop,11,401,500,10,0.0404103
Model1,2pop,11,501,600,6,0.0167564
Model1,2pop,11,601,700,6,0.0183462
Model1,2pop,11,701,800,12,0.0446154
Model1,2pop,11,801,900,12,0.0425256
Model1,2pop,11,901,1000,14,0.0459872
Model1,2pop,1,1,100,11,0.0409487
Model1,2pop,1,101,200,11,0.0418462
Model1,2pop,1,201,300,14,0.048359
Model1,2pop,1,301,400,11,0.0361538
Model1,2pop,1,401,500,10,0.0376923
Model1,2pop,1,501,600,12,0.042141
Model1,2pop,1,601,700,3,0.0055641
Model1,2pop,1,701,800,11,0.042641
Model1,2pop,1,801,900,11,0.0431923
Model1,2pop,1,901,1000,13,0.0513077
Model1,2pop,6,1,100,12,0.0294231
Model1,2pop,6,101,200,8,0.026359
Model1,2pop,6,201,300,9,0.0304615
Model1,2pop,6,301,400,13,0.0292564
Model1,2pop,6,401,500,4,0.0110897
Model1,2pop,6,501,600,9,0.0225385
Model1,2pop,6,601,700,10,0.0272821
Model1,2pop,6,701,800,7,0.0176795
Model1,2pop,6,801,900,9,0.025141
Model1,2pop,6,901,1000,9,0.0285385
Model1,2pop,16,1,100,6,0.00939744
Model1,2pop,16,101,200,3,0.00332051
Model1,2pop,16,201,300,5,0.00648718
Model1,2pop,16,301,400,4,0.00969231
Model1,2pop,16,401,500,6,0.0145769
Model1,2pop,16,501,600,8,0.018
Model1,2pop,16,601,700,14,0.0318333
Model1,2pop,16,701,800,5,0.00807692
Model1,2pop,16,801,900,9,0.0173974
Model1,2pop,16,901,1000,11,0.0210641
Model1,2pop,2,1,100,15,0.0477949
Model1,2pop,2,101,200,19,0.062141
Model1,2pop,2,201,300,9,0.0244103
Model1,2pop,2,301,400,15,0.0504487
Model1,2pop,2,401,500,18,0.0416795
Model1,2pop,2,501,600,14,0.0426667
Model1,2pop,2,601,700,12,0.0463077
Model1,2pop,2,701,800,17,0.0502179
Model1,2pop,2,801,900,13,0.0472436
Model1,2pop,2,901,1000,16,0.0452051
Model1,2pop,4,1,100,8,0.0229744
Model1,2pop,4,101,200,8,0.016859
Model1,2pop,4,201,300,2,0.00480769
Model1,2pop,4,301,400,6,0.0113205
Model1,2pop,4,401,500,3,0.00530769
Model1,2pop,4,501,600,7,0.0139744
Model1,2pop,4,601,700,4,0.00807692
Model1,2pop,4,701,800,3,0.00721795
Model1,2pop,4,801,900,7,0.018
Model1,2pop,4,901,1000,2,0.00192308
Model1,2pop,19,1,100,12,0.0228462
Model1,2pop,19,101,200,12,0.0265513
Model1,2pop,19,201,300,21,0.0423846
Model1,2pop,19,301,400,18,0.0527051
Model1,2pop,19,401,500,12,0.0265256
Model1,2pop,19,501,600,7,0.0101282
Model1,2pop,19,601,700,12,0.0167692
Model1,2pop,19,701,800,13,0.0273846
Model1,2pop,19,801,900,20,0.0439359
Model1,2pop,19,901,1000,7,0.0145769
Model1,2pop,16,1,100,12,0.0355256
Model1,2pop,16,101,200,13,0.0311667
Model1,2pop,16,201,300,12,0.0364359
Model1,2pop,16,301,400,17,0.0340513
Model1,2pop,16,401,500,17,0.0536923
Model1,2pop,16,501,600,11,0.0253205
Model1,2pop,16,601,700,12,0.0253333
Model1,2pop,16,701,800,9,0.0325
Model1,2pop,16,801,900,8,0.0196795
Model1,2pop,16,901,1000,12,0.0321795
Model1,2pop,11,1,100,6,0.00801282
Model1,2pop,11,101,200,5,0.00861538
Model1,2pop,11,201,300,7,0.0159744
Model1,2pop,11,301,400,13,0.0248077
Model1,2pop,11,401,500,5,0.00529487
Model1,2pop,11,501,600,7,0.00817949
Model1,2pop,11,601,700,6,0.0129487
Model1,2pop,11,701,800,7,0.0168205
Model1,2pop,11,801,900,7,0.0140769
Model1,2pop,11,901,1000,7,0.0106923
