Model,Pop,CHROM,BIN_START,BIN_END,N_VARIANTS,PI
Model2,3pop,2,1,100,16,0.0283277
Model2,3pop,2,101,200,15,0.0294689
Model2,3pop,2,201,300,8,0.0163333
Model2,3pop,2,301,400,12,0.035548
Model2,3pop,2,401,500,14,0.0282599
Model2,3pop,2,501,600,8,0.016791
Model2,3pop,2,601,700,15,0.0405424
Model2,3pop,2,701,800,19,0.0354181
Model2,3pop,2,801,900,10,0.0201751
Model2,3pop,2,901,1000,11,0.019678
Model2,3pop,8,1,100,6,0.0100339
Model2,3pop,8,101,200,9,0.012565
Model2,3pop,8,201,300,8,0.00968362
Model2,3pop,8,301,400,13,0.0217966
Model2,3pop,8,401,500,10,0.0276441
Model2,3pop,8,501,600,11,0.0177571
Model2,3pop,8,601,700,17,0.0328136
Model2,3pop,8,701,800,15,0.0281751
Model2,3pop,8,801,900,5,0.0104068
Model2,3pop,8,901,1000,13,0.0130113
Model2,3pop,0,1,100,11,0.0187966
Model2,3pop,0,101,200,10,0.0120508
Model2,3pop,0,201,300,10,0.017322
Model2,3pop,0,301,400,11,0.0151751
Model2,3pop,0,401,500,10,0.0188814
Model2,3pop,0,501,600,5,0.0121073
Model2,3pop,0,601,700,8,0.0101186
Model2,3pop,0,701,800,10,0.0257175
Model2,3pop,0,801,900,10,0.0169209
Model2,3pop,0,901,1000,13,0.0210339
Model2,3pop,7,1,100,13,0.0229944
Model2,3pop,7,101,200,15,0.0149096
Model2,3pop,7,201,300,16,0.0296667
Model2,3pop,7,301,400,17,0.0258644
Model2,3pop,7,401,500,13,0.0288814
Model2,3pop,7,501,600,18,0.0362599
Model2,3pop,7,601,700,17,0.0297288
Model2,3pop,7,701,800,14,0.0358305
Model2,3pop,7,801,900,14,0.0201073
Model2,3pop,7,901,1000,13,0.0268136
Model2,3pop,4,1,100,10,0.0147966
Model2,3pop,4,101,200,17,0.0329718
Model2,3pop,4,201,300,17,0.0276215
Model2,3pop,4,301,400,10,0.0178983
Model2,3pop,4,401,500,6,0.0129096
Model2,3pop,4,501,600,13,0.0269153
Model2,3pop,4,601,700,16,0.022452
Model2,3pop,4,701,800,7,0.0122825
Model2,3pop,4,801,900,18,0.0430508
Model2,3pop,4,901,1000,16,0.0240056
Model2,3pop,9,1,100,9,0.0285932
Model2,3pop,9,101,200,17,0.0491751
Model2,3pop,9,201,300,10,0.0313729
Model2,3pop,9,301,400,13,0.0361243
Model2,3pop,9,401,500,14,0.0335254
Model2,3pop,9,501,600,12,0.0279944
Model2,3pop,9,601,700,11,0.024452
Model2,3pop,9,701,800,14,0.0349661
Model2,3pop,9,801,900,10,0.0231243
Model2,3pop,9,901,1000,14,0.0399266
Model2,3pop,7,1,100,9,0.0174294
Model2,3pop,7,101,200,13,0.0367119
Model2,3pop,7,201,300,10,0.0188757
Model2,3pop,7,301,400,9,0.0234463
Model2,3pop,7,401,500,11,0.0297401
Model2,3pop,7,501,600,12,0.0241017
Model2,3pop,7,601,700,14,0.0353107
Model2,3pop,7,701,800,14,0.0338644
Model2,3pop,7,801,900,17,0.0508249
Model2,3pop,7,901,1000,7,0.0193559
Model2,3pop,10,1,100,13,0.0281751
Model2,3pop,10,101,200,11,0.0221469
Model2,3pop,10,201,300,11,0.0182373
Model2,3pop,10,301,400,11,0.0285141
Model2,3pop,10,401,500,10,0.0183785
Model2,3pop,10,501,600,13,0.0368192
Model2,3pop,10,601,700,16,0.0327006
Model2,3pop,10,701,800,13,0.0283446
Model2,3pop,10,801,900,13,0.0321243
Model2,3pop,10,901,1000,14,0.0312655
Model2,3pop,10,1,100,17,0.0684802
Model2,3pop,10,101,200,11,0.0421469
Model2,3pop,10,201,300,10,0.0389661
Model2,3pop,10,301,400,17,0.0376102
Model2,3pop,10,401,500,14,0.0443446
Model2,3pop,10,501,600,17,0.0402938
Model2,3pop,10,601,700,14,0.0390678
Model2,3pop,10,701,800,9,0.0249831
Model2,3pop,10,801,900,14,0.0243898
Model2,3pop,10,901,1000,19,0.0528588
Model2,3pop,6,1,100,8,0.0039548
Model2,3pop,6,101,200,11,0.0116497
Model2,3pop,6,201,300,13,0.0147345
Model2,3pop,6,301,400,18,0.0209944
Model2,3pop,6,401,500,12,0.0202147
Model2,3pop,6,501,600,9,0.0175141
Model2,3pop,6,601,700,7,0.00660452
Model2,3pop,6,701,800,11,0.00955932
Model2,3pop,6,801,900,13,0.016661
Model2,3pop,6,901,1000,14,0.0273051
Model2,3pop,18,1,100,14,0.0220169
Model2,3pop,18,101,200,16,0.0426667
Model2,3pop,18,201,300,14,0.0288531
Model2,3pop,18,301,400,20,0.0338927
Model2,3pop,18,401,500,15,0.0340056
Model2,3pop,18,501,600,21,0.0372768
Model2,3pop,18,601,700,14,0.0330395
Model2,3pop,18,701,800,11,0.0260452
Model2,3pop,18,801,900,15,0.0370904
Model2,3pop,18,901,1000,13,0.0241977
Model2,3pop,14,1,100,16,0.0462373
Model2,3pop,14,101,200,20,0.0516723
Model2,3pop,14,201,300,12,0.0298983
Model2,3pop,14,301,400,19,0.0455367
Model2,3pop,14,401,500,21,0.0607401
Model2,3pop,14,501,600,15,0.0437853
Model2,3pop,14,601,700,19,0.0496949
Model2,3pop,14,701,800,15,0.0304068
Model2,3pop,14,801,900,14,0.0405198
Model2,3pop,14,901,1000,23,0.0607062
Model2,3pop,15,1,100,13,0.045226
Model2,3pop,15,101,200,24,0.0872542
Model2,3pop,15,201,300,15,0.0333955
Model2,3pop,15,301,400,13,0.0376893
Model2,3pop,15,401,500,18,0.0485367
Model2,3pop,15,501,600,23,0.0688362
Model2,3pop,15,601,700,21,0.0653898
Model2,3pop,15,701,800,12,0.0306497
Model2,3pop,15,801,900,19,0.0456045
Model2,3pop,15,901,1000,16,0.0555593
Model2,3pop,18,1,100,18,0.0562768
Model2,3pop,18,101,200,14,0.0375989
Model2,3pop,18,201,300,15,0.0365028
Model2,3pop,18,301,400,14,0.0421017
Model2,3pop,18,401,500,23,0.0569209
Model2,3pop,18,501,600,14,0.0363898
Model2,3pop,18,601,700,18,0.0421808
Model2,3pop,18,701,800,20,0.0555989
Model2,3pop,18,801,900,14,0.031209
Model2,3pop,18,901,1000,18,0.0430734
Model2,3pop,6,1,100,12,0.0397966
Model2,3pop,6,101,200,15,0.0520678
Model2,3pop,6,201,300,9,0.0248588
Model2,3pop,6,301,400,14,0.0567684
Model2,3pop,6,401,500,12,0.0354915
Model2,3pop,6,501,600,14,0.044209
Model2,3pop,6,601,700,15,0.0271073
Model2,3pop,6,701,800,14,0.0407966
Model2,3pop,6,801,900,17,0.0518079
Model2,3pop,6,901,1000,9,0.0331808
Model2,3pop,12,1,100,9,0.0193616
Model2,3pop,12,101,200,14,0.0307288
Model2,3pop,12,201,300,17,0.0323503
Model2,3pop,12,301,400,11,0.0383672
Model2,3pop,12,401,500,11,0.0253842
Model2,3pop,12,501,600,14,0.0303898
Model2,3pop,12,601,700,7,0.021435
Model2,3pop,12,701,800,10,0.0207458
Model2,3pop,12,801,900,10,0.0263672
Model2,3pop,12,901,1000,17,0.0335876
Model2,3pop,7,1,100,10,0.019452
Model2,3pop,7,101,200,17,0.0348192
Model2,3pop,7,201,300,17,0.0378983
Model2,3pop,7,301,400,18,0.040887
Model2,3pop,7,401,500,13,0.034209
Model2,3pop,7,501,600,17,0.0459492
Model2,3pop,7,601,700,11,0.0186441
Model2,3pop,7,701,800,22,0.0229944
Model2,3pop,7,801,900,14,0.0370621
Model2,3pop,7,901,1000,15,0.0228023
Model2,3pop,8,1,100,25,0.0733446
Model2,3pop,8,101,200,18,0.0543333
Model2,3pop,8,201,300,20,0.0665763
Model2,3pop,8,301,400,19,0.0435989
Model2,3pop,8,401,500,24,0.051678
Model2,3pop,8,501,600,21,0.0647853
Model2,3pop,8,601,700,20,0.0526328
Model2,3pop,8,701,800,23,0.0742203
Model2,3pop,8,801,900,19,0.0446215
Model2,3pop,8,901,1000,21,0.0642599
Model2,3pop,6,1,100,14,0.0293672
Model2,3pop,6,101,200,7,0.0105311
Model2,3pop,6,201,300,13,0.0221243
Model2,3pop,6,301,400,10,0.0248023
Model2,3pop,6,401,500,16,0.0379831
Model2,3pop,6,501,600,16,0.024678
Model2,3pop,6,601,700,12,0.0251525
Model2,3pop,6,701,800,14,0.0187006
Model2,3pop,6,801,900,7,0.0101525
Model2,3pop,6,901,1000,10,0.0259718
Model2,3pop,12,1,100,18,0.0403333
Model2,3pop,12,101,200,17,0.0409887
Model2,3pop,12,201,300,17,0.0352938
Model2,3pop,12,301,400,11,0.0264915
Model2,3pop,12,401,500,13,0.0215424
Model2,3pop,12,501,600,12,0.0258927
Model2,3pop,12,601,700,17,0.0458531
Model2,3pop,12,701,800,21,0.0471695
Model2,3pop,12,801,900,15,0.0263051
Model2,3pop,12,901,1000,15,0.0295537
Model2,3pop,17,1,100,13,0.0224633
Model2,3pop,17,101,200,7,0.0150395
Model2,3pop,17,201,300,16,0.0294068
Model2,3pop,17,301,400,7,0.0136384
Model2,3pop,17,401,500,8,0.015452
Model2,3pop,17,501,600,11,0.0213842
Model2,3pop,17,601,700,18,0.0302599
Model2,3pop,17,701,800,14,0.0340056
Model2,3pop,17,801,900,15,0.0240847
Model2,3pop,17,901,1000,10,0.0163277
Model2,3pop,19,1,100,11,0.0284972
Model2,3pop,19,101,200,13,0.0314633
Model2,3pop,19,201,300,11,0.0214802
Model2,3pop,19,301,400,16,0.0384802
Model2,3pop,19,401,500,12,0.0248701
Model2,3pop,19,501,600,7,0.0229209
Model2,3pop,19,601,700,11,0.0175424
Model2,3pop,19,701,800,16,0.0450452
Model2,3pop,19,801,900,10,0.027661
Model2,3pop,19,901,1000,9,0.0221921
Model2,3pop,16,1,100,12,0.0187571
Model2,3pop,16,101,200,10,0.0101808
Model2,3pop,16,201,300,14,0.0235028
Model2,3pop,16,301,400,6,0.00681356
Model2,3pop,16,401,500,12,0.0126441
Model2,3pop,16,501,600,10,0.016661
Model2,3pop,16,601,700,13,0.0213559
Model2,3pop,16,701,800,11,0.013791
Model2,3pop,16,801,900,17,0.021774
Model2,3pop,16,901,1000,10,0.0171017
Model2,3pop,5,1,100,11,0.026
Model2,3pop,5,101,200,8,0.00714689
Model2,3pop,5,201,300,11,0.0199887
Model2,3pop,5,301,400,15,0.0300113
Model2,3pop,5,401,500,12,0.0212429
Model2,3pop,5,501,600,12,0.0135593
Model2,3pop,5,601,700,11,0.0111356
Model2,3pop,5,701,800,17,0.0244463
Model2,3pop,5,801,900,8,0.0117288
Model2,3pop,5,901,1000,12,0.017322
Model2,3pop,8,1,100,13,0.0315819
Model2,3pop,8,101,200,14,0.0457401
Model2,3pop,8,201,300,22,0.0702881
Model2,3pop,8,301,400,12,0.0410339
Model2,3pop,8,401,500,16,0.0486949
Model2,3pop,8,501,600,9,0.032661
Model2,3pop,8,601,700,15,0.0392203
Model2,3pop,8,701,800,13,0.0429661
Model2,3pop,8,801,900,15,0.0484746
Model2,3pop,8,901,1000,10,0.0204802
Model2,3pop,14,1,100,8,0.0184859
Model2,3pop,14,101,200,12,0.0185198
Model2,3pop,14,201,300,11,0.0352034
Model2,3pop,14,301,400,10,0.0253446
Model2,3pop,14,401,500,5,0.00989266
Model2,3pop,14,501,600,6,0.0119548
Model2,3pop,14,601,700,4,0.0159153
Model2,3pop,14,701,800,6,0.0102542
Model2,3pop,14,801,900,7,0.00733898
Model2,3pop,14,901,1000,9,0.0111412
Model2,3pop,11,1,100,13,0.0258136
Model2,3pop,11,101,200,17,0.0345254
Model2,3pop,11,201,300,12,0.0290734
Model2,3pop,11,301,400,16,0.0338701
Model2,3pop,11,401,500,15,0.0321356
Model2,3pop,11,501,600,9,0.0225254
Model2,3pop,11,601,700,13,0.0298475
Model2,3pop,11,701,800,13,0.0295537
Model2,3pop,11,801,900,12,0.0242768
Model2,3pop,11,901,1000,12,0.0321582
Model2,3pop,8,1,100,11,0.013322
Model2,3pop,8,101,200,11,0.0160339
Model2,3pop,8,201,300,10,0.0196102
Model2,3pop,8,301,400,13,0.018678
Model2,3pop,8,401,500,17,0.0202655
Model2,3pop,8,501,600,10,0.0204294
Model2,3pop,8,601,700,12,0.0188023
Model2,3pop,8,701,800,9,0.0100395
Model2,3pop,8,801,900,16,0.0247119
Model2,3pop,8,901,1000,13,0.0239887
Model2,3pop,4,1,100,20,0.0331977
Model2,3pop,4,101,200,17,0.0318023
Model2,3pop,4,201,300,12,0.0204972
Model2,3pop,4,301,400,12,0.0203616
Model2,3pop,4,401,500,14,0.0234407
Model2,3pop,4,501,600,14,0.0325254
Model2,3pop,4,601,700,23,0.0495706
Model2,3pop,4,701,800,22,0.0538757
Model2,3pop,4,801,900,13,0.0297119
Model2,3pop,4,901,1000,15,0.028791
Model2,3pop,17,1,100,12,0.030209
Model2,3pop,17,101,200,7,0.015435
Model2,3pop,17,201,300,12,0.0296271
Model2,3pop,17,301,400,12,0.0351412
Model2,3pop,17,401,500,12,0.0278192
Model2,3pop,17,501,600,12,0.0154181
Model2,3pop,17,601,700,8,0.0169718
Model2,3pop,17,701,800,13,0.0154972
Model2,3pop,17,801,900,15,0.0303672
Model2,3pop,17,901,1000,13,0.0318192
Model2,3pop,2,1,100,11,0.0173277
Model2,3pop,2,101,200,13,0.0241017
Model2,3pop,2,201,300,17,0.0206723
Model2,3pop,2,301,400,12,0.0182825
Model2,3pop,2,401,500,15,0.0193729
Model2,3pop,2,501,600,10,0.00988136
Model2,3pop,2,601,700,13,0.0149887
Model2,3pop,2,701,800,12,0.0147797
Model2,3pop,2,801,900,8,0.0139718
Model2,3pop,2,901,1000,13,0.014661
Model2,3pop,9,1,100,18,0.0271751
Model2,3pop,9,101,200,13,0.0252994
Model2,3pop,9,201,300,19,0.0365311
Model2,3pop,9,301,400,11,0.0172938
Model2,3pop,9,401,500,20,0.0344463
Model2,3pop,9,501,600,24,0.0278192
Model2,3pop,9,601,700,17,0.0268644
Model2,3pop,9,701,800,12,0.0170226
Model2,3pop,9,801,900,14,0.0207966
Model2,3pop,9,901,1000,17,0.026791
Model2,3pop,17,1,100,21,0.0320565
Model2,3pop,17,101,200,15,0.0279322
Model2,3pop,17,201,300,20,0.0286271
Model2,3pop,17,301,400,12,0.0162373
Model2,3pop,17,401,500,6,0.0100056
Model2,3pop,17,501,600,16,0.016565
Model2,3pop,17,601,700,20,0.0244689
Model2,3pop,17,701,800,14,0.0265424
Model2,3pop,17,801,900,18,0.0324576
Model2,3pop,17,901,1000,17,0.0228475
Model2,3pop,18,1,100,18,0.0403842
Model2,3pop,18,101,200,17,0.0388079
Model2,3pop,18,201,300,17,0.0597966
Model2,3pop,18,301,400,12,0.0303107
Model2,3pop,18,401,500,14,0.0413842
Model2,3pop,18,501,600,19,0.0340452
Model2,3pop,18,601,700,15,0.0417797
Model2,3pop,18,701,800,20,0.0575198
Model2,3pop,18,801,900,12,0.0223729
Model2,3pop,18,901,1000,20,0.0555367
Model2,3pop,19,1,100,18,0.0301073
Model2,3pop,19,101,200,16,0.0449266
Model2,3pop,19,201,300,12,0.0296836
Model2,3pop,19,301,400,17,0.0277571
Model2,3pop,19,401,500,20,0.0472881
Model2,3pop,19,501,600,11,0.0244237
Model2,3pop,19,601,700,14,0.0258757
Model2,3pop,19,701,800,11,0.0346384
Model2,3pop,19,801,900,10,0.0182316
Model2,3pop,19,901,1000,14,0.0292034
Model2,3pop,11,1,100,10,0.0220621
Model2,3pop,11,101,200,15,0.0287797
Model2,3pop,11,201,300,15,0.0364011
Model2,3pop,11,301,400,11,0.0351921
Model2,3pop,11,401,500,12,0.0290791
Model2,3pop,11,501,600,13,0.025548
Model2,3pop,11,601,700,15,0.0322034
Model2,3pop,11,701,800,21,0.0220508
Model2,3pop,11,801,900,11,0.0372712
Model2,3pop,11,901,1000,15,0.0390678
Model2,3pop,6,1,100,12,0.0226271
Model2,3pop,6,101,200,12,0.0280452
Model2,3pop,6,201,300,7,0.0164068
Model2,3pop,6,301,400,17,0.0360621
Model2,3pop,6,401,500,10,0.0184915
Model2,3pop,6,501,600,8,0.0181808
Model2,3pop,6,601,700,12,0.0179661
Model2,3pop,6,701,800,11,0.0268079
Model2,3pop,6,801,900,7,0.0189944
Model2,3pop,6,901,1000,8,0.0215028
Model2,3pop,8,1,100,12,0.0275537
Model2,3pop,8,101,200,13,0.0360508
Model2,3pop,8,201,300,17,0.0358079
Model2,3pop,8,301,400,12,0.0360847
Model2,3pop,8,401,500,10,0.0324689
Model2,3pop,8,501,600,7,0.0215085
Model2,3pop,8,601,700,12,0.0335819
Model2,3pop,8,701,800,11,0.0263446
Model2,3pop,8,801,900,9,0.0185876
Model2,3pop,8,901,1000,8,0.0197401
Model2,3pop,0,1,100,12,0.0435763
Model2,3pop,0,101,200,9,0.0271525
Model2,3pop,0,201,300,14,0.0368475
Model2,3pop,0,301,400,12,0.0304802
Model2,3pop,0,401,500,13,0.0389661
Model2,3pop,0,501,600,8,0.0227966
Model2,3pop,0,601,700,13,0.0453559
Model2,3pop,0,701,800,12,0.0296045
Model2,3pop,0,801,900,12,0.0365876
Model2,3pop,0,901,1000,11,0.0432034
Model2,3pop,3,1,100,18,0.0445593
Model2,3pop,3,101,200,24,0.0500113
Model2,3pop,3,201,300,9,0.022209
Model2,3pop,3,301,400,20,0.0551073
Model2,3pop,3,401,500,12,0.0307514
Model2,3pop,3,501,600,16,0.039322
Model2,3pop,3,601,700,14,0.032113
Model2,3pop,3,701,800,21,0.0477175
Model2,3pop,3,801,900,16,0.0442994
Model2,3pop,3,901,1000,14,0.0357853
Model2,3pop,14,1,100,16,0.0449435
Model2,3pop,14,101,200,10,0.0228136
Model2,3pop,14,201,300,18,0.0474068
Model2,3pop,14,301,400,11,0.0270056
Model2,3pop,14,401,500,23,0.0576102
Model2,3pop,14,501,600,18,0.050209
Model2,3pop,14,601,700,17,0.0425593
Model2,3pop,14,701,800,11,0.0358757
Model2,3pop,14,801,900,17,0.0440282
Model2,3pop,14,901,1000,16,0.036774
Model2,3pop,7,1,100,7,0.0174802
Model2,3pop,7,101,200,12,0.0224407
Model2,3pop,7,201,300,13,0.0267627
Model2,3pop,7,301,400,12,0.0329718
Model2,3pop,7,401,500,14,0.0358362
Model2,3pop,7,501,600,14,0.0354237
Model2,3pop,7,601,700,19,0.0311186
Model2,3pop,7,701,800,11,0.0345028
Model2,3pop,7,801,900,9,0.0197684
Model2,3pop,7,901,1000,16,0.0301638
Model2,3pop,0,1,100,11,0.0172712
Model2,3pop,0,101,200,13,0.0295763
Model2,3pop,0,201,300,14,0.0208814
Model2,3pop,0,301,400,11,0.0299492
Model2,3pop,0,401,500,8,0.0135989
Model2,3pop,0,501,600,10,0.0101186
Model2,3pop,0,601,700,15,0.0287175
Model2,3pop,0,701,800,10,0.0125706
Model2,3pop,0,801,900,15,0.0247345
Model2,3pop,0,901,1000,15,0.0216271
Model2,3pop,11,1,100,16,0.0384463
Model2,3pop,11,101,200,15,0.0323842
Model2,3pop,11,201,300,17,0.0442203
Model2,3pop,11,301,400,18,0.0380395
Model2,3pop,11,401,500,12,0.0244011
Model2,3pop,11,501,600,16,0.0352034
Model2,3pop,11,601,700,11,0.0164859
Model2,3pop,11,701,800,20,0.0485932
Model2,3pop,11,801,900,11,0.0248757
Model2,3pop,11,901,1000,14,0.0286949
Model2,3pop,2,1,100,10,0.0114068
Model2,3pop,2,101,200,15,0.0211864
Model2,3pop,2,201,300,8,0.013226
Model2,3pop,2,301,400,11,0.0115085
Model2,3pop,2,401,500,6,0.011
Model2,3pop,2,501,600,8,0.0140226
Model2,3pop,2,601,700,13,0.0168418
Model2,3pop,2,701,800,12,0.0122599
Model2,3pop,2,801,900,15,0.0248757
Model2,3pop,2,901,1000,9,0.0178814
Model2,3pop,11,1,100,15,0.0260282
Model2,3pop,11,101,200,13,0.0407345
Model2,3pop,11,201,300,11,0.0266949
Model2,3pop,11,301,400,9,0.023113
Model2,3pop,11,401,500,11,0.0415989
Model2,3pop,11,501,600,10,0.012209
Model2,3pop,11,601,700,7,0.00783616
Model2,3pop,11,701,800,9,0.0180734
Model2,3pop,11,801,900,12,0.0304746
Model2,3pop,11,901,1000,14,0.0275311
Model2,3pop,3,1,100,15,0.0505932
Model2,3pop,3,101,200,17,0.0542316
Model2,3pop,3,201,300,11,0.0173785
Model2,3pop,3,301,400,11,0.0353729
Model2,3pop,3,401,500,9,0.0164463
Model2,3pop,3,501,600,12,0.0306836
Model2,3pop,3,601,700,14,0.0435593
Model2,3pop,3,701,800,12,0.0336158
Model2,3pop,3,801,900,11,0.0255819
Model2,3pop,3,901,1000,12,0.032
Model2,3pop,11,1,100,12,0.0319435
Model2,3pop,11,101,200,16,0.0247797
Model2,3pop,11,201,300,8,0.0155706
Model2,3pop,11,301,400,8,0.0125085
Model2,3pop,11,401,500,8,0.0149774
Model2,3pop,11,501,600,4,0.00582486
Model2,3pop,11,601,700,9,0.0234915
Model2,3pop,11,701,800,8,0.018209
Model2,3pop,11,801,900,9,0.0218983
Model2,3pop,11,901,1000,10,0.0225819
Model2,3pop,16,1,100,23,0.0623785
Model2,3pop,16,101,200,21,0.0461017
Model2,3pop,16,201,300,20,0.0533785
Model2,3pop,16,301,400,18,0.0382825
Model2,3pop,16,401,500,18,0.0462768
Model2,3pop,16,501,600,18,0.0336328
Model2,3pop,16,601,700,15,0.0364407
Model2,3pop,16,701,800,19,0.0408249
Model2,3pop,16,801,900,17,0.0389944
Model2,3pop,16,901,1000,21,0.0412712
Model2,3pop,3,1,100,13,0.0524746
Model2,3pop,3,101,200,11,0.0292881
Model2,3pop,3,201,300,19,0.0589435
Model2,3pop,3,301,400,13,0.0364859
Model2,3pop,3,401,500,7,0.0309209
Model2,3pop,3,501,600,14,0.0583955
Model2,3pop,3,601,700,16,0.0579661
Model2,3pop,3,701,800,12,0.0379548
Model2,3pop,3,801,900,9,0.0280452
Model2,3pop,3,901,1000,10,0.0379379
Model2,3pop,5,1,100,21,0.0357175
Model2,3pop,5,101,200,14,0.0358079
Model2,3pop,5,201,300,15,0.0288927
Model2,3pop,5,301,400,19,0.0452712
Model2,3pop,5,401,500,12,0.0201017
Model2,3pop,5,501,600,14,0.0273446
Model2,3pop,5,601,700,12,0.0260904
Model2,3pop,5,701,800,23,0.0587119
Model2,3pop,5,801,900,12,0.0301638
Model2,3pop,5,901,1000,15,0.0297232
Model2,3pop,7,1,100,14,0.0292542
Model2,3pop,7,101,200,23,0.0620508
Model2,3pop,7,201,300,16,0.0370621
Model2,3pop,7,301,400,20,0.0480678
Model2,3pop,7,401,500,17,0.0429605
Model2,3pop,7,501,600,16,0.0436045
Model2,3pop,7,601,700,12,0.0324746
Model2,3pop,7,701,800,20,0.0438362
Model2,3pop,7,801,900,13,0.0332429
Model2,3pop,7,901,1000,14,0.0410734
Model2,3pop,17,1,100,12,0.0225537
Model2,3pop,17,101,200,13,0.0133729
Model2,3pop,17,201,300,10,0.015774
Model2,3pop,17,301,400,15,0.030435
Model2,3pop,17,401,500,11,0.0132599
Model2,3pop,17,501,600,25,0.0353616
Model2,3pop,17,601,700,23,0.0343955
Model2,3pop,17,701,800,14,0.0254124
Model2,3pop,17,801,900,14,0.0233277
Model2,3pop,17,901,1000,13,0.0139266
Model2,3pop,14,1,100,21,0.0565028
Model2,3pop,14,101,200,19,0.0650678
Model2,3pop,14,201,300,13,0.0491751
Model2,3pop,14,301,400,17,0.057226
Model2,3pop,14,401,500,16,0.0386836
Model2,3pop,14,501,600,18,0.0670226
Model2,3pop,14,601,700,18,0.0655085
Model2,3pop,14,701,800,13,0.0421356
Model2,3pop,14,801,900,18,0.0541356
Model2,3pop,14,901,1000,12,0.0342147
Model2,3pop,6,1,100,16,0.0274463
Model2,3pop,6,101,200,12,0.0242316
Model2,3pop,6,201,300,16,0.0278023
Model2,3pop,6,301,400,22,0.0316554
Model2,3pop,6,401,500,21,0.030678
Model2,3pop,6,501,600,21,0.0350734
Model2,3pop,6,601,700,11,0.0254576
Model2,3pop,6,701,800,20,0.0271638
Model2,3pop,6,801,900,19,0.0463333
Model2,3pop,6,901,1000,29,0.0499153
Model2,3pop,16,1,100,14,0.0492147
Model2,3pop,16,101,200,13,0.0364407
Model2,3pop,16,201,300,11,0.0422881
Model2,3pop,16,301,400,18,0.063548
Model2,3pop,16,401,500,16,0.0362599
Model2,3pop,16,501,600,25,0.0826949
Model2,3pop,16,601,700,18,0.0591808
Model2,3pop,16,701,800,11,0.0383107
Model2,3pop,16,801,900,14,0.0504746
Model2,3pop,16,901,1000,12,0.0368588
Model2,3pop,2,1,100,16,0.029226
Model2,3pop,2,101,200,12,0.0223164
Model2,3pop,2,201,300,10,0.0119435
Model2,3pop,2,301,400,15,0.0202768
Model2,3pop,2,401,500,17,0.0265311
Model2,3pop,2,501,600,9,0.0168418
Model2,3pop,2,601,700,6,0.0128814
Model2,3pop,2,701,800,14,0.0235367
Model2,3pop,2,801,900,7,0.024339
Model2,3pop,2,901,1000,10,0.00819209
Model2,3pop,1,1,100,13,0.0312429
Model2,3pop,1,101,200,21,0.0426893
Model2,3pop,1,201,300,11,0.0208983
Model2,3pop,1,301,400,11,0.0228701
Model2,3pop,1,401,500,10,0.03
Model2,3pop,1,501,600,13,0.0292768
Model2,3pop,1,601,700,19,0.0404802
Model2,3pop,1,701,800,14,0.0331469
Model2,3pop,1,801,900,16,0.0281469
Model2,3pop,1,901,1000,11,0.0196836
Model2,3pop,1,1,100,7,0.0128701
Model2,3pop,1,101,200,13,0.0262373
Model2,3pop,1,201,300,10,0.0151751
Model2,3pop,1,301,400,7,0.0173503
Model2,3pop,1,401,500,10,0.0157627
Model2,3pop,1,501,600,8,0.0136102
Model2,3pop,1,601,700,8,0.0197966
Model2,3pop,1,701,800,9,0.0205424
Model2,3pop,1,801,900,9,0.00824859
Model2,3pop,1,901,1000,8,0.00897175
Model2,3pop,3,1,100,16,0.0181695
Model2,3pop,3,101,200,15,0.0171695
Model2,3pop,3,201,300,16,0.0152768
Model2,3pop,3,301,400,22,0.0277627
Model2,3pop,3,401,500,16,0.0245254
Model2,3pop,3,501,600,18,0.0208757
Model2,3pop,3,601,700,20,0.0277175
Model2,3pop,3,701,800,16,0.0191073
Model2,3pop,3,801,900,15,0.0182373
Model2,3pop,3,901,1000,16,0.0177288
Model2,3pop,18,1,100,10,0.0244972
Model2,3pop,18,101,200,11,0.0302599
Model2,3pop,18,201,300,16,0.044
Model2,3pop,18,301,400,17,0.0379209
Model2,3pop,18,401,500,9,0.0288531
Model2,3pop,18,501,600,16,0.0447345
Model2,3pop,18,601,700,8,0.0224859
Model2,3pop,18,701,800,14,0.0347006
Model2,3pop,18,801,900,16,0.0369153
Model2,3pop,18,901,1000,14,0.0327853
Model2,3pop,15,1,100,13,0.0380113
Model2,3pop,15,101,200,9,0.028322
Model2,3pop,15,201,300,15,0.0295085
Model2,3pop,15,301,400,16,0.0502373
Model2,3pop,15,401,500,13,0.0443277
Model2,3pop,15,501,600,16,0.0395085
Model2,3pop,15,601,700,14,0.0362429
Model2,3pop,15,701,800,12,0.0273277
Model2,3pop,15,801,900,12,0.0361808
Model2,3pop,15,901,1000,13,0.0343785
Model2,3pop,10,1,100,8,0.0224294
Model2,3pop,10,101,200,10,0.0264068
Model2,3pop,10,201,300,18,0.0262316
Model2,3pop,10,301,400,12,0.026661
Model2,3pop,10,401,500,10,0.0199718
Model2,3pop,10,501,600,11,0.0299435
Model2,3pop,10,601,700,20,0.0480113
Model2,3pop,10,701,800,10,0.0143051
Model2,3pop,10,801,900,10,0.0195932
Model2,3pop,10,901,1000,11,0.026113
Model2,3pop,2,1,100,9,0.0197119
Model2,3pop,2,101,200,13,0.0380621
Model2,3pop,2,201,300,14,0.0194915
Model2,3pop,2,301,400,13,0.032209
Model2,3pop,2,401,500,5,0.0118418
Model2,3pop,2,501,600,16,0.035565
Model2,3pop,2,601,700,15,0.0361017
Model2,3pop,2,701,800,7,0.0165311
Model2,3pop,2,801,900,12,0.0221582
Model2,3pop,2,901,1000,13,0.0327119
Model2,3pop,19,1,100,12,0.0318475
Model2,3pop,19,101,200,11,0.0317401
Model2,3pop,19,201,300,16,0.0471073
Model2,3pop,19,301,400,8,0.0153672
Model2,3pop,19,401,500,10,0.0242542
Model2,3pop,19,501,600,19,0.0336949
Model2,3pop,19,601,700,14,0.0260226
Model2,3pop,19,701,800,14,0.031678
Model2,3pop,19,801,900,18,0.0425989
Model2,3pop,19,901,1000,15,0.0311073
Model2,3pop,15,1,100,7,0.0161412
Model2,3pop,15,101,200,7,0.0185989
Model2,3pop,15,201,300,12,0.0351751
Model2,3pop,15,301,400,9,0.0139435
Model2,3pop,15,401,500,12,0.0298588
Model2,3pop,15,501,600,7,0.00564972
Model2,3pop,15,601,700,11,0.019226
Model2,3pop,15,701,800,9,0.0188192
Model2,3pop,15,801,900,9,0.0214746
Model2,3pop,15,901,1000,7,0.0123051
Model2,3pop,8,1,100,9,0.0205028
Model2,3pop,8,101,200,16,0.0580226
Model2,3pop,8,201,300,8,0.0211073
Model2,3pop,8,301,400,11,0.0262768
Model2,3pop,8,401,500,15,0.0620113
Model2,3pop,8,501,600,15,0.039113
Model2,3pop,8,601,700,19,0.0614859
Model2,3pop,8,701,800,9,0.0288418
Model2,3pop,8,801,900,13,0.0311921
Model2,3pop,8,901,1000,11,0.0331921
Model2,3pop,13,1,100,8,0.00960452
Model2,3pop,13,101,200,13,0.0338023
Model2,3pop,13,201,300,11,0.015904
Model2,3pop,13,301,400,11,0.0210678
Model2,3pop,13,401,500,10,0.019339
Model2,3pop,13,501,600,10,0.0267853
Model2,3pop,13,601,700,15,0.0332203
Model2,3pop,13,701,800,19,0.0401864
Model2,3pop,13,801,900,18,0.050904
Model2,3pop,13,901,1000,13,0.0330113
Model2,3pop,13,1,100,17,0.0234746
Model2,3pop,13,101,200,14,0.0294294
Model2,3pop,13,201,300,12,0.0194859
Model2,3pop,13,301,400,9,0.0295141
Model2,3pop,13,401,500,11,0.0177458
Model2,3pop,13,501,600,9,0.0181469
Model2,3pop,13,601,700,15,0.0269266
Model2,3pop,13,701,800,15,0.0320169
Model2,3pop,13,801,900,16,0.0374294
Model2,3pop,13,901,1000,6,0.013661
Model2,3pop,0,1,100,11,0.0281751
Model2,3pop,0,101,200,13,0.0159379
Model2,3pop,0,201,300,10,0.0148192
Model2,3pop,0,301,400,14,0.029
Model2,3pop,0,401,500,17,0.0269548
Model2,3pop,0,501,600,8,0.0184972
Model2,3pop,0,601,700,15,0.029
Model2,3pop,0,701,800,8,0.0164068
Model2,3pop,0,801,900,18,0.0283672
Model2,3pop,0,901,1000,8,0.0229605
Model2,3pop,14,1,100,9,0.0255819
Model2,3pop,14,101,200,13,0.0291469
Model2,3pop,14,201,300,9,0.0106441
Model2,3pop,14,301,400,11,0.0241695
Model2,3pop,14,401,500,9,0.0310565
Model2,3pop,14,501,600,13,0.0228362
Model2,3pop,14,601,700,14,0.0201751
Model2,3pop,14,701,800,17,0.0456554
Model2,3pop,14,801,900,14,0.0297458
Model2,3pop,14,901,1000,11,0.0253672
Model2,3pop,1,1,100,15,0.0397345
Model2,3pop,1,101,200,14,0.0320452
Model2,3pop,1,201,300,7,0.0223333
Model2,3pop,1,301,400,10,0.0247684
Model2,3pop,1,401,500,20,0.0430282
Model2,3pop,1,501,600,14,0.0207797
Model2,3pop,1,601,700,20,0.0447514
Model2,3pop,1,701,800,15,0.0331073
Model2,3pop,1,801,900,9,0.0207232
Model2,3pop,1,901,1000,12,0.0130565
Model2,3pop,6,1,100,15,0.027435
Model2,3pop,6,101,200,17,0.0287684
Model2,3pop,6,201,300,12,0.0322938
Model2,3pop,6,301,400,12,0.0277571
Model2,3pop,6,401,500,16,0.0303672
Model2,3pop,6,501,600,17,0.0372034
Model2,3pop,6,601,700,10,0.0257458
Model2,3pop,6,701,800,16,0.0247175
Model2,3pop,6,801,900,13,0.0309492
Model2,3pop,6,901,1000,19,0.041565
Model2,3pop,4,1,100,21,0.0530452
Model2,3pop,4,101,200,13,0.0335706
Model2,3pop,4,201,300,16,0.0431243
Model2,3pop,4,301,400,14,0.0212203
Model2,3pop,4,401,500,20,0.0526836
Model2,3pop,4,501,600,17,0.0539774
Model2,3pop,4,601,700,16,0.061096
Model2,3pop,4,701,800,17,0.0464802
Model2,3pop,4,801,900,21,0.0668079
Model2,3pop,4,901,1000,25,0.0668362
Model2,3pop,15,1,100,17,0.0402542
Model2,3pop,15,101,200,18,0.0470791
Model2,3pop,15,201,300,20,0.0538588
Model2,3pop,15,301,400,18,0.0338757
Model2,3pop,15,401,500,11,0.0277119
Model2,3pop,15,501,600,18,0.0526723
Model2,3pop,15,601,700,19,0.0399379
Model2,3pop,15,701,800,18,0.0422599
Model2,3pop,15,801,900,19,0.0632938
Model2,3pop,15,901,1000,18,0.0477458
Model2,3pop,8,1,100,24,0.0747571
Model2,3pop,8,101,200,15,0.0386497
Model2,3pop,8,201,300,19,0.0505085
Model2,3pop,8,301,400,18,0.0535819
Model2,3pop,8,401,500,19,0.052
Model2,3pop,8,501,600,23,0.0586723
Model2,3pop,8,601,700,16,0.0493729
Model2,3pop,8,701,800,19,0.0413616
Model2,3pop,8,801,900,12,0.0358023
Model2,3pop,8,901,1000,17,0.061339
Model2,3pop,5,1,100,11,0.00987006
Model2,3pop,5,101,200,8,0.00970621
Model2,3pop,5,201,300,11,0.0148588
Model2,3pop,5,301,400,11,0.0171299
Model2,3pop,5,401,500,6,0.0118249
Model2,3pop,5,501,600,7,0.0105989
Model2,3pop,5,601,700,7,0.0124124
Model2,3pop,5,701,800,9,0.013
Model2,3pop,5,801,900,11,0.0264802
Model2,3pop,5,901,1000,7,0.00944068
Model2,3pop,17,1,100,15,0.0274463
Model2,3pop,17,101,200,16,0.0324746
Model2,3pop,17,201,300,17,0.0309266
Model2,3pop,17,301,400,18,0.039774
Model2,3pop,17,401,500,10,0.0157458
Model2,3pop,17,501,600,12,0.0170565
Model2,3pop,17,601,700,9,0.021226
Model2,3pop,17,701,800,14,0.0326215
Model2,3pop,17,801,900,12,0.0214181
Model2,3pop,17,901,1000,14,0.0257062
Model2,3pop,13,1,100,17,0.0379096
Model2,3pop,13,101,200,7,0.0112034
Model2,3pop,13,201,300,11,0.0251695
Model2,3pop,13,301,400,7,0.0140056
Model2,3pop,13,401,500,13,0.030678
Model2,3pop,13,501,600,9,0.0172316
Model2,3pop,13,601,700,7,0.0137288
Model2,3pop,13,701,800,7,0.0203616
Model2,3pop,13,801,900,8,0.0164633
Model2,3pop,13,901,1000,9,0.0257627
Model2,3pop,16,1,100,15,0.0271469
Model2,3pop,16,101,200,14,0.0301638
Model2,3pop,16,201,300,12,0.0299831
Model2,3pop,16,301,400,14,0.0278362
Model2,3pop,16,401,500,7,0.0115989
Model2,3pop,16,501,600,9,0.016548
Model2,3pop,16,601,700,19,0.0358644
Model2,3pop,16,701,800,9,0.0255311
Model2,3pop,16,801,900,12,0.0240904
Model2,3pop,16,901,1000,7,0.013452
Model2,3pop,12,1,100,15,0.0561751
Model2,3pop,12,101,200,14,0.0320621
Model2,3pop,12,201,300,9,0.0235706
Model2,3pop,12,301,400,19,0.0537853
Model2,3pop,12,401,500,14,0.0533277
Model2,3pop,12,501,600,15,0.034791
Model2,3pop,12,601,700,13,0.0523785
Model2,3pop,12,701,800,16,0.0511017
Model2,3pop,12,801,900,15,0.0401751
Model2,3pop,12,901,1000,17,0.0630734
Model2,3pop,14,1,100,14,0.0480226
Model2,3pop,14,101,200,32,0.116418
Model2,3pop,14,201,300,15,0.0585085
Model2,3pop,14,301,400,26,0.0982316
Model2,3pop,14,401,500,33,0.114531
Model2,3pop,14,501,600,24,0.0999096
Model2,3pop,14,601,700,30,0.106028
Model2,3pop,14,701,800,16,0.0554407
Model2,3pop,14,801,900,22,0.0753842
Model2,3pop,14,901,1000,22,0.0788023
Model2,3pop,19,1,100,14,0.0188588
Model2,3pop,19,101,200,12,0.00972881
Model2,3pop,19,201,300,17,0.0167853
Model2,3pop,19,301,400,14,0.0220226
Model2,3pop,19,401,500,12,0.0192768
Model2,3pop,19,501,600,14,0.0186215
Model2,3pop,19,601,700,18,0.0163277
Model2,3pop,19,701,800,13,0.0184294
Model2,3pop,19,801,900,13,0.0157401
Model2,3pop,19,901,1000,9,0.00927119
Model2,3pop,16,1,100,21,0.0320565
Model2,3pop,16,101,200,15,0.0279322
Model2,3pop,16,201,300,20,0.0286271
Model2,3pop,16,301,400,12,0.0162373
Model2,3pop,16,401,500,6,0.0100056
Model2,3pop,16,501,600,16,0.016565
Model2,3pop,16,601,700,20,0.0244689
Model2,3pop,16,701,800,14,0.0265424
Model2,3pop,16,801,900,18,0.0324576
Model2,3pop,16,901,1000,17,0.0228475
Model2,3pop,4,1,100,13,0.03
Model2,3pop,4,101,200,19,0.0267458
Model2,3pop,4,201,300,10,0.0150508
Model2,3pop,4,301,400,16,0.0353446
Model2,3pop,4,401,500,13,0.0320565
Model2,3pop,4,501,600,19,0.0372486
Model2,3pop,4,601,700,15,0.0304463
Model2,3pop,4,701,800,14,0.0211808
Model2,3pop,4,801,900,17,0.0308305
Model2,3pop,4,901,1000,13,0.0263955
Model2,3pop,5,1,100,11,0.0314237
Model2,3pop,5,101,200,6,0.00910734
Model2,3pop,5,201,300,9,0.0161186
Model2,3pop,5,301,400,14,0.0333107
Model2,3pop,5,401,500,9,0.0182429
Model2,3pop,5,501,600,10,0.0252542
Model2,3pop,5,601,700,9,0.0233559
Model2,3pop,5,701,800,12,0.0296441
Model2,3pop,5,801,900,17,0.0309944
Model2,3pop,5,901,1000,9,0.021
Model2,3pop,7,1,100,13,0.0357401
Model2,3pop,7,101,200,15,0.0412429
Model2,3pop,7,201,300,17,0.0483277
Model2,3pop,7,301,400,22,0.0469661
Model2,3pop,7,401,500,17,0.0478418
Model2,3pop,7,501,600,16,0.032565
Model2,3pop,7,601,700,11,0.0326271
Model2,3pop,7,701,800,16,0.0438531
Model2,3pop,7,801,900,13,0.0365876
Model2,3pop,7,901,1000,11,0.0297684
Model2,3pop,0,1,100,13,0.0320113
Model2,3pop,0,101,200,13,0.0368249
Model2,3pop,0,201,300,8,0.0165819
Model2,3pop,0,301,400,14,0.0295141
Model2,3pop,0,401,500,13,0.0244463
Model2,3pop,0,501,600,16,0.0375085
Model2,3pop,0,601,700,11,0.0237288
Model2,3pop,0,701,800,14,0.0260734
Model2,3pop,0,801,900,11,0.0138079
Model2,3pop,0,901,1000,10,0.0137006
Model2,3pop,12,1,100,8,0.0209548
Model2,3pop,12,101,200,10,0.0310282
Model2,3pop,12,201,300,11,0.0154011
Model2,3pop,12,301,400,18,0.0320565
Model2,3pop,12,401,500,12,0.0317458
Model2,3pop,12,501,600,14,0.0254689
Model2,3pop,12,601,700,15,0.0309661
Model2,3pop,12,701,800,13,0.0153672
Model2,3pop,12,801,900,10,0.0258136
Model2,3pop,12,901,1000,15,0.0345198
Model2,3pop,18,1,100,15,0.0364237
Model2,3pop,18,101,200,18,0.0323729
Model2,3pop,18,201,300,16,0.0356836
Model2,3pop,18,301,400,9,0.025887
Model2,3pop,18,401,500,8,0.0276215
Model2,3pop,18,501,600,8,0.0138249
Model2,3pop,18,601,700,12,0.0207797
Model2,3pop,18,701,800,11,0.0275819
Model2,3pop,18,801,900,8,0.0225989
Model2,3pop,18,901,1000,8,0.0209944
Model2,3pop,2,1,100,16,0.0331243
Model2,3pop,2,101,200,16,0.0389944
Model2,3pop,2,201,300,11,0.0231073
Model2,3pop,2,301,400,16,0.036678
Model2,3pop,2,401,500,15,0.041
Model2,3pop,2,501,600,9,0.019209
Model2,3pop,2,601,700,12,0.0392429
Model2,3pop,2,701,800,4,0.00938418
Model2,3pop,2,801,900,8,0.0156667
Model2,3pop,2,901,1000,7,0.0185706
Model2,3pop,13,1,100,20,0.0529322
Model2,3pop,13,101,200,19,0.053548
Model2,3pop,13,201,300,13,0.033548
Model2,3pop,13,301,400,17,0.0449774
Model2,3pop,13,401,500,20,0.0601638
Model2,3pop,13,501,600,18,0.0555198
Model2,3pop,13,601,700,13,0.0366441
Model2,3pop,13,701,800,11,0.0268249
Model2,3pop,13,801,900,13,0.0456158
Model2,3pop,13,901,1000,10,0.0232147
Model2,3pop,17,1,100,11,0.0241977
Model2,3pop,17,101,200,10,0.0175989
Model2,3pop,17,201,300,6,0.0112712
Model2,3pop,17,301,400,10,0.0137684
Model2,3pop,17,401,500,14,0.0206215
Model2,3pop,17,501,600,7,0.0118249
Model2,3pop,17,601,700,7,0.0139718
Model2,3pop,17,701,800,10,0.0185028
Model2,3pop,17,801,900,13,0.0287627
Model2,3pop,17,901,1000,11,0.0192994
Model2,3pop,19,1,100,9,0.0143898
Model2,3pop,19,101,200,12,0.021661
Model2,3pop,19,201,300,9,0.014226
Model2,3pop,19,301,400,20,0.0308418
Model2,3pop,19,401,500,12,0.0192316
Model2,3pop,19,501,600,11,0.0172655
Model2,3pop,19,601,700,13,0.0176045
Model2,3pop,19,701,800,12,0.0193898
Model2,3pop,19,801,900,6,0.0134633
Model2,3pop,19,901,1000,9,0.0166893
Model2,3pop,12,1,100,15,0.0441243
Model2,3pop,12,101,200,16,0.0286836
Model2,3pop,12,201,300,14,0.0285311
Model2,3pop,12,301,400,10,0.0207514
Model2,3pop,12,401,500,13,0.0258588
Model2,3pop,12,501,600,11,0.0291977
Model2,3pop,12,601,700,16,0.0399379
Model2,3pop,12,701,800,10,0.0332994
Model2,3pop,12,801,900,14,0.0261299
Model2,3pop,12,901,1000,12,0.0271921
Model2,3pop,3,1,100,13,0.0249887
Model2,3pop,3,101,200,9,0.0145367
Model2,3pop,3,201,300,10,0.0142316
Model2,3pop,3,301,400,8,0.0195141
Model2,3pop,3,401,500,7,0.0147232
Model2,3pop,3,501,600,8,0.017565
Model2,3pop,3,601,700,9,0.0169153
Model2,3pop,3,701,800,13,0.0211808
Model2,3pop,3,801,900,9,0.0241073
Model2,3pop,3,901,1000,11,0.0239548
Model2,3pop,13,1,100,15,0.029565
Model2,3pop,13,101,200,12,0.0278757
Model2,3pop,13,201,300,10,0.0246441
Model2,3pop,13,301,400,10,0.0262373
Model2,3pop,13,401,500,20,0.0400169
Model2,3pop,13,501,600,12,0.023904
Model2,3pop,13,601,700,16,0.045548
Model2,3pop,13,701,800,17,0.0281921
Model2,3pop,13,801,900,9,0.0184124
Model2,3pop,13,901,1000,10,0.0198192
Model2,3pop,10,1,100,11,0.0254746
Model2,3pop,10,101,200,14,0.0241808
Model2,3pop,10,201,300,13,0.0322429
Model2,3pop,10,301,400,7,0.0225085
Model2,3pop,10,401,500,13,0.0364068
Model2,3pop,10,501,600,13,0.0343277
Model2,3pop,10,601,700,13,0.0463164
Model2,3pop,10,701,800,9,0.0228249
Model2,3pop,10,801,900,10,0.021661
Model2,3pop,10,901,1000,9,0.017339
Model2,3pop,6,1,100,12,0.0178701
Model2,3pop,6,101,200,12,0.0187853
Model2,3pop,6,201,300,11,0.0222881
Model2,3pop,6,301,400,13,0.0207288
Model2,3pop,6,401,500,17,0.0291356
Model2,3pop,6,501,600,8,0.0147006
Model2,3pop,6,601,700,10,0.0165706
Model2,3pop,6,701,800,9,0.0143051
Model2,3pop,6,801,900,11,0.0250452
Model2,3pop,6,901,1000,13,0.0225198
Model2,3pop,6,1,100,10,0.0209548
Model2,3pop,6,101,200,13,0.0357458
Model2,3pop,6,201,300,10,0.0177345
Model2,3pop,6,301,400,13,0.0222542
Model2,3pop,6,401,500,14,0.0336328
Model2,3pop,6,501,600,11,0.0182034
Model2,3pop,6,601,700,16,0.0322486
Model2,3pop,6,701,800,14,0.0182429
Model2,3pop,6,801,900,9,0.0153446
Model2,3pop,6,901,1000,7,0.0139435
Model2,3pop,19,1,100,20,0.0395876
Model2,3pop,19,101,200,13,0.0355367
Model2,3pop,19,201,300,11,0.0246045
Model2,3pop,19,301,400,18,0.0501469
Model2,3pop,19,401,500,14,0.0357797
Model2,3pop,19,501,600,16,0.0480339
Model2,3pop,19,601,700,18,0.0521243
Model2,3pop,19,701,800,18,0.0469548
Model2,3pop,19,801,900,16,0.0474237
Model2,3pop,19,901,1000,16,0.0291186
Model2,3pop,1,1,100,11,0.0297062
Model2,3pop,1,101,200,13,0.0362034
Model2,3pop,1,201,300,12,0.0289718
Model2,3pop,1,301,400,9,0.0331356
Model2,3pop,1,401,500,14,0.0337571
Model2,3pop,1,501,600,14,0.0386215
Model2,3pop,1,601,700,6,0.0212373
Model2,3pop,1,701,800,14,0.0393559
Model2,3pop,1,801,900,13,0.029435
Model2,3pop,1,901,1000,11,0.0364633
Model2,3pop,14,1,100,13,0.0105141
Model2,3pop,14,101,200,11,0.0169435
Model2,3pop,14,201,300,14,0.0218079
Model2,3pop,14,301,400,11,0.0213503
Model2,3pop,14,401,500,8,0.0130395
Model2,3pop,14,501,600,12,0.024209
Model2,3pop,14,601,700,11,0.0157062
Model2,3pop,14,701,800,12,0.0243955
Model2,3pop,14,801,900,15,0.0216384
Model2,3pop,14,901,1000,8,0.00968362
Model2,3pop,1,1,100,12,0.0259435
Model2,3pop,1,101,200,15,0.0206949
Model2,3pop,1,201,300,8,0.0170395
Model2,3pop,1,301,400,13,0.0151921
Model2,3pop,1,401,500,11,0.0148531
Model2,3pop,1,501,600,11,0.0174633
Model2,3pop,1,601,700,12,0.016565
Model2,3pop,1,701,800,11,0.0182881
Model2,3pop,1,801,900,7,0.00841808
Model2,3pop,1,901,1000,10,0.00843503
Model2,3pop,15,1,100,13,0.024791
Model2,3pop,15,101,200,12,0.0159096
Model2,3pop,15,201,300,7,0.0100169
Model2,3pop,15,301,400,14,0.0288418
Model2,3pop,15,401,500,10,0.0187627
Model2,3pop,15,501,600,7,0.00681921
Model2,3pop,15,601,700,10,0.00676271
Model2,3pop,15,701,800,12,0.0187175
Model2,3pop,15,801,900,13,0.0177966
Model2,3pop,15,901,1000,8,0.0139153
Model2,3pop,6,1,100,6,0.0060678
Model2,3pop,6,101,200,5,0.00961017
Model2,3pop,6,201,300,5,0.0104746
Model2,3pop,6,301,400,6,0.0189831
Model2,3pop,6,401,500,10,0.015113
Model2,3pop,6,501,600,16,0.0246102
Model2,3pop,6,601,700,13,0.0289605
Model2,3pop,6,701,800,12,0.0257175
Model2,3pop,6,801,900,17,0.0276667
Model2,3pop,6,901,1000,8,0.0114068
Model2,3pop,15,1,100,16,0.053678
Model2,3pop,15,101,200,16,0.025791
Model2,3pop,15,201,300,11,0.0240282
Model2,3pop,15,301,400,14,0.0376328
Model2,3pop,15,401,500,16,0.0309492
Model2,3pop,15,501,600,21,0.0554746
Model2,3pop,15,601,700,22,0.0535367
Model2,3pop,15,701,800,19,0.037435
Model2,3pop,15,801,900,25,0.0750113
Model2,3pop,15,901,1000,16,0.043904
Model2,3pop,11,1,100,9,0.0210734
Model2,3pop,11,101,200,17,0.0452034
Model2,3pop,11,201,300,8,0.00906215
Model2,3pop,11,301,400,5,0.00821469
Model2,3pop,11,401,500,17,0.0322034
Model2,3pop,11,501,600,12,0.0260226
Model2,3pop,11,601,700,7,0.0165763
Model2,3pop,11,701,800,10,0.0301695
Model2,3pop,11,801,900,8,0.0179379
Model2,3pop,11,901,1000,10,0.0235311
Model2,3pop,19,1,100,11,0.035113
Model2,3pop,19,101,200,24,0.0857288
Model2,3pop,19,201,300,17,0.0461864
Model2,3pop,19,301,400,17,0.0486949
Model2,3pop,19,401,500,17,0.0485706
Model2,3pop,19,501,600,19,0.0691299
Model2,3pop,19,601,700,17,0.0422994
Model2,3pop,19,701,800,12,0.0373333
Model2,3pop,19,801,900,17,0.0599153
Model2,3pop,19,901,1000,17,0.0535141
Model2,3pop,18,1,100,13,0.0218418
Model2,3pop,18,101,200,14,0.0357627
Model2,3pop,18,201,300,9,0.020791
Model2,3pop,18,301,400,12,0.0188588
Model2,3pop,18,401,500,8,0.0142881
Model2,3pop,18,501,600,10,0.0300282
Model2,3pop,18,601,700,15,0.0366271
Model2,3pop,18,701,800,16,0.0195198
Model2,3pop,18,801,900,11,0.0309718
Model2,3pop,18,901,1000,9,0.0229153
Model2,3pop,4,1,100,23,0.0710791
Model2,3pop,4,101,200,17,0.0396554
Model2,3pop,4,201,300,20,0.0553785
Model2,3pop,4,301,400,20,0.055209
Model2,3pop,4,401,500,19,0.0554068
Model2,3pop,4,501,600,28,0.0776554
Model2,3pop,4,601,700,21,0.0604124
Model2,3pop,4,701,800,17,0.0457458
Model2,3pop,4,801,900,19,0.0573333
Model2,3pop,4,901,1000,22,0.0723333
Model2,3pop,8,1,100,15,0.0155254
Model2,3pop,8,101,200,8,0.0116271
Model2,3pop,8,201,300,16,0.0211695
Model2,3pop,8,301,400,9,0.0155028
Model2,3pop,8,401,500,11,0.0191808
Model2,3pop,8,501,600,16,0.0193503
Model2,3pop,8,601,700,6,0.00847458
Model2,3pop,8,701,800,11,0.0149209
Model2,3pop,8,801,900,13,0.0248588
Model2,3pop,8,901,1000,16,0.0381582
Model2,3pop,16,1,100,18,0.0651921
Model2,3pop,16,101,200,21,0.094209
Model2,3pop,16,201,300,20,0.0633898
Model2,3pop,16,301,400,13,0.0484068
Model2,3pop,16,401,500,12,0.054452
Model2,3pop,16,501,600,13,0.0366384
Model2,3pop,16,601,700,17,0.0638079
Model2,3pop,16,701,800,12,0.0409266
Model2,3pop,16,801,900,20,0.0615141
Model2,3pop,16,901,1000,14,0.0511356
Model2,3pop,9,1,100,16,0.038904
Model2,3pop,9,101,200,8,0.0198475
Model2,3pop,9,201,300,14,0.0458475
Model2,3pop,9,301,400,14,0.0346836
Model2,3pop,9,401,500,18,0.042678
Model2,3pop,9,501,600,16,0.0328927
Model2,3pop,9,601,700,15,0.0431808
Model2,3pop,9,701,800,15,0.0388192
Model2,3pop,9,801,900,18,0.045435
Model2,3pop,9,901,1000,11,0.0315819
Model2,3pop,16,1,100,14,0.0242768
Model2,3pop,16,101,200,21,0.0440395
Model2,3pop,16,201,300,11,0.0213333
Model2,3pop,16,301,400,15,0.024226
Model2,3pop,16,401,500,21,0.0418362
Model2,3pop,16,501,600,19,0.0348023
Model2,3pop,16,601,700,14,0.0282429
Model2,3pop,16,701,800,20,0.0238249
Model2,3pop,16,801,900,21,0.0365593
Model2,3pop,16,901,1000,14,0.0272768
Model2,3pop,18,1,100,6,0.0115989
Model2,3pop,18,101,200,7,0.0139153
Model2,3pop,18,201,300,6,0.0101582
Model2,3pop,18,301,400,7,0.0104689
Model2,3pop,18,401,500,8,0.0113503
Model2,3pop,18,501,600,2,0.000666667
Model2,3pop,18,601,700,10,0.0182825
Model2,3pop,18,701,800,6,0.0178023
Model2,3pop,18,801,900,9,0.0221412
Model2,3pop,18,901,1000,6,0.00716949
Model2,3pop,19,1,100,18,0.0525085
Model2,3pop,19,101,200,15,0.0338757
Model2,3pop,19,201,300,11,0.0362712
Model2,3pop,19,301,400,15,0.0402486
Model2,3pop,19,401,500,12,0.0332316
Model2,3pop,19,501,600,15,0.038
Model2,3pop,19,601,700,17,0.046339
Model2,3pop,19,701,800,17,0.0399492
Model2,3pop,19,801,900,19,0.0451977
Model2,3pop,19,901,1000,17,0.044887
Model2,3pop,8,1,100,13,0.0314689
Model2,3pop,8,101,200,15,0.0286441
Model2,3pop,8,201,300,21,0.0537401
Model2,3pop,8,301,400,13,0.0185254
Model2,3pop,8,401,500,8,0.0142203
Model2,3pop,8,501,600,17,0.0470169
Model2,3pop,8,601,700,21,0.0383785
Model2,3pop,8,701,800,12,0.0346441
Model2,3pop,8,801,900,14,0.0427288
Model2,3pop,8,901,1000,9,0.0180565
Model2,3pop,7,1,100,11,0.00823729
Model2,3pop,7,101,200,12,0.0199944
Model2,3pop,7,201,300,13,0.0140113
Model2,3pop,7,301,400,9,0.0134746
Model2,3pop,7,401,500,10,0.0126836
Model2,3pop,7,501,600,6,0.0123785
Model2,3pop,7,601,700,10,0.0232147
Model2,3pop,7,701,800,6,0.00827119
Model2,3pop,7,801,900,10,0.00955932
Model2,3pop,7,901,1000,7,0.00964407
Model2,3pop,2,1,100,13,0.019774
Model2,3pop,2,101,200,17,0.0255424
Model2,3pop,2,201,300,6,0.00386441
Model2,3pop,2,301,400,14,0.0322429
Model2,3pop,2,401,500,8,0.00979661
Model2,3pop,2,501,600,13,0.021904
Model2,3pop,2,601,700,12,0.019548
Model2,3pop,2,701,800,9,0.0158192
Model2,3pop,2,801,900,17,0.0307119
Model2,3pop,2,901,1000,15,0.0155424
Model2,3pop,3,1,100,16,0.0180847
Model2,3pop,3,101,200,14,0.0245593
Model2,3pop,3,201,300,9,0.0138249
Model2,3pop,3,301,400,9,0.017435
Model2,3pop,3,401,500,16,0.0166441
Model2,3pop,3,501,600,16,0.0233503
Model2,3pop,3,601,700,15,0.0230508
Model2,3pop,3,701,800,10,0.0202881
Model2,3pop,3,801,900,16,0.0219774
Model2,3pop,3,901,1000,10,0.00696045
Model2,3pop,9,1,100,22,0.0378023
Model2,3pop,9,101,200,21,0.0428588
Model2,3pop,9,201,300,20,0.0492147
Model2,3pop,9,301,400,23,0.0466045
Model2,3pop,9,401,500,30,0.0765028
Model2,3pop,9,501,600,18,0.0383164
Model2,3pop,9,601,700,22,0.0528588
Model2,3pop,9,701,800,26,0.0610169
Model2,3pop,9,801,900,25,0.0596271
Model2,3pop,9,901,1000,20,0.035887
Model2,3pop,4,1,100,10,0.0248023
Model2,3pop,4,101,200,7,0.00840678
Model2,3pop,4,201,300,11,0.0304633
Model2,3pop,4,301,400,10,0.0215254
Model2,3pop,4,401,500,19,0.0489492
Model2,3pop,4,501,600,15,0.0336045
Model2,3pop,4,601,700,8,0.0157175
Model2,3pop,4,701,800,12,0.0371017
Model2,3pop,4,801,900,13,0.0318757
Model2,3pop,4,901,1000,17,0.0366102
Model2,3pop,12,1,100,9,0.0196949
Model2,3pop,12,101,200,14,0.0337571
Model2,3pop,12,201,300,9,0.00780791
Model2,3pop,12,301,400,14,0.0271638
Model2,3pop,12,401,500,15,0.0229379
Model2,3pop,12,501,600,8,0.00979661
Model2,3pop,12,601,700,12,0.0363616
Model2,3pop,12,701,800,11,0.0164294
Model2,3pop,12,801,900,11,0.0248927
Model2,3pop,12,901,1000,9,0.0241412
Model2,3pop,15,1,100,14,0.0305311
Model2,3pop,15,101,200,20,0.0495876
Model2,3pop,15,201,300,12,0.0374294
Model2,3pop,15,301,400,19,0.0544237
Model2,3pop,15,401,500,25,0.0752994
Model2,3pop,15,501,600,17,0.0382373
Model2,3pop,15,601,700,16,0.0333277
Model2,3pop,15,701,800,10,0.0184576
Model2,3pop,15,801,900,23,0.0526836
Model2,3pop,15,901,1000,14,0.0374011
Model2,3pop,12,1,100,11,0.0154915
Model2,3pop,12,101,200,8,0.0137062
Model2,3pop,12,201,300,10,0.017
Model2,3pop,12,301,400,12,0.0179096
Model2,3pop,12,401,500,8,0.0129718
Model2,3pop,12,501,600,10,0.0177514
Model2,3pop,12,601,700,15,0.0226045
Model2,3pop,12,701,800,11,0.0214576
Model2,3pop,12,801,900,12,0.0193616
Model2,3pop,12,901,1000,5,0.0104294
Model2,3pop,13,1,100,17,0.0306102
Model2,3pop,13,101,200,14,0.0242768
Model2,3pop,13,201,300,12,0.0158701
Model2,3pop,13,301,400,14,0.0169605
Model2,3pop,13,401,500,14,0.0269887
Model2,3pop,13,501,600,14,0.0324746
Model2,3pop,13,601,700,13,0.0250282
Model2,3pop,13,701,800,15,0.0248983
Model2,3pop,13,801,900,14,0.0274915
Model2,3pop,13,901,1000,6,0.0141299
Model2,3pop,6,1,100,13,0.0149831
Model2,3pop,6,101,200,9,0.0105763
Model2,3pop,6,201,300,9,0.0154463
Model2,3pop,6,301,400,11,0.0101017
Model2,3pop,6,401,500,9,0.0200339
Model2,3pop,6,501,600,10,0.019322
Model2,3pop,6,601,700,15,0.0222599
Model2,3pop,6,701,800,12,0.0231638
Model2,3pop,6,801,900,10,0.0183503
Model2,3pop,6,901,1000,7,0.0189887
Model2,3pop,5,1,100,7,0.0138136
Model2,3pop,5,101,200,7,0.0164746
Model2,3pop,5,201,300,12,0.0355367
Model2,3pop,5,301,400,7,0.00887571
Model2,3pop,5,401,500,11,0.0296271
Model2,3pop,5,501,600,13,0.0307627
Model2,3pop,5,601,700,15,0.0188023
Model2,3pop,5,701,800,8,0.0153164
Model2,3pop,5,801,900,8,0.0242938
Model2,3pop,5,901,1000,15,0.0370904
Model2,3pop,10,1,100,13,0.045226
Model2,3pop,10,101,200,24,0.0872542
Model2,3pop,10,201,300,15,0.0333955
Model2,3pop,10,301,400,13,0.0376893
Model2,3pop,10,401,500,18,0.0485367
Model2,3pop,10,501,600,23,0.0688362
Model2,3pop,10,601,700,21,0.0653898
Model2,3pop,10,701,800,12,0.0306497
Model2,3pop,10,801,900,19,0.0456045
Model2,3pop,10,901,1000,16,0.0555593
Model2,3pop,0,1,100,14,0.0292994
Model2,3pop,0,101,200,11,0.0193559
Model2,3pop,0,201,300,13,0.0247401
Model2,3pop,0,301,400,10,0.0243955
Model2,3pop,0,401,500,13,0.028339
Model2,3pop,0,501,600,11,0.0244237
Model2,3pop,0,601,700,12,0.025904
Model2,3pop,0,701,800,16,0.0437627
Model2,3pop,0,801,900,12,0.0260169
Model2,3pop,0,901,1000,9,0.0195141
Model2,3pop,2,1,100,16,0.0261412
Model2,3pop,2,101,200,19,0.0402881
Model2,3pop,2,201,300,23,0.0521695
Model2,3pop,2,301,400,17,0.0435141
Model2,3pop,2,401,500,9,0.0210847
Model2,3pop,2,501,600,24,0.0569831
Model2,3pop,2,601,700,17,0.0426836
Model2,3pop,2,701,800,21,0.0474463
Model2,3pop,2,801,900,14,0.028774
Model2,3pop,2,901,1000,17,0.0399379
Model2,3pop,4,1,100,17,0.030322
Model2,3pop,4,101,200,16,0.0266045
Model2,3pop,4,201,300,8,0.0172768
Model2,3pop,4,301,400,15,0.0274576
Model2,3pop,4,401,500,10,0.0172429
Model2,3pop,4,501,600,15,0.0310621
Model2,3pop,4,601,700,22,0.0378644
Model2,3pop,4,701,800,14,0.0228079
Model2,3pop,4,801,900,19,0.0333446
Model2,3pop,4,901,1000,15,0.0419492
Model2,3pop,5,1,100,8,0.00933333
Model2,3pop,5,101,200,9,0.0176893
Model2,3pop,5,201,300,8,0.0204294
Model2,3pop,5,301,400,3,0.00164407
Model2,3pop,5,401,500,10,0.014565
Model2,3pop,5,501,600,11,0.013887
Model2,3pop,5,601,700,10,0.0127458
Model2,3pop,5,701,800,13,0.0206497
Model2,3pop,5,801,900,14,0.0258757
Model2,3pop,5,901,1000,14,0.0328079
Model2,3pop,15,1,100,13,0.0289096
Model2,3pop,15,101,200,21,0.0379492
Model2,3pop,15,201,300,24,0.0454802
Model2,3pop,15,301,400,19,0.0223616
Model2,3pop,15,401,500,14,0.0152429
Model2,3pop,15,501,600,17,0.0275367
Model2,3pop,15,601,700,16,0.0208644
Model2,3pop,15,701,800,16,0.0260113
Model2,3pop,15,801,900,24,0.0231073
Model2,3pop,15,901,1000,14,0.0154859
Model2,3pop,9,1,100,7,0.0241582
Model2,3pop,9,101,200,6,0.0122599
Model2,3pop,9,201,300,6,0.0131921
Model2,3pop,9,301,400,16,0.0403729
Model2,3pop,9,401,500,16,0.0453107
Model2,3pop,9,501,600,15,0.043548
Model2,3pop,9,601,700,8,0.031209
Model2,3pop,9,701,800,11,0.0365141
Model2,3pop,9,801,900,10,0.0394576
Model2,3pop,9,901,1000,7,0.0202712
Model2,3pop,7,1,100,8,0.0164576
Model2,3pop,7,101,200,8,0.0170565
Model2,3pop,7,201,300,13,0.0296215
Model2,3pop,7,301,400,10,0.0138418
Model2,3pop,7,401,500,9,0.0148418
Model2,3pop,7,501,600,8,0.0233729
Model2,3pop,7,601,700,10,0.0119605
Model2,3pop,7,701,800,8,0.0120452
Model2,3pop,7,801,900,9,0.017339
Model2,3pop,7,901,1000,6,0.0153107
Model2,3pop,7,1,100,13,0.0282712
Model2,3pop,7,101,200,13,0.0318475
Model2,3pop,7,201,300,16,0.0447401
Model2,3pop,7,301,400,17,0.0476497
Model2,3pop,7,401,500,10,0.0313898
Model2,3pop,7,501,600,9,0.018774
Model2,3pop,7,601,700,12,0.0433107
Model2,3pop,7,701,800,14,0.0401469
Model2,3pop,7,801,900,22,0.0637797
Model2,3pop,7,901,1000,12,0.0297119
Model2,3pop,2,1,100,14,0.0405198
Model2,3pop,2,101,200,11,0.032209
Model2,3pop,2,201,300,12,0.0382825
Model2,3pop,2,301,400,14,0.0362994
Model2,3pop,2,401,500,12,0.0232147
Model2,3pop,2,501,600,14,0.0280169
Model2,3pop,2,601,700,14,0.0330282
Model2,3pop,2,701,800,12,0.0270056
Model2,3pop,2,801,900,13,0.0527514
Model2,3pop,2,901,1000,15,0.0394576
Model2,3pop,9,1,100,8,0.0116045
Model2,3pop,9,101,200,17,0.0238418
Model2,3pop,9,201,300,9,0.0090565
Model2,3pop,9,301,400,12,0.0173446
Model2,3pop,9,401,500,10,0.00674011
Model2,3pop,9,501,600,8,0.00744633
Model2,3pop,9,601,700,13,0.0172655
Model2,3pop,9,701,800,13,0.0142938
Model2,3pop,9,801,900,12,0.0148475
Model2,3pop,9,901,1000,9,0.0111525
Model2,3pop,10,1,100,15,0.0414633
Model2,3pop,10,101,200,9,0.0189661
Model2,3pop,10,201,300,10,0.0298588
Model2,3pop,10,301,400,12,0.0304802
Model2,3pop,10,401,500,9,0.0252712
Model2,3pop,10,501,600,17,0.0342768
Model2,3pop,10,601,700,9,0.0241808
Model2,3pop,10,701,800,11,0.0210734
Model2,3pop,10,801,900,15,0.0292768
Model2,3pop,10,901,1000,16,0.0386893
Model2,3pop,1,1,100,17,0.0372768
Model2,3pop,1,101,200,10,0.0240904
Model2,3pop,1,201,300,16,0.0301525
Model2,3pop,1,301,400,10,0.0294689
Model2,3pop,1,401,500,13,0.0237288
Model2,3pop,1,501,600,10,0.0186328
Model2,3pop,1,601,700,20,0.030435
Model2,3pop,1,701,800,11,0.017
Model2,3pop,1,801,900,11,0.0327966
Model2,3pop,1,901,1000,9,0.0181808
Model2,3pop,5,1,100,15,0.0401469
Model2,3pop,5,101,200,21,0.0413785
Model2,3pop,5,201,300,12,0.0327458
Model2,3pop,5,301,400,12,0.0211864
Model2,3pop,5,401,500,18,0.0444633
Model2,3pop,5,501,600,12,0.0201977
Model2,3pop,5,601,700,14,0.0282373
Model2,3pop,5,701,800,11,0.026678
Model2,3pop,5,801,900,16,0.0357627
Model2,3pop,5,901,1000,14,0.038
Model2,3pop,14,1,100,12,0.0275028
Model2,3pop,14,101,200,13,0.0195876
Model2,3pop,14,201,300,17,0.0347458
Model2,3pop,14,301,400,19,0.0429661
Model2,3pop,14,401,500,21,0.0560452
Model2,3pop,14,501,600,18,0.0391582
Model2,3pop,14,601,700,14,0.0405311
Model2,3pop,14,701,800,16,0.0379831
Model2,3pop,14,801,900,19,0.0214181
Model2,3pop,14,901,1000,12,0.0304576
Model2,3pop,17,1,100,6,0.00575706
Model2,3pop,17,101,200,7,0.0188814
Model2,3pop,17,201,300,5,0.00867797
Model2,3pop,17,301,400,11,0.0214576
Model2,3pop,17,401,500,11,0.0201808
Model2,3pop,17,501,600,7,0.0188418
Model2,3pop,17,601,700,14,0.035113
Model2,3pop,17,701,800,10,0.0316384
Model2,3pop,17,801,900,9,0.0202712
Model2,3pop,17,901,1000,8,0.0174689
Model2,3pop,16,1,100,8,0.0107232
Model2,3pop,16,101,200,6,0.00690395
Model2,3pop,16,201,300,10,0.0236271
Model2,3pop,16,301,400,9,0.00457627
Model2,3pop,16,401,500,6,0.0116384
Model2,3pop,16,501,600,9,0.0188588
Model2,3pop,16,601,700,8,0.00548588
Model2,3pop,16,701,800,3,0.00421469
Model2,3pop,16,801,900,6,0.0101582
Model2,3pop,16,901,1000,12,0.0206949
Model2,3pop,5,1,100,12,0.0306949
Model2,3pop,5,101,200,15,0.0383672
Model2,3pop,5,201,300,15,0.0438023
Model2,3pop,5,301,400,14,0.0317853
Model2,3pop,5,401,500,18,0.0410395
Model2,3pop,5,501,600,19,0.032791
Model2,3pop,5,601,700,14,0.0416271
Model2,3pop,5,701,800,21,0.0591299
Model2,3pop,5,801,900,22,0.0461243
Model2,3pop,5,901,1000,22,0.0639944
Model2,3pop,1,1,100,13,0.0265424
Model2,3pop,1,101,200,13,0.0275198
Model2,3pop,1,201,300,10,0.0196836
Model2,3pop,1,301,400,15,0.0381243
Model2,3pop,1,401,500,14,0.0274633
Model2,3pop,1,501,600,14,0.0341751
Model2,3pop,1,601,700,17,0.0316102
Model2,3pop,1,701,800,18,0.034452
Model2,3pop,1,801,900,12,0.0149887
Model2,3pop,1,901,1000,19,0.0335311
Model2,3pop,13,1,100,9,0.0211243
Model2,3pop,13,101,200,12,0.0243672
Model2,3pop,13,201,300,15,0.0149492
Model2,3pop,13,301,400,12,0.0134294
Model2,3pop,13,401,500,4,0.005
Model2,3pop,13,501,600,11,0.0229887
Model2,3pop,13,601,700,14,0.0175537
Model2,3pop,13,701,800,10,0.00968362
Model2,3pop,13,801,900,8,0.0137458
Model2,3pop,13,901,1000,11,0.0182486
Model2,3pop,18,1,100,4,0.0049774
Model2,3pop,18,101,200,9,0.0122034
Model2,3pop,18,201,300,8,0.0172316
Model2,3pop,18,301,400,7,0.0110113
Model2,3pop,18,401,500,9,0.00846893
Model2,3pop,18,501,600,10,0.0109209
Model2,3pop,18,601,700,10,0.00574011
Model2,3pop,18,701,800,8,0.00425989
Model2,3pop,18,801,900,9,0.0145763
Model2,3pop,18,901,1000,5,0.00323164
Model2,3pop,10,1,100,11,0.0272429
Model2,3pop,10,101,200,15,0.0269209
Model2,3pop,10,201,300,13,0.0221977
Model2,3pop,10,301,400,11,0.0216328
Model2,3pop,10,401,500,11,0.0190734
Model2,3pop,10,501,600,7,0.0117797
Model2,3pop,10,601,700,10,0.0288192
Model2,3pop,10,701,800,10,0.0230565
Model2,3pop,10,801,900,7,0.0207119
Model2,3pop,10,901,1000,13,0.027209
Model2,3pop,5,1,100,16,0.0400734
Model2,3pop,5,101,200,13,0.0382034
Model2,3pop,5,201,300,19,0.0606384
Model2,3pop,5,301,400,18,0.0512429
Model2,3pop,5,401,500,20,0.0644068
Model2,3pop,5,501,600,21,0.0472203
Model2,3pop,5,601,700,25,0.0853446
Model2,3pop,5,701,800,24,0.0658305
Model2,3pop,5,801,900,12,0.037096
Model2,3pop,5,901,1000,27,0.0846667
Model2,3pop,17,1,100,9,0.0196384
Model2,3pop,17,101,200,9,0.021887
Model2,3pop,17,201,300,6,0.0141582
Model2,3pop,17,301,400,6,0.0131299
Model2,3pop,17,401,500,10,0.0310113
Model2,3pop,17,501,600,15,0.0442034
Model2,3pop,17,601,700,7,0.0137627
Model2,3pop,17,701,800,11,0.0289096
Model2,3pop,17,801,900,9,0.0235819
Model2,3pop,17,901,1000,7,0.00874011
Model2,3pop,9,1,100,18,0.0323333
Model2,3pop,9,101,200,17,0.0190282
Model2,3pop,9,201,300,16,0.0315141
Model2,3pop,9,301,400,12,0.0270056
Model2,3pop,9,401,500,17,0.0393164
Model2,3pop,9,501,600,21,0.0406158
Model2,3pop,9,601,700,17,0.0265537
Model2,3pop,9,701,800,14,0.0279661
Model2,3pop,9,801,900,14,0.020452
Model2,3pop,9,901,1000,21,0.0345254
Model2,3pop,4,1,100,16,0.0433729
Model2,3pop,4,101,200,20,0.0502429
Model2,3pop,4,201,300,14,0.0369548
Model2,3pop,4,301,400,18,0.0416441
Model2,3pop,4,401,500,18,0.0330791
Model2,3pop,4,501,600,17,0.0438023
Model2,3pop,4,601,700,19,0.0548023
Model2,3pop,4,701,800,17,0.0571977
Model2,3pop,4,801,900,15,0.0423672
Model2,3pop,4,901,1000,19,0.064678
Model2,3pop,11,1,100,22,0.0507232
Model2,3pop,11,101,200,23,0.0532542
Model2,3pop,11,201,300,21,0.0574237
Model2,3pop,11,301,400,18,0.0436441
Model2,3pop,11,401,500,21,0.059548
Model2,3pop,11,501,600,23,0.0592203
Model2,3pop,11,601,700,26,0.0675254
Model2,3pop,11,701,800,20,0.0572825
Model2,3pop,11,801,900,17,0.0524972
Model2,3pop,11,901,1000,26,0.0760452
Model2,3pop,11,1,100,10,0.0185932
Model2,3pop,11,101,200,9,0.00718644
Model2,3pop,11,201,300,9,0.0138701
Model2,3pop,11,301,400,18,0.0284633
Model2,3pop,11,401,500,10,0.0212881
Model2,3pop,11,501,600,9,0.0204915
Model2,3pop,11,601,700,10,0.0121751
Model2,3pop,11,701,800,8,0.0179435
Model2,3pop,11,801,900,15,0.0312881
Model2,3pop,11,901,1000,13,0.0217458
Model2,3pop,17,1,100,27,0.0381243
Model2,3pop,17,101,200,25,0.047226
Model2,3pop,17,201,300,14,0.0271977
Model2,3pop,17,301,400,29,0.0548305
Model2,3pop,17,401,500,19,0.0369605
Model2,3pop,17,501,600,26,0.0405989
Model2,3pop,17,601,700,22,0.0363051
Model2,3pop,17,701,800,22,0.038452
Model2,3pop,17,801,900,21,0.0423503
Model2,3pop,17,901,1000,18,0.0309096
Model2,3pop,9,1,100,9,0.010565
Model2,3pop,9,101,200,9,0.0179153
Model2,3pop,9,201,300,15,0.022791
Model2,3pop,9,301,400,16,0.0240508
Model2,3pop,9,401,500,15,0.0228701
Model2,3pop,9,501,600,14,0.0172147
Model2,3pop,9,601,700,21,0.0450169
Model2,3pop,9,701,800,16,0.0234802
Model2,3pop,9,801,900,11,0.0168644
Model2,3pop,9,901,1000,20,0.0255932
Model2,3pop,1,1,100,14,0.0189322
Model2,3pop,1,101,200,14,0.0220508
Model2,3pop,1,201,300,19,0.0232034
Model2,3pop,1,301,400,14,0.033661
Model2,3pop,1,401,500,9,0.0124124
Model2,3pop,1,501,600,13,0.0255763
Model2,3pop,1,601,700,9,0.0181525
Model2,3pop,1,701,800,6,0.00981356
Model2,3pop,1,801,900,17,0.0245085
Model2,3pop,1,901,1000,17,0.025791
Model2,3pop,19,1,100,16,0.0449661
Model2,3pop,19,101,200,18,0.0470113
Model2,3pop,19,201,300,14,0.0390565
Model2,3pop,19,301,400,13,0.0434463
Model2,3pop,19,401,500,10,0.0288418
Model2,3pop,19,501,600,16,0.0435763
Model2,3pop,19,601,700,12,0.0379379
Model2,3pop,19,701,800,11,0.0237514
Model2,3pop,19,801,900,12,0.038435
Model2,3pop,19,901,1000,14,0.040339
Model2,3pop,11,1,100,12,0.0146949
Model2,3pop,11,101,200,14,0.0304746
Model2,3pop,11,201,300,9,0.0110565
Model2,3pop,11,301,400,11,0.0226949
Model2,3pop,11,401,500,9,0.0125028
Model2,3pop,11,501,600,10,0.0229774
Model2,3pop,11,601,700,12,0.0116102
Model2,3pop,11,701,800,7,0.00803955
Model2,3pop,11,801,900,10,0.0151412
Model2,3pop,11,901,1000,11,0.0165876
Model2,3pop,12,1,100,14,0.0288475
Model2,3pop,12,101,200,14,0.0353107
Model2,3pop,12,201,300,17,0.0377797
Model2,3pop,12,301,400,23,0.0479322
Model2,3pop,12,401,500,14,0.0299605
Model2,3pop,12,501,600,24,0.0641977
Model2,3pop,12,601,700,18,0.0386893
Model2,3pop,12,701,800,17,0.038565
Model2,3pop,12,801,900,19,0.0409774
Model2,3pop,12,901,1000,16,0.0318305
Model2,3pop,7,1,100,12,0.0401469
Model2,3pop,7,101,200,9,0.0213672
Model2,3pop,7,201,300,12,0.0261412
Model2,3pop,7,301,400,15,0.0301299
Model2,3pop,7,401,500,13,0.0350113
Model2,3pop,7,501,600,10,0.023678
Model2,3pop,7,601,700,5,0.0164972
Model2,3pop,7,701,800,7,0.0235367
Model2,3pop,7,801,900,7,0.0165763
Model2,3pop,7,901,1000,11,0.0335028
Model2,3pop,10,1,100,16,0.0346554
Model2,3pop,10,101,200,16,0.0311243
Model2,3pop,10,201,300,17,0.036096
Model2,3pop,10,301,400,16,0.0365593
Model2,3pop,10,401,500,13,0.0241977
Model2,3pop,10,501,600,15,0.0272994
Model2,3pop,10,601,700,15,0.0281921
Model2,3pop,10,701,800,18,0.0361921
Model2,3pop,10,801,900,22,0.0471412
Model2,3pop,10,901,1000,12,0.0211243
Model2,3pop,12,1,100,22,0.0537684
Model2,3pop,12,101,200,21,0.0475932
Model2,3pop,12,201,300,34,0.0783898
Model2,3pop,12,301,400,28,0.0684124
Model2,3pop,12,401,500,28,0.083113
Model2,3pop,12,501,600,29,0.0711243
Model2,3pop,12,601,700,29,0.0808983
Model2,3pop,12,701,800,17,0.046339
Model2,3pop,12,801,900,25,0.0627458
Model2,3pop,12,901,1000,25,0.0647345
Model2,3pop,0,1,100,20,0.0268644
Model2,3pop,0,101,200,12,0.0217345
Model2,3pop,0,201,300,15,0.0336441
Model2,3pop,0,301,400,8,0.0160904
Model2,3pop,0,401,500,10,0.0234746
Model2,3pop,0,501,600,11,0.0254294
Model2,3pop,0,601,700,13,0.035548
Model2,3pop,0,701,800,12,0.0301186
Model2,3pop,0,801,900,9,0.0234802
Model2,3pop,0,901,1000,13,0.0281525
Model2,3pop,13,1,100,12,0.0237514
Model2,3pop,13,101,200,8,0.00991525
Model2,3pop,13,201,300,13,0.0271299
Model2,3pop,13,301,400,11,0.0246949
Model2,3pop,13,401,500,9,0.0282938
Model2,3pop,13,501,600,12,0.0261356
Model2,3pop,13,601,700,9,0.0123559
Model2,3pop,13,701,800,13,0.0123333
Model2,3pop,13,801,900,9,0.0194294
Model2,3pop,13,901,1000,14,0.0307401
Model2,3pop,4,1,100,19,0.0517966
Model2,3pop,4,101,200,12,0.0348192
Model2,3pop,4,201,300,18,0.0458249
Model2,3pop,4,301,400,9,0.0244633
Model2,3pop,4,401,500,12,0.0391977
Model2,3pop,4,501,600,14,0.0582938
Model2,3pop,4,601,700,11,0.0404859
Model2,3pop,4,701,800,11,0.0279266
Model2,3pop,4,801,900,6,0.0119605
Model2,3pop,4,901,1000,9,0.0337232
Model2,3pop,9,1,100,19,0.0481073
Model2,3pop,9,101,200,9,0.0346836
Model2,3pop,9,201,300,16,0.0406949
Model2,3pop,9,301,400,11,0.0429887
Model2,3pop,9,401,500,15,0.0574859
Model2,3pop,9,501,600,15,0.0374633
Model2,3pop,9,601,700,17,0.0565311
Model2,3pop,9,701,800,15,0.0464294
Model2,3pop,9,801,900,15,0.0505763
Model2,3pop,9,901,1000,16,0.0484802
Model2,3pop,15,1,100,10,0.0235311
Model2,3pop,15,101,200,19,0.0501525
Model2,3pop,15,201,300,8,0.0149661
Model2,3pop,15,301,400,13,0.0264181
Model2,3pop,15,401,500,14,0.0344576
Model2,3pop,15,501,600,14,0.0351299
Model2,3pop,15,601,700,18,0.0314633
Model2,3pop,15,701,800,14,0.0454294
Model2,3pop,15,801,900,14,0.0313785
Model2,3pop,15,901,1000,18,0.045209
Model2,3pop,1,1,100,11,0.0282542
Model2,3pop,1,101,200,8,0.0240452
Model2,3pop,1,201,300,11,0.0110508
Model2,3pop,1,301,400,11,0.0171243
Model2,3pop,1,401,500,9,0.0206554
Model2,3pop,1,501,600,12,0.023435
Model2,3pop,1,601,700,8,0.00815819
Model2,3pop,1,701,800,6,0.0118588
Model2,3pop,1,801,900,18,0.0298927
Model2,3pop,1,901,1000,6,0.00614124
Model2,3pop,4,1,100,8,0.0133446
Model2,3pop,4,101,200,9,0.0173164
Model2,3pop,4,201,300,13,0.0249209
Model2,3pop,4,301,400,7,0.0132712
Model2,3pop,4,401,500,8,0.0124124
Model2,3pop,4,501,600,9,0.0152655
Model2,3pop,4,601,700,13,0.0240169
Model2,3pop,4,701,800,7,0.014339
Model2,3pop,4,801,900,8,0.013322
Model2,3pop,4,901,1000,7,0.0122486
Model2,3pop,18,1,100,15,0.0311751
Model2,3pop,18,101,200,22,0.0572373
Model2,3pop,18,201,300,13,0.0273616
Model2,3pop,18,301,400,27,0.0571356
Model2,3pop,18,401,500,17,0.0318701
Model2,3pop,18,501,600,22,0.0442938
Model2,3pop,18,601,700,15,0.0401751
Model2,3pop,18,701,800,14,0.035452
Model2,3pop,18,801,900,17,0.0362429
Model2,3pop,18,901,1000,18,0.0442881
Model2,3pop,16,1,100,13,0.0143672
Model2,3pop,16,101,200,17,0.0234746
Model2,3pop,16,201,300,15,0.0223616
Model2,3pop,16,301,400,21,0.0289831
Model2,3pop,16,401,500,12,0.0279605
Model2,3pop,16,501,600,12,0.0149774
Model2,3pop,16,601,700,13,0.0213051
Model2,3pop,16,701,800,15,0.0198927
Model2,3pop,16,801,900,10,0.0150904
Model2,3pop,16,901,1000,14,0.0199774
Model2,3pop,3,1,100,25,0.102627
Model2,3pop,3,101,200,21,0.0665141
Model2,3pop,3,201,300,19,0.0575706
Model2,3pop,3,301,400,20,0.0758644
Model2,3pop,3,401,500,28,0.104559
Model2,3pop,3,501,600,23,0.086548
Model2,3pop,3,601,700,23,0.098678
Model2,3pop,3,701,800,20,0.0571977
Model2,3pop,3,801,900,22,0.0712034
Model2,3pop,3,901,1000,16,0.0664746
Model2,3pop,0,1,100,14,0.0337458
Model2,3pop,0,101,200,22,0.0683898
Model2,3pop,0,201,300,23,0.0833672
Model2,3pop,0,301,400,19,0.0691412
Model2,3pop,0,401,500,14,0.0459209
Model2,3pop,0,501,600,18,0.0718362
Model2,3pop,0,601,700,18,0.0518983
Model2,3pop,0,701,800,24,0.075209
Model2,3pop,0,801,900,19,0.0682542
Model2,3pop,0,901,1000,26,0.0733616
Model2,3pop,3,1,100,9,0.0104237
Model2,3pop,3,101,200,14,0.0287232
Model2,3pop,3,201,300,9,0.00976836
Model2,3pop,3,301,400,9,0.00961582
Model2,3pop,3,401,500,5,0.00714689
Model2,3pop,3,501,600,12,0.0180678
Model2,3pop,3,601,700,9,0.00848023
Model2,3pop,3,701,800,6,0.0124068
Model2,3pop,3,801,900,8,0.015548
Model2,3pop,3,901,1000,9,0.0145876
Model2,3pop,8,1,100,12,0.0156045
Model2,3pop,8,101,200,11,0.0293277
Model2,3pop,8,201,300,12,0.0287514
Model2,3pop,8,301,400,15,0.0246893
Model2,3pop,8,401,500,7,0.0189887
Model2,3pop,8,501,600,8,0.0123898
Model2,3pop,8,601,700,8,0.0218079
Model2,3pop,8,701,800,11,0.0219944
Model2,3pop,8,801,900,14,0.018904
Model2,3pop,8,901,1000,7,0.00959887
Model2,3pop,5,1,100,12,0.0257401
Model2,3pop,5,101,200,7,0.00992655
Model2,3pop,5,201,300,7,0.0129718
Model2,3pop,5,301,400,17,0.0241243
Model2,3pop,5,401,500,7,0.00978531
Model2,3pop,5,501,600,9,0.0118305
Model2,3pop,5,601,700,10,0.0136893
Model2,3pop,5,701,800,11,0.0181017
Model2,3pop,5,801,900,10,0.020678
Model2,3pop,5,901,1000,8,0.0181525
Model2,3pop,3,1,100,7,0.0168023
Model2,3pop,3,101,200,12,0.0196384
Model2,3pop,3,201,300,11,0.031678
Model2,3pop,3,301,400,8,0.0141299
Model2,3pop,3,401,500,11,0.0346158
Model2,3pop,3,501,600,14,0.0356441
Model2,3pop,3,601,700,8,0.017452
Model2,3pop,3,701,800,15,0.024322
Model2,3pop,3,801,900,9,0.0212768
Model2,3pop,3,901,1000,14,0.0310734
Model2,3pop,10,1,100,14,0.0325593
Model2,3pop,10,101,200,11,0.0268588
Model2,3pop,10,201,300,10,0.0191808
Model2,3pop,10,301,400,11,0.0224294
Model2,3pop,10,401,500,13,0.0286215
Model2,3pop,10,501,600,12,0.0323333
Model2,3pop,10,601,700,17,0.0282655
Model2,3pop,10,701,800,11,0.0252203
Model2,3pop,10,801,900,9,0.0165028
Model2,3pop,10,901,1000,11,0.0223729
Model2,3pop,13,1,100,13,0.0259435
Model2,3pop,13,101,200,12,0.0251582
Model2,3pop,13,201,300,17,0.0387288
Model2,3pop,13,301,400,15,0.0326271
Model2,3pop,13,401,500,8,0.017452
Model2,3pop,13,501,600,11,0.0347966
Model2,3pop,13,601,700,12,0.0259209
Model2,3pop,13,701,800,16,0.0436497
Model2,3pop,13,801,900,22,0.0544633
Model2,3pop,13,901,1000,13,0.0261921
Model2,3pop,9,1,100,17,0.0378249
Model2,3pop,9,101,200,11,0.017565
Model2,3pop,9,201,300,16,0.0367119
Model2,3pop,9,301,400,11,0.0260734
Model2,3pop,9,401,500,14,0.0285932
Model2,3pop,9,501,600,17,0.0417627
Model2,3pop,9,601,700,10,0.0312938
Model2,3pop,9,701,800,13,0.0325424
Model2,3pop,9,801,900,12,0.027
Model2,3pop,9,901,1000,18,0.0334068
Model2,3pop,12,1,100,12,0.0360452
Model2,3pop,12,101,200,7,0.0176949
Model2,3pop,12,201,300,11,0.0292994
Model2,3pop,12,301,400,8,0.0157345
Model2,3pop,12,401,500,13,0.0369435
Model2,3pop,12,501,600,14,0.0232542
Model2,3pop,12,601,700,9,0.0292034
Model2,3pop,12,701,800,14,0.0401638
Model2,3pop,12,801,900,10,0.028791
Model2,3pop,12,901,1000,7,0.00976836
Model2,3pop,2,1,100,10,0.0118701
Model2,3pop,2,101,200,12,0.0181751
Model2,3pop,2,201,300,13,0.0260621
Model2,3pop,2,301,400,5,0.00746893
Model2,3pop,2,401,500,10,0.0156441
Model2,3pop,2,501,600,16,0.0352994
Model2,3pop,2,601,700,12,0.014774
Model2,3pop,2,701,800,17,0.0393955
Model2,3pop,2,801,900,11,0.0165537
Model2,3pop,2,901,1000,12,0.0309661
Model2,3pop,17,1,100,11,0.0246949
Model2,3pop,17,101,200,13,0.0410169
Model2,3pop,17,201,300,21,0.0559718
Model2,3pop,17,301,400,11,0.0202486
Model2,3pop,17,401,500,20,0.0411073
Model2,3pop,17,501,600,13,0.0351808
Model2,3pop,17,601,700,8,0.0202881
Model2,3pop,17,701,800,21,0.0597232
Model2,3pop,17,801,900,13,0.0218983
Model2,3pop,17,901,1000,13,0.0202542
Model2,3pop,0,1,100,17,0.0395141
Model2,3pop,0,101,200,18,0.0438305
Model2,3pop,0,201,300,21,0.0564181
Model2,3pop,0,301,400,17,0.0324859
Model2,3pop,0,401,500,18,0.0531864
Model2,3pop,0,501,600,17,0.0469661
Model2,3pop,0,601,700,17,0.0424689
Model2,3pop,0,701,800,21,0.0518757
Model2,3pop,0,801,900,27,0.0657401
Model2,3pop,0,901,1000,19,0.0389605
Model2,3pop,19,1,100,7,0.0168927
Model2,3pop,19,101,200,7,0.0192712
Model2,3pop,19,201,300,9,0.0242768
Model2,3pop,19,301,400,6,0.0103051
Model2,3pop,19,401,500,11,0.0283955
Model2,3pop,19,501,600,9,0.0182712
Model2,3pop,19,601,700,13,0.0273898
Model2,3pop,19,701,800,7,0.00535028
Model2,3pop,19,801,900,8,0.022113
Model2,3pop,19,901,1000,13,0.0215028
Model2,3pop,13,1,100,11,0.0200339
Model2,3pop,13,101,200,16,0.0334068
Model2,3pop,13,201,300,10,0.0152486
Model2,3pop,13,301,400,12,0.0231977
Model2,3pop,13,401,500,17,0.027
Model2,3pop,13,501,600,18,0.0241751
Model2,3pop,13,601,700,12,0.0189605
Model2,3pop,13,701,800,20,0.0203164
Model2,3pop,13,801,900,12,0.0226893
Model2,3pop,13,901,1000,15,0.0198249
Model2,3pop,18,1,100,13,0.0241017
Model2,3pop,18,101,200,14,0.0207458
Model2,3pop,18,201,300,7,0.00948588
Model2,3pop,18,301,400,13,0.015
Model2,3pop,18,401,500,9,0.0117966
Model2,3pop,18,501,600,5,0.00591525
Model2,3pop,18,601,700,12,0.0273051
Model2,3pop,18,701,800,13,0.0179718
Model2,3pop,18,801,900,11,0.0219153
Model2,3pop,18,901,1000,12,0.0192994
Model2,3pop,14,1,100,11,0.038435
Model2,3pop,14,101,200,17,0.0560508
Model2,3pop,14,201,300,15,0.0393446
Model2,3pop,14,301,400,17,0.0544746
Model2,3pop,14,401,500,14,0.0411638
Model2,3pop,14,501,600,18,0.0603898
Model2,3pop,14,601,700,16,0.0530113
Model2,3pop,14,701,800,20,0.0745706
Model2,3pop,14,801,900,19,0.0617119
Model2,3pop,14,901,1000,21,0.0680904
Model2,3pop,1,1,100,10,0.0250395
Model2,3pop,1,101,200,11,0.0297514
Model2,3pop,1,201,300,17,0.0205989
Model2,3pop,1,301,400,21,0.0354237
Model2,3pop,1,401,500,14,0.0254463
Model2,3pop,1,501,600,17,0.0180282
Model2,3pop,1,601,700,11,0.0199718
Model2,3pop,1,701,800,13,0.0228588
Model2,3pop,1,801,900,17,0.031209
Model2,3pop,1,901,1000,14,0.0333051
Model2,3pop,14,1,100,13,0.0175763
Model2,3pop,14,101,200,12,0.0236045
Model2,3pop,14,201,300,10,0.0152429
Model2,3pop,14,301,400,5,0.00676836
Model2,3pop,14,401,500,13,0.0284802
Model2,3pop,14,501,600,9,0.0114689
Model2,3pop,14,601,700,10,0.0144294
Model2,3pop,14,701,800,15,0.0197401
Model2,3pop,14,801,900,4,0.00800565
Model2,3pop,14,901,1000,11,0.0253503
Model2,3pop,15,1,100,5,0.0090678
Model2,3pop,15,101,200,17,0.0227458
Model2,3pop,15,201,300,10,0.0187853
Model2,3pop,15,301,400,8,0.00578531
Model2,3pop,15,401,500,3,0.0103107
Model2,3pop,15,501,600,8,0.00670621
Model2,3pop,15,601,700,7,0.00699435
Model2,3pop,15,701,800,11,0.0167006
Model2,3pop,15,801,900,11,0.0134237
Model2,3pop,15,901,1000,10,0.0130226
Model2,3pop,3,1,100,13,0.0103277
Model2,3pop,3,101,200,8,0.00857062
Model2,3pop,3,201,300,12,0.0188927
Model2,3pop,3,301,400,13,0.0125311
Model2,3pop,3,401,500,8,0.00673446
Model2,3pop,3,501,600,7,0.0114746
Model2,3pop,3,601,700,8,0.011226
Model2,3pop,3,701,800,13,0.0206441
Model2,3pop,3,801,900,6,0.00359887
Model2,3pop,3,901,1000,16,0.0188588
Model2,3pop,10,1,100,17,0.040678
Model2,3pop,10,101,200,16,0.0337966
Model2,3pop,10,201,300,9,0.0191808
Model2,3pop,10,301,400,13,0.0228362
Model2,3pop,10,401,500,17,0.0283842
Model2,3pop,10,501,600,23,0.0528305
Model2,3pop,10,601,700,18,0.0346158
Model2,3pop,10,701,800,19,0.0373842
Model2,3pop,10,801,900,20,0.0312034
Model2,3pop,10,901,1000,22,0.0468136
Model2,3pop,0,1,100,9,0.0172542
Model2,3pop,0,101,200,11,0.0280056
Model2,3pop,0,201,300,10,0.0133672
Model2,3pop,0,301,400,5,0.00445198
Model2,3pop,0,401,500,8,0.0202147
Model2,3pop,0,501,600,10,0.0226554
Model2,3pop,0,601,700,8,0.00729379
Model2,3pop,0,701,800,12,0.0340621
Model2,3pop,0,801,900,4,0.00261017
Model2,3pop,0,901,1000,8,0.0200339
Model2,3pop,11,1,100,14,0.0261525
Model2,3pop,11,101,200,12,0.0419379
Model2,3pop,11,201,300,12,0.0217458
Model2,3pop,11,301,400,9,0.0245763
Model2,3pop,11,401,500,12,0.0337401
Model2,3pop,11,501,600,8,0.0217514
Model2,3pop,11,601,700,14,0.0252147
Model2,3pop,11,701,800,16,0.0404294
Model2,3pop,11,801,900,12,0.0300395
Model2,3pop,11,901,1000,14,0.0349096
Model2,3pop,16,1,100,13,0.0297853
Model2,3pop,16,101,200,16,0.0480113
Model2,3pop,16,201,300,9,0.0141864
Model2,3pop,16,301,400,8,0.0118644
Model2,3pop,16,401,500,18,0.0307288
Model2,3pop,16,501,600,7,0.0129153
Model2,3pop,16,601,700,12,0.0185085
Model2,3pop,16,701,800,18,0.0390791
Model2,3pop,16,801,900,12,0.0196158
Model2,3pop,16,901,1000,15,0.0347288
