Model,Pop,CHROM,BIN_START,BIN_END,N_VARIANTS,PI
Model5,3pop,1,1,100,14,0.0379379
Model5,3pop,1,101,200,10,0.021209
Model5,3pop,1,201,300,11,0.0112938
Model5,3pop,1,301,400,13,0.0293333
Model5,3pop,1,401,500,12,0.0313955
Model5,3pop,1,501,600,11,0.0320904
Model5,3pop,1,601,700,17,0.0385254
Model5,3pop,1,701,800,13,0.0278927
Model5,3pop,1,801,900,13,0.0252768
Model5,3pop,1,901,1000,8,0.0277514
Model5,3pop,3,1,100,12,0.024678
Model5,3pop,3,101,200,6,0.0153672
Model5,3pop,3,201,300,10,0.0146158
Model5,3pop,3,301,400,7,0.0135593
Model5,3pop,3,401,500,14,0.0193333
Model5,3pop,3,501,600,13,0.0251582
Model5,3pop,3,601,700,9,0.015226
Model5,3pop,3,701,800,10,0.0189096
Model5,3pop,3,801,900,13,0.0245085
Model5,3pop,3,901,1000,5,0.0126158
Model5,3pop,19,1,100,9,0.0265537
Model5,3pop,19,101,200,14,0.0378531
Model5,3pop,19,201,300,16,0.0580904
Model5,3pop,19,301,400,16,0.0431525
Model5,3pop,19,401,500,12,0.0317062
Model5,3pop,19,501,600,7,0.0134915
Model5,3pop,19,601,700,11,0.0315028
Model5,3pop,19,701,800,13,0.0334972
Model5,3pop,19,801,900,14,0.0391977
Model5,3pop,19,901,1000,15,0.0512881
Model5,3pop,13,1,100,10,0.0147966
Model5,3pop,13,101,200,8,0.0102147
Model5,3pop,13,201,300,7,0.0122938
Model5,3pop,13,301,400,5,0.00348588
Model5,3pop,13,401,500,7,0.0199661
Model5,3pop,13,501,600,5,0.0130791
Model5,3pop,13,601,700,9,0.0226667
Model5,3pop,13,701,800,7,0.0138079
Model5,3pop,13,801,900,6,0.0120791
Model5,3pop,13,901,1000,4,0.00769492
Model5,3pop,14,1,100,14,0.0532147
Model5,3pop,14,101,200,18,0.0520847
Model5,3pop,14,201,300,18,0.0384237
Model5,3pop,14,301,400,13,0.0323164
Model5,3pop,14,401,500,18,0.0526949
Model5,3pop,14,501,600,13,0.0420734
Model5,3pop,14,601,700,23,0.0733785
Model5,3pop,14,701,800,10,0.0352712
Model5,3pop,14,801,900,11,0.0328757
Model5,3pop,14,901,1000,19,0.050774
Model5,3pop,16,1,100,16,0.0229548
Model5,3pop,16,101,200,4,0.00437288
Model5,3pop,16,201,300,11,0.0144802
Model5,3pop,16,301,400,16,0.0256215
Model5,3pop,16,401,500,3,0.00452542
Model5,3pop,16,501,600,3,0.00588701
Model5,3pop,16,601,700,11,0.0104463
Model5,3pop,16,701,800,11,0.0135254
Model5,3pop,16,801,900,5,0.00881356
Model5,3pop,16,901,1000,12,0.0177853
Model5,3pop,17,1,100,8,0.0158983
Model5,3pop,17,101,200,8,0.0102655
Model5,3pop,17,201,300,14,0.0143446
Model5,3pop,17,301,400,11,0.0137797
Model5,3pop,17,401,500,13,0.0137853
Model5,3pop,17,501,600,19,0.0174859
Model5,3pop,17,601,700,10,0.0200282
Model5,3pop,17,701,800,13,0.0120113
Model5,3pop,17,801,900,14,0.0243785
Model5,3pop,17,901,1000,7,0.00548588
Model5,3pop,11,1,100,14,0.0448305
Model5,3pop,11,101,200,9,0.0342486
Model5,3pop,11,201,300,14,0.0330791
Model5,3pop,11,301,400,4,0.0160678
Model5,3pop,11,401,500,19,0.0558644
Model5,3pop,11,501,600,16,0.0499209
Model5,3pop,11,601,700,11,0.0408701
Model5,3pop,11,701,800,16,0.058226
Model5,3pop,11,801,900,12,0.0368249
Model5,3pop,11,901,1000,11,0.0344181
Model5,3pop,19,1,100,16,0.0455311
Model5,3pop,19,101,200,19,0.0627684
Model5,3pop,19,201,300,21,0.0742825
Model5,3pop,19,301,400,15,0.0451695
Model5,3pop,19,401,500,18,0.0551582
Model5,3pop,19,501,600,18,0.0610847
Model5,3pop,19,601,700,9,0.0275819
Model5,3pop,19,701,800,13,0.0350113
Model5,3pop,19,801,900,12,0.0389887
Model5,3pop,19,901,1000,15,0.0504237
Model5,3pop,8,1,100,7,0.00677401
Model5,3pop,8,101,200,13,0.0256441
Model5,3pop,8,201,300,5,0.00617514
Model5,3pop,8,301,400,8,0.0127345
Model5,3pop,8,401,500,14,0.0259605
Model5,3pop,8,501,600,11,0.0237345
Model5,3pop,8,601,700,13,0.0188757
Model5,3pop,8,701,800,13,0.00706215
Model5,3pop,8,801,900,10,0.0177175
Model5,3pop,8,901,1000,13,0.027435
Model5,3pop,7,1,100,10,0.012226
Model5,3pop,7,101,200,12,0.0126384
Model5,3pop,7,201,300,14,0.0286384
Model5,3pop,7,301,400,20,0.0271864
Model5,3pop,7,401,500,20,0.0306554
Model5,3pop,7,501,600,20,0.0332034
Model5,3pop,7,601,700,17,0.0294407
Model5,3pop,7,701,800,20,0.0409944
Model5,3pop,7,801,900,13,0.0264746
Model5,3pop,7,901,1000,14,0.0211582
Model5,3pop,1,1,100,16,0.0387571
Model5,3pop,1,101,200,9,0.0288475
Model5,3pop,1,201,300,17,0.0355367
Model5,3pop,1,301,400,17,0.0395763
Model5,3pop,1,401,500,12,0.0247175
Model5,3pop,1,501,600,14,0.0346384
Model5,3pop,1,601,700,12,0.0355876
Model5,3pop,1,701,800,13,0.0355932
Model5,3pop,1,801,900,16,0.0339435
Model5,3pop,1,901,1000,9,0.0216836
Model5,3pop,18,1,100,22,0.0289153
Model5,3pop,18,101,200,11,0.0244237
Model5,3pop,18,201,300,15,0.0205424
Model5,3pop,18,301,400,17,0.0266045
Model5,3pop,18,401,500,17,0.0289096
Model5,3pop,18,501,600,21,0.0413333
Model5,3pop,18,601,700,15,0.0168927
Model5,3pop,18,701,800,20,0.0384972
Model5,3pop,18,801,900,17,0.0200282
Model5,3pop,18,901,1000,18,0.0264294
Model5,3pop,14,1,100,15,0.0153785
Model5,3pop,14,101,200,18,0.038774
Model5,3pop,14,201,300,10,0.0123559
Model5,3pop,14,301,400,15,0.0164011
Model5,3pop,14,401,500,15,0.0164802
Model5,3pop,14,501,600,18,0.0201412
Model5,3pop,14,601,700,12,0.0115763
Model5,3pop,14,701,800,20,0.026226
Model5,3pop,14,801,900,17,0.021678
Model5,3pop,14,901,1000,16,0.0193785
Model5,3pop,8,1,100,13,0.0222542
Model5,3pop,8,101,200,14,0.0148757
Model5,3pop,8,201,300,15,0.019226
Model5,3pop,8,301,400,17,0.0344068
Model5,3pop,8,401,500,18,0.0305876
Model5,3pop,8,501,600,15,0.0376271
Model5,3pop,8,601,700,18,0.0349435
Model5,3pop,8,701,800,14,0.0212203
Model5,3pop,8,801,900,21,0.0371243
Model5,3pop,8,901,1000,18,0.0314859
Model5,3pop,18,1,100,10,0.0244689
Model5,3pop,18,101,200,9,0.0227345
Model5,3pop,18,201,300,11,0.0285141
Model5,3pop,18,301,400,10,0.0280791
Model5,3pop,18,401,500,10,0.029452
Model5,3pop,18,501,600,8,0.0183051
Model5,3pop,18,601,700,12,0.0183955
Model5,3pop,18,701,800,16,0.0493333
Model5,3pop,18,801,900,10,0.0248983
Model5,3pop,18,901,1000,10,0.0264068
Model5,3pop,5,1,100,15,0.0297684
Model5,3pop,5,101,200,19,0.0389379
Model5,3pop,5,201,300,16,0.0230508
Model5,3pop,5,301,400,15,0.0359774
Model5,3pop,5,401,500,15,0.0445085
Model5,3pop,5,501,600,14,0.0337062
Model5,3pop,5,601,700,11,0.0211356
Model5,3pop,5,701,800,11,0.0243672
Model5,3pop,5,801,900,14,0.0204746
Model5,3pop,5,901,1000,16,0.0243277
Model5,3pop,17,1,100,9,0.0195141
Model5,3pop,17,101,200,17,0.0244972
Model5,3pop,17,201,300,14,0.0232034
Model5,3pop,17,301,400,9,0.025226
Model5,3pop,17,401,500,15,0.0303446
Model5,3pop,17,501,600,7,0.0115085
Model5,3pop,17,601,700,14,0.0356893
Model5,3pop,17,701,800,9,0.0165989
Model5,3pop,17,801,900,14,0.0390678
Model5,3pop,17,901,1000,12,0.0272034
Model5,3pop,13,1,100,21,0.079678
Model5,3pop,13,101,200,18,0.0625537
Model5,3pop,13,201,300,18,0.0479661
Model5,3pop,13,301,400,11,0.0464576
Model5,3pop,13,401,500,19,0.0755876
Model5,3pop,13,501,600,16,0.0718983
Model5,3pop,13,601,700,19,0.0573051
Model5,3pop,13,701,800,12,0.0360113
Model5,3pop,13,801,900,16,0.0572316
Model5,3pop,13,901,1000,15,0.052
Model5,3pop,9,1,100,10,0.0105198
Model5,3pop,9,101,200,10,0.0149492
Model5,3pop,9,201,300,10,0.00787006
Model5,3pop,9,301,400,7,0.00984746
Model5,3pop,9,401,500,10,0.00876271
Model5,3pop,9,501,600,7,0.00725424
Model5,3pop,9,601,700,7,0.00750282
Model5,3pop,9,701,800,10,0.0123559
Model5,3pop,9,801,900,10,0.0121186
Model5,3pop,9,901,1000,6,0.010452
Model5,3pop,5,1,100,15,0.0358136
Model5,3pop,5,101,200,14,0.0255424
Model5,3pop,5,201,300,12,0.0302034
Model5,3pop,5,301,400,15,0.0298079
Model5,3pop,5,401,500,12,0.0177401
Model5,3pop,5,501,600,10,0.0224802
Model5,3pop,5,601,700,21,0.0420395
Model5,3pop,5,701,800,17,0.0253785
Model5,3pop,5,801,900,17,0.0417401
Model5,3pop,5,901,1000,15,0.0382316
Model5,3pop,3,1,100,13,0.0193898
Model5,3pop,3,101,200,10,0.0111582
Model5,3pop,3,201,300,6,0.0039096
Model5,3pop,3,301,400,9,0.0130904
Model5,3pop,3,401,500,15,0.0256836
Model5,3pop,3,501,600,10,0.0223785
Model5,3pop,3,601,700,7,0.00662712
Model5,3pop,3,701,800,10,0.0101243
Model5,3pop,3,801,900,15,0.0274802
Model5,3pop,3,901,1000,11,0.0123616
Model5,3pop,19,1,100,10,0.0251356
Model5,3pop,19,101,200,20,0.0420282
Model5,3pop,19,201,300,20,0.0447288
Model5,3pop,19,301,400,17,0.0546045
Model5,3pop,19,401,500,18,0.0467684
Model5,3pop,19,501,600,19,0.0428362
Model5,3pop,19,601,700,13,0.0340565
Model5,3pop,19,701,800,23,0.0523333
Model5,3pop,19,801,900,21,0.036322
Model5,3pop,19,901,1000,14,0.0296384
Model5,3pop,17,1,100,10,0.0239153
Model5,3pop,17,101,200,15,0.0357514
Model5,3pop,17,201,300,7,0.0130904
Model5,3pop,17,301,400,3,0.00810169
Model5,3pop,17,401,500,11,0.0272938
Model5,3pop,17,501,600,11,0.022435
Model5,3pop,17,601,700,7,0.0090339
Model5,3pop,17,701,800,16,0.0290395
Model5,3pop,17,801,900,7,0.0212542
Model5,3pop,17,901,1000,13,0.0310169
Model5,3pop,0,1,100,9,0.0160621
Model5,3pop,0,101,200,10,0.0117966
Model5,3pop,0,201,300,9,0.0118079
Model5,3pop,0,301,400,13,0.0256949
Model5,3pop,0,401,500,8,0.0131525
Model5,3pop,0,501,600,11,0.0185537
Model5,3pop,0,601,700,12,0.0172599
Model5,3pop,0,701,800,13,0.0205876
Model5,3pop,0,801,900,13,0.0191017
Model5,3pop,0,901,1000,11,0.0149944
Model5,3pop,15,1,100,16,0.0397345
Model5,3pop,15,101,200,13,0.0289322
Model5,3pop,15,201,300,14,0.0317684
Model5,3pop,15,301,400,16,0.0365141
Model5,3pop,15,401,500,20,0.0432147
Model5,3pop,15,501,600,12,0.0331638
Model5,3pop,15,601,700,10,0.0195819
Model5,3pop,15,701,800,15,0.024226
Model5,3pop,15,801,900,13,0.028
Model5,3pop,15,901,1000,11,0.0301299
Model5,3pop,2,1,100,17,0.0364294
Model5,3pop,2,101,200,11,0.0217119
Model5,3pop,2,201,300,16,0.0262994
Model5,3pop,2,301,400,14,0.0261243
Model5,3pop,2,401,500,18,0.0451073
Model5,3pop,2,501,600,14,0.0278249
Model5,3pop,2,601,700,13,0.0216554
Model5,3pop,2,701,800,12,0.0293107
Model5,3pop,2,801,900,13,0.026904
Model5,3pop,2,901,1000,9,0.0156949
Model5,3pop,1,1,100,10,0.015904
Model5,3pop,1,101,200,10,0.0153164
Model5,3pop,1,201,300,13,0.0151638
Model5,3pop,1,301,400,12,0.0259266
Model5,3pop,1,401,500,10,0.0183842
Model5,3pop,1,501,600,9,0.015339
Model5,3pop,1,601,700,11,0.0255989
Model5,3pop,1,701,800,4,0.0103107
Model5,3pop,1,801,900,13,0.0311921
Model5,3pop,1,901,1000,7,0.00629944
Model5,3pop,19,1,100,12,0.0276554
Model5,3pop,19,101,200,17,0.0311073
Model5,3pop,19,201,300,9,0.0148531
Model5,3pop,19,301,400,14,0.018
Model5,3pop,19,401,500,8,0.0146554
Model5,3pop,19,501,600,11,0.0199887
Model5,3pop,19,601,700,15,0.0187062
Model5,3pop,19,701,800,15,0.0343616
Model5,3pop,19,801,900,9,0.0121808
Model5,3pop,19,901,1000,10,0.0166271
Model5,3pop,4,1,100,8,0.0177006
Model5,3pop,4,101,200,11,0.0148475
Model5,3pop,4,201,300,10,0.0169548
Model5,3pop,4,301,400,7,0.0118927
Model5,3pop,4,401,500,14,0.0258475
Model5,3pop,4,501,600,13,0.0187966
Model5,3pop,4,601,700,9,0.0144068
Model5,3pop,4,701,800,20,0.0388644
Model5,3pop,4,801,900,11,0.0155028
Model5,3pop,4,901,1000,12,0.0195141
Model5,3pop,1,1,100,14,0.0438927
Model5,3pop,1,101,200,16,0.0449435
Model5,3pop,1,201,300,17,0.0384181
Model5,3pop,1,301,400,8,0.0186893
Model5,3pop,1,401,500,16,0.0427119
Model5,3pop,1,501,600,20,0.0550904
Model5,3pop,1,601,700,16,0.0388927
Model5,3pop,1,701,800,11,0.0184859
Model5,3pop,1,801,900,17,0.0436384
Model5,3pop,1,901,1000,13,0.0257853
Model5,3pop,17,1,100,12,0.016904
Model5,3pop,17,101,200,14,0.0237514
Model5,3pop,17,201,300,15,0.0219096
Model5,3pop,17,301,400,15,0.0255706
Model5,3pop,17,401,500,17,0.0343955
Model5,3pop,17,501,600,9,0.0161695
Model5,3pop,17,601,700,13,0.0199548
Model5,3pop,17,701,800,9,0.0201186
Model5,3pop,17,801,900,17,0.0343672
Model5,3pop,17,901,1000,15,0.030339
Model5,3pop,8,1,100,24,0.0984859
Model5,3pop,8,101,200,25,0.0784972
Model5,3pop,8,201,300,23,0.0859379
Model5,3pop,8,301,400,21,0.0773842
Model5,3pop,8,401,500,27,0.106102
Model5,3pop,8,501,600,32,0.11713
Model5,3pop,8,601,700,24,0.0854124
Model5,3pop,8,701,800,27,0.104401
Model5,3pop,8,801,900,29,0.103282
Model5,3pop,8,901,1000,19,0.0755763
Model5,3pop,18,1,100,22,0.0660734
Model5,3pop,18,101,200,21,0.0681356
Model5,3pop,18,201,300,31,0.127599
Model5,3pop,18,301,400,20,0.0756158
Model5,3pop,18,401,500,21,0.0625254
Model5,3pop,18,501,600,34,0.130288
Model5,3pop,18,601,700,22,0.0749153
Model5,3pop,18,701,800,24,0.0900339
Model5,3pop,18,801,900,24,0.0765537
Model5,3pop,18,901,1000,21,0.0721808
Model5,3pop,11,1,100,15,0.0181073
Model5,3pop,11,101,200,12,0.0340847
Model5,3pop,11,201,300,13,0.0275706
Model5,3pop,11,301,400,10,0.0250508
Model5,3pop,11,401,500,9,0.019322
Model5,3pop,11,501,600,15,0.0234915
Model5,3pop,11,601,700,13,0.0236271
Model5,3pop,11,701,800,12,0.0293277
Model5,3pop,11,801,900,15,0.0284407
Model5,3pop,11,901,1000,10,0.0206893
Model5,3pop,3,1,100,20,0.0536271
Model5,3pop,3,101,200,13,0.0314237
Model5,3pop,3,201,300,19,0.0725367
Model5,3pop,3,301,400,15,0.0380734
Model5,3pop,3,401,500,19,0.0652938
Model5,3pop,3,501,600,17,0.0594181
Model5,3pop,3,601,700,15,0.0450113
Model5,3pop,3,701,800,16,0.0567458
Model5,3pop,3,801,900,16,0.0528983
Model5,3pop,3,901,1000,18,0.043661
Model5,3pop,10,1,100,11,0.0156271
Model5,3pop,10,101,200,15,0.0308644
Model5,3pop,10,201,300,13,0.0400678
Model5,3pop,10,301,400,18,0.0449548
Model5,3pop,10,401,500,14,0.0318475
Model5,3pop,10,501,600,17,0.0281582
Model5,3pop,10,601,700,12,0.0203616
Model5,3pop,10,701,800,20,0.0329322
Model5,3pop,10,801,900,17,0.0465311
Model5,3pop,10,901,1000,21,0.0444237
Model5,3pop,12,1,100,15,0.0419322
Model5,3pop,12,101,200,9,0.0181469
Model5,3pop,12,201,300,6,0.0106893
Model5,3pop,12,301,400,12,0.0264463
Model5,3pop,12,401,500,15,0.0327571
Model5,3pop,12,501,600,14,0.0223051
Model5,3pop,12,601,700,13,0.029452
Model5,3pop,12,701,800,15,0.0438983
Model5,3pop,12,801,900,12,0.0355989
Model5,3pop,12,901,1000,18,0.0514237
Model5,3pop,18,1,100,8,0.00517514
Model5,3pop,18,101,200,12,0.00714689
Model5,3pop,18,201,300,10,0.0120621
Model5,3pop,18,301,400,5,0.00479096
Model5,3pop,18,401,500,6,0.00497175
Model5,3pop,18,501,600,8,0.00864407
Model5,3pop,18,601,700,7,0.010565
Model5,3pop,18,701,800,5,0.00536158
Model5,3pop,18,801,900,5,0.00356497
Model5,3pop,18,901,1000,5,0.00848023
Model5,3pop,14,1,100,19,0.0519944
Model5,3pop,14,101,200,27,0.0934407
Model5,3pop,14,201,300,21,0.0623164
Model5,3pop,14,301,400,17,0.0507797
Model5,3pop,14,401,500,20,0.0642203
Model5,3pop,14,501,600,14,0.0437966
Model5,3pop,14,601,700,23,0.0695085
Model5,3pop,14,701,800,34,0.108763
Model5,3pop,14,801,900,28,0.0860452
Model5,3pop,14,901,1000,22,0.0664746
Model5,3pop,18,1,100,27,0.0622825
Model5,3pop,18,101,200,15,0.0342373
Model5,3pop,18,201,300,18,0.0505367
Model5,3pop,18,301,400,33,0.081339
Model5,3pop,18,401,500,22,0.0539831
Model5,3pop,18,501,600,20,0.0485706
Model5,3pop,18,601,700,17,0.0358927
Model5,3pop,18,701,800,20,0.0486836
Model5,3pop,18,801,900,20,0.0464746
Model5,3pop,18,901,1000,15,0.0275706
Model5,3pop,11,1,100,18,0.0319209
Model5,3pop,11,101,200,28,0.0696554
Model5,3pop,11,201,300,22,0.0441299
Model5,3pop,11,301,400,21,0.047452
Model5,3pop,11,401,500,13,0.0232147
Model5,3pop,11,501,600,16,0.0243277
Model5,3pop,11,601,700,18,0.0367458
Model5,3pop,11,701,800,16,0.0367458
Model5,3pop,11,801,900,19,0.0335876
Model5,3pop,11,901,1000,20,0.0458701
Model5,3pop,13,1,100,16,0.0332655
Model5,3pop,13,101,200,17,0.0420339
Model5,3pop,13,201,300,17,0.0458418
Model5,3pop,13,301,400,14,0.0481864
Model5,3pop,13,401,500,20,0.050565
Model5,3pop,13,501,600,20,0.0582147
Model5,3pop,13,601,700,17,0.0578757
Model5,3pop,13,701,800,22,0.0568927
Model5,3pop,13,801,900,14,0.0320508
Model5,3pop,13,901,1000,13,0.0248475
Model5,3pop,12,1,100,12,0.0232373
Model5,3pop,12,101,200,13,0.0236949
Model5,3pop,12,201,300,10,0.0164181
Model5,3pop,12,301,400,7,0.0142938
Model5,3pop,12,401,500,10,0.026678
Model5,3pop,12,501,600,12,0.0253446
Model5,3pop,12,601,700,12,0.0256949
Model5,3pop,12,701,800,8,0.0123672
Model5,3pop,12,801,900,9,0.0165763
Model5,3pop,12,901,1000,8,0.0181864
Model5,3pop,6,1,100,5,0.00736723
Model5,3pop,6,101,200,9,0.0109266
Model5,3pop,6,201,300,14,0.0220395
Model5,3pop,6,301,400,13,0.0192147
Model5,3pop,6,401,500,11,0.0223842
Model5,3pop,6,501,600,7,0.0128701
Model5,3pop,6,601,700,6,0.00263277
Model5,3pop,6,701,800,8,0.0101808
Model5,3pop,6,801,900,6,0.00940113
Model5,3pop,6,901,1000,11,0.0169266
Model5,3pop,2,1,100,15,0.0317458
Model5,3pop,2,101,200,4,0.0102712
Model5,3pop,2,201,300,9,0.0139831
Model5,3pop,2,301,400,10,0.0166328
Model5,3pop,2,401,500,10,0.0262938
Model5,3pop,2,501,600,7,0.0137345
Model5,3pop,2,601,700,11,0.028678
Model5,3pop,2,701,800,9,0.0173842
Model5,3pop,2,801,900,14,0.0316441
Model5,3pop,2,901,1000,11,0.023548
Model5,3pop,10,1,100,10,0.0213842
Model5,3pop,10,101,200,7,0.0109661
Model5,3pop,10,201,300,15,0.0474068
Model5,3pop,10,301,400,17,0.0380508
Model5,3pop,10,401,500,15,0.0350395
Model5,3pop,10,501,600,17,0.0323503
Model5,3pop,10,601,700,19,0.0482825
Model5,3pop,10,701,800,15,0.0275367
Model5,3pop,10,801,900,11,0.0245989
Model5,3pop,10,901,1000,14,0.0359435
Model5,3pop,2,1,100,11,0.033113
Model5,3pop,2,101,200,12,0.0250621
Model5,3pop,2,201,300,9,0.0154068
Model5,3pop,2,301,400,7,0.0245706
Model5,3pop,2,401,500,12,0.0300791
Model5,3pop,2,501,600,12,0.0398249
Model5,3pop,2,601,700,17,0.0385593
Model5,3pop,2,701,800,18,0.0360847
Model5,3pop,2,801,900,13,0.023322
Model5,3pop,2,901,1000,13,0.0291638
Model5,3pop,16,1,100,14,0.0224972
Model5,3pop,16,101,200,10,0.015661
Model5,3pop,16,201,300,10,0.0140452
Model5,3pop,16,301,400,6,0.0166045
Model5,3pop,16,401,500,11,0.0117853
Model5,3pop,16,501,600,9,0.0120226
Model5,3pop,16,601,700,15,0.0212599
Model5,3pop,16,701,800,13,0.0240847
Model5,3pop,16,801,900,11,0.0107966
Model5,3pop,16,901,1000,11,0.0120904
Model5,3pop,0,1,100,11,0.0135989
Model5,3pop,0,101,200,10,0.0164124
Model5,3pop,0,201,300,11,0.0151751
Model5,3pop,0,301,400,5,0.00559322
Model5,3pop,0,401,500,7,0.009
Model5,3pop,0,501,600,15,0.0225424
Model5,3pop,0,601,700,11,0.0154407
Model5,3pop,0,701,800,14,0.0192542
Model5,3pop,0,801,900,10,0.018904
Model5,3pop,0,901,1000,6,0.00681356
Model5,3pop,18,1,100,12,0.0199209
Model5,3pop,18,101,200,9,0.0224181
Model5,3pop,18,201,300,14,0.0405876
Model5,3pop,18,301,400,11,0.0225141
Model5,3pop,18,401,500,9,0.014887
Model5,3pop,18,501,600,8,0.0126158
Model5,3pop,18,601,700,10,0.0261638
Model5,3pop,18,701,800,17,0.0357288
Model5,3pop,18,801,900,12,0.0305198
Model5,3pop,18,901,1000,15,0.031435
Model5,3pop,2,1,100,13,0.033322
Model5,3pop,2,101,200,11,0.0214068
Model5,3pop,2,201,300,19,0.0248192
Model5,3pop,2,301,400,14,0.0328475
Model5,3pop,2,401,500,13,0.0281751
Model5,3pop,2,501,600,13,0.0223503
Model5,3pop,2,601,700,7,0.0140113
Model5,3pop,2,701,800,10,0.0105819
Model5,3pop,2,801,900,14,0.0340282
Model5,3pop,2,901,1000,17,0.0219492
Model5,3pop,5,1,100,2,0.000666667
Model5,3pop,5,101,200,12,0.0132599
Model5,3pop,5,201,300,10,0.0188249
Model5,3pop,5,301,400,12,0.00932768
Model5,3pop,5,401,500,7,0.0115198
Model5,3pop,5,501,600,11,0.00966667
Model5,3pop,5,601,700,9,0.0161808
Model5,3pop,5,701,800,11,0.0120395
Model5,3pop,5,801,900,11,0.0183164
Model5,3pop,5,901,1000,10,0.0213107
Model5,3pop,19,1,100,13,0.0218701
Model5,3pop,19,101,200,13,0.0359435
Model5,3pop,19,201,300,13,0.0335085
Model5,3pop,19,301,400,11,0.0420339
Model5,3pop,19,401,500,14,0.0294124
Model5,3pop,19,501,600,16,0.0499887
Model5,3pop,19,601,700,13,0.034339
Model5,3pop,19,701,800,21,0.0638531
Model5,3pop,19,801,900,17,0.0420734
Model5,3pop,19,901,1000,10,0.0203503
Model5,3pop,13,1,100,12,0.0226949
Model5,3pop,13,101,200,7,0.00455367
Model5,3pop,13,201,300,13,0.0201356
Model5,3pop,13,301,400,14,0.0282655
Model5,3pop,13,401,500,14,0.0323672
Model5,3pop,13,501,600,10,0.0241356
Model5,3pop,13,601,700,6,0.00958757
Model5,3pop,13,701,800,6,0.0160678
Model5,3pop,13,801,900,12,0.0283842
Model5,3pop,13,901,1000,9,0.0199379
Model5,3pop,8,1,100,10,0.0130678
Model5,3pop,8,101,200,9,0.00761582
Model5,3pop,8,201,300,9,0.0132994
Model5,3pop,8,301,400,8,0.00887571
Model5,3pop,8,401,500,10,0.0167119
Model5,3pop,8,501,600,9,0.0131017
Model5,3pop,8,601,700,5,0.00342938
Model5,3pop,8,701,800,7,0.00874011
Model5,3pop,8,801,900,5,0.0099435
Model5,3pop,8,901,1000,9,0.0089774
Model5,3pop,9,1,100,15,0.0199379
Model5,3pop,9,101,200,19,0.025452
Model5,3pop,9,201,300,23,0.0253955
Model5,3pop,9,301,400,22,0.0331186
Model5,3pop,9,401,500,23,0.0329266
Model5,3pop,9,501,600,16,0.0169831
Model5,3pop,9,601,700,15,0.0226667
Model5,3pop,9,701,800,19,0.0288588
Model5,3pop,9,801,900,17,0.0231186
Model5,3pop,9,901,1000,20,0.0368418
Model5,3pop,19,1,100,18,0.0492203
Model5,3pop,19,101,200,13,0.0320452
Model5,3pop,19,201,300,11,0.0399718
Model5,3pop,19,301,400,10,0.037548
Model5,3pop,19,401,500,12,0.0355141
Model5,3pop,19,501,600,14,0.0430847
Model5,3pop,19,601,700,21,0.0646949
Model5,3pop,19,701,800,16,0.0518023
Model5,3pop,19,801,900,14,0.0443277
Model5,3pop,19,901,1000,20,0.0649096
Model5,3pop,18,1,100,10,0.0149944
Model5,3pop,18,101,200,16,0.0243333
Model5,3pop,18,201,300,23,0.0407571
Model5,3pop,18,301,400,15,0.0213333
Model5,3pop,18,401,500,15,0.0242429
Model5,3pop,18,501,600,7,0.0116723
Model5,3pop,18,601,700,13,0.0258136
Model5,3pop,18,701,800,8,0.00678531
Model5,3pop,18,801,900,11,0.0150847
Model5,3pop,18,901,1000,15,0.0219661
Model5,3pop,5,1,100,13,0.0559944
Model5,3pop,5,101,200,16,0.061
Model5,3pop,5,201,300,23,0.0754181
Model5,3pop,5,301,400,23,0.0859209
Model5,3pop,5,401,500,17,0.0461582
Model5,3pop,5,501,600,16,0.049661
Model5,3pop,5,601,700,15,0.05
Model5,3pop,5,701,800,23,0.063435
Model5,3pop,5,801,900,21,0.0563842
Model5,3pop,5,901,1000,13,0.0344124
Model5,3pop,16,1,100,18,0.0439774
Model5,3pop,16,101,200,16,0.0377175
Model5,3pop,16,201,300,11,0.0366893
Model5,3pop,16,301,400,12,0.0202203
Model5,3pop,16,401,500,15,0.0327232
Model5,3pop,16,501,600,12,0.0248927
Model5,3pop,16,601,700,14,0.0380565
Model5,3pop,16,701,800,13,0.0380508
Model5,3pop,16,801,900,12,0.0251977
Model5,3pop,16,901,1000,8,0.0246893
Model5,3pop,16,1,100,18,0.0453729
Model5,3pop,16,101,200,15,0.0549661
Model5,3pop,16,201,300,14,0.0403503
Model5,3pop,16,301,400,11,0.0374011
Model5,3pop,16,401,500,9,0.0316949
Model5,3pop,16,501,600,11,0.0259266
Model5,3pop,16,601,700,15,0.0444407
Model5,3pop,16,701,800,15,0.0486158
Model5,3pop,16,801,900,14,0.0532825
Model5,3pop,16,901,1000,8,0.023096
Model5,3pop,5,1,100,14,0.0266949
Model5,3pop,5,101,200,27,0.0544181
Model5,3pop,5,201,300,19,0.0659548
Model5,3pop,5,301,400,15,0.0318305
Model5,3pop,5,401,500,20,0.0404746
Model5,3pop,5,501,600,19,0.0334237
Model5,3pop,5,601,700,14,0.0345198
Model5,3pop,5,701,800,16,0.039565
Model5,3pop,5,801,900,15,0.041678
Model5,3pop,5,901,1000,18,0.0407062
Model5,3pop,13,1,100,10,0.0370339
Model5,3pop,13,101,200,16,0.0445989
Model5,3pop,13,201,300,10,0.025096
Model5,3pop,13,301,400,12,0.0187006
Model5,3pop,13,401,500,12,0.0372599
Model5,3pop,13,501,600,11,0.0291751
Model5,3pop,13,601,700,7,0.00727684
Model5,3pop,13,701,800,7,0.0174915
Model5,3pop,13,801,900,7,0.0216497
Model5,3pop,13,901,1000,13,0.0289209
Model5,3pop,3,1,100,18,0.0356158
Model5,3pop,3,101,200,16,0.0286893
Model5,3pop,3,201,300,14,0.0377797
Model5,3pop,3,301,400,11,0.0235876
Model5,3pop,3,401,500,20,0.0384633
Model5,3pop,3,501,600,13,0.025548
Model5,3pop,3,601,700,20,0.0543729
Model5,3pop,3,701,800,18,0.0397458
Model5,3pop,3,801,900,17,0.0368023
Model5,3pop,3,901,1000,21,0.0464237
Model5,3pop,7,1,100,12,0.0226949
Model5,3pop,7,101,200,7,0.00455367
Model5,3pop,7,201,300,13,0.0201356
Model5,3pop,7,301,400,14,0.0282655
Model5,3pop,7,401,500,14,0.0323672
Model5,3pop,7,501,600,10,0.0241356
Model5,3pop,7,601,700,6,0.00958757
Model5,3pop,7,701,800,6,0.0160678
Model5,3pop,7,801,900,12,0.0283842
Model5,3pop,7,901,1000,9,0.0199379
Model5,3pop,8,1,100,14,0.0370678
Model5,3pop,8,101,200,15,0.0364294
Model5,3pop,8,201,300,13,0.0257006
Model5,3pop,8,301,400,17,0.0351243
Model5,3pop,8,401,500,16,0.0227288
Model5,3pop,8,501,600,15,0.0351525
Model5,3pop,8,601,700,9,0.0188701
Model5,3pop,8,701,800,12,0.0289096
Model5,3pop,8,801,900,13,0.0355763
Model5,3pop,8,901,1000,18,0.0252034
Model5,3pop,19,1,100,20,0.041435
Model5,3pop,19,101,200,22,0.060113
Model5,3pop,19,201,300,13,0.0335085
Model5,3pop,19,301,400,20,0.0471695
Model5,3pop,19,401,500,20,0.0473559
Model5,3pop,19,501,600,16,0.0395706
Model5,3pop,19,601,700,22,0.0602881
Model5,3pop,19,701,800,17,0.0593559
Model5,3pop,19,801,900,19,0.0403333
Model5,3pop,19,901,1000,18,0.0482034
Model5,3pop,16,1,100,10,0.0192768
Model5,3pop,16,101,200,13,0.0430508
Model5,3pop,16,201,300,17,0.059339
Model5,3pop,16,301,400,14,0.031226
Model5,3pop,16,401,500,16,0.034791
Model5,3pop,16,501,600,9,0.035904
Model5,3pop,16,601,700,15,0.0519209
Model5,3pop,16,701,800,8,0.0134181
Model5,3pop,16,801,900,9,0.0225028
Model5,3pop,16,901,1000,13,0.0147627
Model5,3pop,6,1,100,16,0.0361695
Model5,3pop,6,101,200,12,0.0178983
Model5,3pop,6,201,300,16,0.0451695
Model5,3pop,6,301,400,15,0.0241186
Model5,3pop,6,401,500,11,0.0224802
Model5,3pop,6,501,600,10,0.0178983
Model5,3pop,6,601,700,12,0.0304915
Model5,3pop,6,701,800,13,0.0220169
Model5,3pop,6,801,900,14,0.0278192
Model5,3pop,6,901,1000,19,0.0322768
Model5,3pop,4,1,100,10,0.0340734
Model5,3pop,4,101,200,11,0.0259435
Model5,3pop,4,201,300,10,0.0183277
Model5,3pop,4,301,400,10,0.0174407
Model5,3pop,4,401,500,7,0.0166723
Model5,3pop,4,501,600,5,0.0108531
Model5,3pop,4,601,700,12,0.0227288
Model5,3pop,4,701,800,15,0.041452
Model5,3pop,4,801,900,6,0.0111695
Model5,3pop,4,901,1000,13,0.0304915
Model5,3pop,16,1,100,14,0.0341017
Model5,3pop,16,101,200,19,0.0497175
Model5,3pop,16,201,300,11,0.0254068
Model5,3pop,16,301,400,17,0.0310847
Model5,3pop,16,401,500,13,0.0311186
Model5,3pop,16,501,600,16,0.0572768
Model5,3pop,16,601,700,13,0.0313277
Model5,3pop,16,701,800,14,0.0336497
Model5,3pop,16,801,900,11,0.0310226
Model5,3pop,16,901,1000,8,0.0132881
Model5,3pop,19,1,100,12,0.00879096
Model5,3pop,19,101,200,12,0.0121864
Model5,3pop,19,201,300,13,0.00901695
Model5,3pop,19,301,400,8,0.00854237
Model5,3pop,19,401,500,15,0.0175424
Model5,3pop,19,501,600,14,0.0131808
Model5,3pop,19,601,700,11,0.0129605
Model5,3pop,19,701,800,16,0.0155593
Model5,3pop,19,801,900,14,0.00719774
Model5,3pop,19,901,1000,13,0.0105932
Model5,3pop,10,1,100,13,0.029548
Model5,3pop,10,101,200,20,0.0399548
Model5,3pop,10,201,300,12,0.0220056
Model5,3pop,10,301,400,6,0.0142768
Model5,3pop,10,401,500,16,0.0381356
Model5,3pop,10,501,600,13,0.0201864
Model5,3pop,10,601,700,13,0.0205141
Model5,3pop,10,701,800,16,0.0316554
Model5,3pop,10,801,900,12,0.023678
Model5,3pop,10,901,1000,16,0.044113
Model5,3pop,12,1,100,11,0.0216271
Model5,3pop,12,101,200,8,0.0126102
Model5,3pop,12,201,300,10,0.00960452
Model5,3pop,12,301,400,17,0.0333164
Model5,3pop,12,401,500,11,0.0216893
Model5,3pop,12,501,600,11,0.0224181
Model5,3pop,12,601,700,9,0.016339
Model5,3pop,12,701,800,11,0.0220395
Model5,3pop,12,801,900,13,0.0346949
Model5,3pop,12,901,1000,15,0.0175819
Model5,3pop,0,1,100,19,0.026774
Model5,3pop,0,101,200,14,0.0318362
Model5,3pop,0,201,300,8,0.012209
Model5,3pop,0,301,400,13,0.0163898
Model5,3pop,0,401,500,9,0.00605085
Model5,3pop,0,501,600,8,0.0147232
Model5,3pop,0,601,700,8,0.0210113
Model5,3pop,0,701,800,15,0.022904
Model5,3pop,0,801,900,10,0.0148644
Model5,3pop,0,901,1000,15,0.0227175
Model5,3pop,12,1,100,14,0.0378644
Model5,3pop,12,101,200,20,0.0593446
Model5,3pop,12,201,300,14,0.0437288
Model5,3pop,12,301,400,18,0.0533616
Model5,3pop,12,401,500,20,0.0503785
Model5,3pop,12,501,600,15,0.0355876
Model5,3pop,12,601,700,12,0.031452
Model5,3pop,12,701,800,13,0.0326723
Model5,3pop,12,801,900,16,0.0366271
Model5,3pop,12,901,1000,15,0.0512034
Model5,3pop,12,1,100,13,0.0372825
Model5,3pop,12,101,200,14,0.0283785
Model5,3pop,12,201,300,11,0.0153898
Model5,3pop,12,301,400,8,0.00897175
Model5,3pop,12,401,500,8,0.00787571
Model5,3pop,12,501,600,8,0.0123729
Model5,3pop,12,601,700,13,0.0238757
Model5,3pop,12,701,800,10,0.00919774
Model5,3pop,12,801,900,14,0.0212316
Model5,3pop,12,901,1000,11,0.0111017
Model5,3pop,1,1,100,15,0.0482599
Model5,3pop,1,101,200,12,0.0359887
Model5,3pop,1,201,300,19,0.0536384
Model5,3pop,1,301,400,17,0.0486271
Model5,3pop,1,401,500,18,0.0623446
Model5,3pop,1,501,600,16,0.0550678
Model5,3pop,1,601,700,16,0.0621638
Model5,3pop,1,701,800,14,0.0473842
Model5,3pop,1,801,900,18,0.068774
Model5,3pop,1,901,1000,20,0.0661017
Model5,3pop,2,1,100,2,0.00848588
Model5,3pop,2,101,200,9,0.0214972
Model5,3pop,2,201,300,8,0.0207345
Model5,3pop,2,301,400,11,0.0139718
Model5,3pop,2,401,500,12,0.0160339
Model5,3pop,2,501,600,14,0.0328927
Model5,3pop,2,601,700,9,0.0169718
Model5,3pop,2,701,800,9,0.0234633
Model5,3pop,2,801,900,13,0.023548
Model5,3pop,2,901,1000,16,0.0272655
Model5,3pop,17,1,100,15,0.0373503
Model5,3pop,17,101,200,17,0.0279096
Model5,3pop,17,201,300,16,0.0384915
Model5,3pop,17,301,400,18,0.0291638
Model5,3pop,17,401,500,17,0.0444237
Model5,3pop,17,501,600,12,0.0314859
Model5,3pop,17,601,700,14,0.0274915
Model5,3pop,17,701,800,11,0.0278531
Model5,3pop,17,801,900,12,0.0290452
Model5,3pop,17,901,1000,9,0.0159096
Model5,3pop,9,1,100,12,0.0217627
Model5,3pop,9,101,200,12,0.0263446
Model5,3pop,9,201,300,12,0.0244915
Model5,3pop,9,301,400,7,0.0090226
Model5,3pop,9,401,500,13,0.0359153
Model5,3pop,9,501,600,10,0.0231017
Model5,3pop,9,601,700,12,0.0209548
Model5,3pop,9,701,800,16,0.0315254
Model5,3pop,9,801,900,14,0.0318079
Model5,3pop,9,901,1000,19,0.0292542
Model5,3pop,16,1,100,12,0.0315989
Model5,3pop,16,101,200,13,0.0230508
Model5,3pop,16,201,300,13,0.0396271
Model5,3pop,16,301,400,17,0.0347684
Model5,3pop,16,401,500,7,0.00784746
Model5,3pop,16,501,600,10,0.0315763
Model5,3pop,16,601,700,11,0.0131299
Model5,3pop,16,701,800,14,0.029774
Model5,3pop,16,801,900,14,0.0460226
Model5,3pop,16,901,1000,13,0.0302147
Model5,3pop,5,1,100,12,0.0397345
Model5,3pop,5,101,200,15,0.0361977
Model5,3pop,5,201,300,17,0.0451808
Model5,3pop,5,301,400,17,0.0583616
Model5,3pop,5,401,500,8,0.0175932
Model5,3pop,5,501,600,17,0.0457571
Model5,3pop,5,601,700,12,0.0261582
Model5,3pop,5,701,800,10,0.0336949
Model5,3pop,5,801,900,17,0.0460791
Model5,3pop,5,901,1000,14,0.0452542
Model5,3pop,15,1,100,14,0.026452
Model5,3pop,15,101,200,13,0.0250904
Model5,3pop,15,201,300,14,0.0179209
Model5,3pop,15,301,400,8,0.0101186
Model5,3pop,15,401,500,10,0.0155932
Model5,3pop,15,501,600,13,0.0279379
Model5,3pop,15,601,700,7,0.0103503
Model5,3pop,15,701,800,15,0.0314124
Model5,3pop,15,801,900,9,0.00778531
Model5,3pop,15,901,1000,9,0.0118983
Model5,3pop,0,1,100,9,0.0109492
Model5,3pop,0,101,200,10,0.0159887
Model5,3pop,0,201,300,7,0.0143559
Model5,3pop,0,301,400,7,0.0138644
Model5,3pop,0,401,500,15,0.016548
Model5,3pop,0,501,600,14,0.0233164
Model5,3pop,0,601,700,9,0.0143672
Model5,3pop,0,701,800,6,0.0106949
Model5,3pop,0,801,900,2,0.00348023
Model5,3pop,0,901,1000,7,0.0147797
Model5,3pop,9,1,100,18,0.0299774
Model5,3pop,9,101,200,13,0.0309266
Model5,3pop,9,201,300,13,0.0254633
Model5,3pop,9,301,400,10,0.00774011
Model5,3pop,9,401,500,13,0.0191638
Model5,3pop,9,501,600,15,0.0286384
Model5,3pop,9,601,700,11,0.0279492
Model5,3pop,9,701,800,8,0.0145989
Model5,3pop,9,801,900,15,0.0217119
Model5,3pop,9,901,1000,9,0.0170339
Model5,3pop,12,1,100,12,0.024452
Model5,3pop,12,101,200,10,0.0201299
Model5,3pop,12,201,300,17,0.0371864
Model5,3pop,12,301,400,19,0.0446554
Model5,3pop,12,401,500,14,0.0268701
Model5,3pop,12,501,600,11,0.0261243
Model5,3pop,12,601,700,21,0.0451977
Model5,3pop,12,701,800,17,0.0342542
Model5,3pop,12,801,900,14,0.0238418
Model5,3pop,12,901,1000,16,0.0368023
Model5,3pop,10,1,100,21,0.0559322
Model5,3pop,10,101,200,18,0.0537232
Model5,3pop,10,201,300,19,0.0504972
Model5,3pop,10,301,400,13,0.0321695
Model5,3pop,10,401,500,28,0.0833842
Model5,3pop,10,501,600,11,0.0248023
Model5,3pop,10,601,700,16,0.0443616
Model5,3pop,10,701,800,15,0.0583051
Model5,3pop,10,801,900,25,0.0721921
Model5,3pop,10,901,1000,22,0.067678
Model5,3pop,2,1,100,13,0.045791
Model5,3pop,2,101,200,9,0.0223051
Model5,3pop,2,201,300,15,0.042548
Model5,3pop,2,301,400,17,0.0483559
Model5,3pop,2,401,500,17,0.0346158
Model5,3pop,2,501,600,17,0.0385763
Model5,3pop,2,601,700,13,0.0276158
Model5,3pop,2,701,800,12,0.0197853
Model5,3pop,2,801,900,8,0.0139153
Model5,3pop,2,901,1000,14,0.0427797
Model5,3pop,11,1,100,14,0.029113
Model5,3pop,11,101,200,14,0.0293842
Model5,3pop,11,201,300,14,0.0355311
Model5,3pop,11,301,400,5,0.0164915
Model5,3pop,11,401,500,8,0.0234407
Model5,3pop,11,501,600,16,0.0361751
Model5,3pop,11,601,700,12,0.0380452
Model5,3pop,11,701,800,13,0.0353051
Model5,3pop,11,801,900,13,0.0239944
Model5,3pop,11,901,1000,14,0.0306271
Model5,3pop,13,1,100,13,0.053226
Model5,3pop,13,101,200,18,0.0660734
Model5,3pop,13,201,300,9,0.0291525
Model5,3pop,13,301,400,12,0.0473333
Model5,3pop,13,401,500,21,0.0664859
Model5,3pop,13,501,600,19,0.0712825
Model5,3pop,13,601,700,24,0.094548
Model5,3pop,13,701,800,16,0.065209
Model5,3pop,13,801,900,14,0.0465763
Model5,3pop,13,901,1000,19,0.0717627
Model5,3pop,9,1,100,20,0.0379209
Model5,3pop,9,101,200,13,0.0278418
Model5,3pop,9,201,300,19,0.0589548
Model5,3pop,9,301,400,11,0.0303729
Model5,3pop,9,401,500,16,0.0463729
Model5,3pop,9,501,600,18,0.0410226
Model5,3pop,9,601,700,27,0.0667627
Model5,3pop,9,701,800,22,0.0597006
Model5,3pop,9,801,900,13,0.0282486
Model5,3pop,9,901,1000,17,0.0448305
Model5,3pop,0,1,100,10,0.0185141
Model5,3pop,0,101,200,10,0.0166328
Model5,3pop,0,201,300,15,0.0484576
Model5,3pop,0,301,400,13,0.0321638
Model5,3pop,0,401,500,12,0.0224802
Model5,3pop,0,501,600,12,0.0230056
Model5,3pop,0,601,700,10,0.0197175
Model5,3pop,0,701,800,8,0.0130621
Model5,3pop,0,801,900,7,0.00953672
Model5,3pop,0,901,1000,7,0.0108192
Model5,3pop,19,1,100,14,0.0509096
Model5,3pop,19,101,200,25,0.0970113
Model5,3pop,19,201,300,19,0.0734068
Model5,3pop,19,301,400,22,0.0638644
Model5,3pop,19,401,500,22,0.0860113
Model5,3pop,19,501,600,19,0.0746328
Model5,3pop,19,601,700,28,0.107616
Model5,3pop,19,701,800,24,0.0780621
Model5,3pop,19,801,900,23,0.0662373
Model5,3pop,19,901,1000,26,0.102119
Model5,3pop,3,1,100,8,0.0190395
Model5,3pop,3,101,200,5,0.00911299
Model5,3pop,3,201,300,10,0.0142881
Model5,3pop,3,301,400,9,0.0201808
Model5,3pop,3,401,500,9,0.0206836
Model5,3pop,3,501,600,12,0.0310169
Model5,3pop,3,601,700,8,0.0285706
Model5,3pop,3,701,800,10,0.0174576
Model5,3pop,3,801,900,11,0.0203842
Model5,3pop,3,901,1000,7,0.0150508
Model5,3pop,12,1,100,9,0.0224915
Model5,3pop,12,101,200,7,0.0116102
Model5,3pop,12,201,300,11,0.0308362
Model5,3pop,12,301,400,9,0.0116102
Model5,3pop,12,401,500,6,0.0106667
Model5,3pop,12,501,600,14,0.0222147
Model5,3pop,12,601,700,9,0.0158983
Model5,3pop,12,701,800,9,0.0122881
Model5,3pop,12,801,900,6,0.017565
Model5,3pop,12,901,1000,12,0.020887
Model5,3pop,4,1,100,15,0.0472599
Model5,3pop,4,101,200,15,0.0275706
Model5,3pop,4,201,300,16,0.0535028
Model5,3pop,4,301,400,13,0.03
Model5,3pop,4,401,500,17,0.0665254
Model5,3pop,4,501,600,10,0.0288983
Model5,3pop,4,601,700,15,0.0483559
Model5,3pop,4,701,800,14,0.0384463
Model5,3pop,4,801,900,15,0.0499548
Model5,3pop,4,901,1000,23,0.0824576
Model5,3pop,18,1,100,15,0.0445028
Model5,3pop,18,101,200,19,0.0584972
Model5,3pop,18,201,300,23,0.0539492
Model5,3pop,18,301,400,11,0.0282034
Model5,3pop,18,401,500,17,0.0435989
Model5,3pop,18,501,600,20,0.0533333
Model5,3pop,18,601,700,23,0.0635028
Model5,3pop,18,701,800,19,0.0385028
Model5,3pop,18,801,900,18,0.0512034
Model5,3pop,18,901,1000,8,0.0183616
Model5,3pop,0,1,100,6,0.00734463
Model5,3pop,0,101,200,9,0.0200226
Model5,3pop,0,201,300,11,0.0192147
Model5,3pop,0,301,400,6,0.013661
Model5,3pop,0,401,500,6,0.00874576
Model5,3pop,0,501,600,12,0.0213333
Model5,3pop,0,601,700,9,0.0127514
Model5,3pop,0,701,800,5,0.00989266
Model5,3pop,0,801,900,8,0.0100565
Model5,3pop,0,901,1000,10,0.0201243
Model5,3pop,15,1,100,10,0.011096
Model5,3pop,15,101,200,6,0.0176102
Model5,3pop,15,201,300,9,0.0105367
Model5,3pop,15,301,400,11,0.0238757
Model5,3pop,15,401,500,12,0.0251921
Model5,3pop,15,501,600,11,0.029678
Model5,3pop,15,601,700,6,0.010565
Model5,3pop,15,701,800,17,0.0479774
Model5,3pop,15,801,900,11,0.0300395
Model5,3pop,15,901,1000,16,0.034774
Model5,3pop,7,1,100,14,0.0300113
Model5,3pop,7,101,200,9,0.013661
Model5,3pop,7,201,300,14,0.0262655
Model5,3pop,7,301,400,13,0.0399096
Model5,3pop,7,401,500,10,0.0230904
Model5,3pop,7,501,600,16,0.0336384
Model5,3pop,7,601,700,14,0.0381469
Model5,3pop,7,701,800,9,0.0206328
Model5,3pop,7,801,900,14,0.0316893
Model5,3pop,7,901,1000,9,0.0252203
Model5,3pop,7,1,100,5,0.00966667
Model5,3pop,7,101,200,13,0.0176554
Model5,3pop,7,201,300,15,0.029678
Model5,3pop,7,301,400,13,0.0348531
Model5,3pop,7,401,500,11,0.0161921
Model5,3pop,7,501,600,11,0.0283616
Model5,3pop,7,601,700,7,0.0188136
Model5,3pop,7,701,800,10,0.00984181
Model5,3pop,7,801,900,13,0.0206384
Model5,3pop,7,901,1000,10,0.0119944
Model5,3pop,5,1,100,10,0.0223898
Model5,3pop,5,101,200,18,0.0328418
Model5,3pop,5,201,300,20,0.0380678
Model5,3pop,5,301,400,17,0.0363333
Model5,3pop,5,401,500,16,0.0343729
Model5,3pop,5,501,600,13,0.029774
Model5,3pop,5,601,700,16,0.0256667
Model5,3pop,5,701,800,17,0.0364802
Model5,3pop,5,801,900,16,0.032226
Model5,3pop,5,901,1000,16,0.043678
Model5,3pop,7,1,100,5,0.00768927
Model5,3pop,7,101,200,6,0.002
Model5,3pop,7,201,300,9,0.00866667
Model5,3pop,7,301,400,9,0.0117288
Model5,3pop,7,401,500,7,0.0142373
Model5,3pop,7,501,600,10,0.0183842
Model5,3pop,7,601,700,8,0.00932203
Model5,3pop,7,701,800,8,0.0147458
Model5,3pop,7,801,900,8,0.00484181
Model5,3pop,7,901,1000,7,0.00662712
Model5,3pop,14,1,100,10,0.0183277
Model5,3pop,14,101,200,6,0.0185819
Model5,3pop,14,201,300,15,0.0262034
Model5,3pop,14,301,400,8,0.0200791
Model5,3pop,14,401,500,11,0.0230904
Model5,3pop,14,501,600,8,0.0225367
Model5,3pop,14,601,700,14,0.0169096
Model5,3pop,14,701,800,14,0.0242373
Model5,3pop,14,801,900,17,0.0350395
Model5,3pop,14,901,1000,13,0.0275876
Model5,3pop,8,1,100,13,0.0228701
Model5,3pop,8,101,200,12,0.0311073
Model5,3pop,8,201,300,14,0.0205706
Model5,3pop,8,301,400,14,0.0254859
Model5,3pop,8,401,500,16,0.0391864
Model5,3pop,8,501,600,14,0.0259548
Model5,3pop,8,601,700,7,0.0200113
Model5,3pop,8,701,800,8,0.0169209
Model5,3pop,8,801,900,14,0.030887
Model5,3pop,8,901,1000,10,0.022548
Model5,3pop,15,1,100,14,0.0196949
Model5,3pop,15,101,200,15,0.0150791
Model5,3pop,15,201,300,14,0.0145593
Model5,3pop,15,301,400,12,0.0195593
Model5,3pop,15,401,500,14,0.0342147
Model5,3pop,15,501,600,15,0.025904
Model5,3pop,15,601,700,11,0.0133277
Model5,3pop,15,701,800,13,0.0140565
Model5,3pop,15,801,900,13,0.0179887
Model5,3pop,15,901,1000,21,0.0217232
Model5,3pop,0,1,100,20,0.052565
Model5,3pop,0,101,200,16,0.0314237
Model5,3pop,0,201,300,18,0.0338079
Model5,3pop,0,301,400,27,0.0589944
Model5,3pop,0,401,500,17,0.0230508
Model5,3pop,0,501,600,20,0.0423277
Model5,3pop,0,601,700,22,0.0540452
Model5,3pop,0,701,800,21,0.0448531
Model5,3pop,0,801,900,15,0.0309605
Model5,3pop,0,901,1000,17,0.0355593
Model5,3pop,4,1,100,9,0.0268531
Model5,3pop,4,101,200,13,0.0394576
Model5,3pop,4,201,300,9,0.0182599
Model5,3pop,4,301,400,11,0.0270621
Model5,3pop,4,401,500,7,0.022322
Model5,3pop,4,501,600,17,0.0476215
Model5,3pop,4,601,700,17,0.0451977
Model5,3pop,4,701,800,9,0.0235367
Model5,3pop,4,801,900,7,0.0201921
Model5,3pop,4,901,1000,11,0.027435
Model5,3pop,13,1,100,17,0.0605424
Model5,3pop,13,101,200,28,0.094322
Model5,3pop,13,201,300,13,0.0424972
Model5,3pop,13,301,400,25,0.0847401
Model5,3pop,13,401,500,21,0.071661
Model5,3pop,13,501,600,16,0.0497288
Model5,3pop,13,601,700,16,0.0461695
Model5,3pop,13,701,800,19,0.059096
Model5,3pop,13,801,900,19,0.0651073
Model5,3pop,13,901,1000,23,0.0654633
Model5,3pop,8,1,100,15,0.029096
Model5,3pop,8,101,200,18,0.0251751
Model5,3pop,8,201,300,13,0.0260226
Model5,3pop,8,301,400,11,0.0201525
Model5,3pop,8,401,500,17,0.0254972
Model5,3pop,8,501,600,15,0.0299209
Model5,3pop,8,601,700,15,0.0212938
Model5,3pop,8,701,800,12,0.0233446
Model5,3pop,8,801,900,19,0.0403051
Model5,3pop,8,901,1000,12,0.0156328
Model5,3pop,5,1,100,19,0.0570791
Model5,3pop,5,101,200,18,0.0698192
Model5,3pop,5,201,300,22,0.0653277
Model5,3pop,5,301,400,15,0.0436384
Model5,3pop,5,401,500,14,0.042904
Model5,3pop,5,501,600,16,0.0589831
Model5,3pop,5,601,700,10,0.0298079
Model5,3pop,5,701,800,14,0.0495141
Model5,3pop,5,801,900,12,0.0266158
Model5,3pop,5,901,1000,12,0.0327853
Model5,3pop,18,1,100,11,0.0235028
Model5,3pop,18,101,200,14,0.030322
Model5,3pop,18,201,300,12,0.0278983
Model5,3pop,18,301,400,10,0.0158362
Model5,3pop,18,401,500,14,0.0370565
Model5,3pop,18,501,600,14,0.0310508
Model5,3pop,18,601,700,16,0.0481921
Model5,3pop,18,701,800,14,0.0397514
Model5,3pop,18,801,900,14,0.0269774
Model5,3pop,18,901,1000,19,0.0394746
Model5,3pop,3,1,100,16,0.037096
Model5,3pop,3,101,200,13,0.0268079
Model5,3pop,3,201,300,12,0.0185593
Model5,3pop,3,301,400,7,0.0132599
Model5,3pop,3,401,500,16,0.0313785
Model5,3pop,3,501,600,12,0.0261808
Model5,3pop,3,601,700,14,0.0272429
Model5,3pop,3,701,800,12,0.0223559
Model5,3pop,3,801,900,12,0.0404407
Model5,3pop,3,901,1000,13,0.026209
Model5,3pop,17,1,100,7,0.0103955
Model5,3pop,17,101,200,10,0.0242712
Model5,3pop,17,201,300,13,0.0228362
Model5,3pop,17,301,400,11,0.0366328
Model5,3pop,17,401,500,13,0.0258475
Model5,3pop,17,501,600,11,0.0238305
Model5,3pop,17,601,700,8,0.0109266
Model5,3pop,17,701,800,11,0.0233955
Model5,3pop,17,801,900,12,0.026774
Model5,3pop,17,901,1000,7,0.021548
Model5,3pop,6,1,100,16,0.0255028
Model5,3pop,6,101,200,11,0.0241412
Model5,3pop,6,201,300,11,0.0232147
Model5,3pop,6,301,400,14,0.0221977
Model5,3pop,6,401,500,10,0.0130282
Model5,3pop,6,501,600,19,0.0232768
Model5,3pop,6,601,700,14,0.0276215
Model5,3pop,6,701,800,11,0.022661
Model5,3pop,6,801,900,12,0.0185198
Model5,3pop,6,901,1000,9,0.0079661
Model5,3pop,8,1,100,8,0.0118701
Model5,3pop,8,101,200,14,0.023096
Model5,3pop,8,201,300,8,0.0181582
Model5,3pop,8,301,400,16,0.0341977
Model5,3pop,8,401,500,14,0.0218023
Model5,3pop,8,501,600,4,0.00399435
Model5,3pop,8,601,700,13,0.0229548
Model5,3pop,8,701,800,13,0.0182825
Model5,3pop,8,801,900,17,0.0331017
Model5,3pop,8,901,1000,15,0.0255819
Model5,3pop,17,1,100,8,0.012452
Model5,3pop,17,101,200,9,0.020565
Model5,3pop,17,201,300,10,0.0275198
Model5,3pop,17,301,400,10,0.0364633
Model5,3pop,17,401,500,13,0.0420508
Model5,3pop,17,501,600,9,0.0164463
Model5,3pop,17,601,700,10,0.0190113
Model5,3pop,17,701,800,9,0.027774
Model5,3pop,17,801,900,6,0.00961017
Model5,3pop,17,901,1000,13,0.0322599
Model5,3pop,9,1,100,13,0.0432373
Model5,3pop,9,101,200,16,0.0278531
Model5,3pop,9,201,300,16,0.0355254
Model5,3pop,9,301,400,12,0.0263107
Model5,3pop,9,401,500,14,0.0243898
Model5,3pop,9,501,600,14,0.0384689
Model5,3pop,9,601,700,16,0.0335311
Model5,3pop,9,701,800,17,0.0399379
Model5,3pop,9,801,900,13,0.0289661
Model5,3pop,9,901,1000,18,0.0373051
Model5,3pop,7,1,100,10,0.0121525
Model5,3pop,7,101,200,11,0.0388757
Model5,3pop,7,201,300,3,0.0019322
Model5,3pop,7,301,400,5,0.00822034
Model5,3pop,7,401,500,12,0.0231017
Model5,3pop,7,501,600,7,0.0134972
Model5,3pop,7,601,700,7,0.00911864
Model5,3pop,7,701,800,7,0.0129548
Model5,3pop,7,801,900,14,0.028209
Model5,3pop,7,901,1000,9,0.011904
Model5,3pop,4,1,100,8,0.0155367
Model5,3pop,4,101,200,10,0.0254237
Model5,3pop,4,201,300,8,0.0280169
Model5,3pop,4,301,400,11,0.0147062
Model5,3pop,4,401,500,8,0.0130226
Model5,3pop,4,501,600,15,0.0242429
Model5,3pop,4,601,700,15,0.0192373
Model5,3pop,4,701,800,15,0.0298531
Model5,3pop,4,801,900,10,0.028
Model5,3pop,4,901,1000,12,0.0127966
Model5,3pop,9,1,100,16,0.0361525
Model5,3pop,9,101,200,16,0.0266045
Model5,3pop,9,201,300,19,0.0402034
Model5,3pop,9,301,400,14,0.020435
Model5,3pop,9,401,500,8,0.0242542
Model5,3pop,9,501,600,19,0.0339379
Model5,3pop,9,601,700,12,0.0233672
Model5,3pop,9,701,800,19,0.0395932
Model5,3pop,9,801,900,14,0.0247853
Model5,3pop,9,901,1000,17,0.0312938
Model5,3pop,8,1,100,13,0.0261073
Model5,3pop,8,101,200,14,0.0274124
Model5,3pop,8,201,300,16,0.0294746
Model5,3pop,8,301,400,11,0.0256441
Model5,3pop,8,401,500,14,0.033791
Model5,3pop,8,501,600,16,0.0318927
Model5,3pop,8,601,700,14,0.0315085
Model5,3pop,8,701,800,7,0.0179153
Model5,3pop,8,801,900,15,0.0364068
Model5,3pop,8,901,1000,20,0.0466554
Model5,3pop,4,1,100,10,0.0260282
Model5,3pop,4,101,200,12,0.0335876
Model5,3pop,4,201,300,10,0.0272655
Model5,3pop,4,301,400,17,0.0506045
Model5,3pop,4,401,500,13,0.034661
Model5,3pop,4,501,600,15,0.044678
Model5,3pop,4,601,700,10,0.0329548
Model5,3pop,4,701,800,16,0.045791
Model5,3pop,4,801,900,7,0.0307062
Model5,3pop,4,901,1000,13,0.0335932
Model5,3pop,10,1,100,17,0.0292034
Model5,3pop,10,101,200,16,0.0387853
Model5,3pop,10,201,300,16,0.0372938
Model5,3pop,10,301,400,19,0.0469605
Model5,3pop,10,401,500,12,0.0226893
Model5,3pop,10,501,600,16,0.0383729
Model5,3pop,10,601,700,17,0.031565
Model5,3pop,10,701,800,18,0.0513333
Model5,3pop,10,801,900,19,0.0387401
Model5,3pop,10,901,1000,16,0.0304181
Model5,3pop,11,1,100,9,0.0250282
Model5,3pop,11,101,200,9,0.0115593
Model5,3pop,11,201,300,11,0.022661
Model5,3pop,11,301,400,10,0.0181186
Model5,3pop,11,401,500,10,0.0199718
Model5,3pop,11,501,600,16,0.0299096
Model5,3pop,11,601,700,12,0.0260169
Model5,3pop,11,701,800,12,0.0271864
Model5,3pop,11,801,900,9,0.015452
Model5,3pop,11,901,1000,11,0.0273051
Model5,3pop,3,1,100,16,0.0248418
Model5,3pop,3,101,200,10,0.0229661
Model5,3pop,3,201,300,6,0.00600565
Model5,3pop,3,301,400,13,0.0270169
Model5,3pop,3,401,500,13,0.0247966
Model5,3pop,3,501,600,13,0.0189096
Model5,3pop,3,601,700,13,0.026887
Model5,3pop,3,701,800,8,0.0159435
Model5,3pop,3,801,900,8,0.0115367
Model5,3pop,3,901,1000,8,0.0289379
Model5,3pop,9,1,100,8,0.0245141
Model5,3pop,9,101,200,13,0.0389322
Model5,3pop,9,201,300,10,0.0232768
Model5,3pop,9,301,400,15,0.0343503
Model5,3pop,9,401,500,20,0.0549887
Model5,3pop,9,501,600,14,0.0359153
Model5,3pop,9,601,700,12,0.0320565
Model5,3pop,9,701,800,15,0.0393051
Model5,3pop,9,801,900,19,0.0356328
Model5,3pop,9,901,1000,12,0.0300113
Model5,3pop,8,1,100,9,0.00917514
Model5,3pop,8,101,200,15,0.0107119
Model5,3pop,8,201,300,11,0.0129887
Model5,3pop,8,301,400,7,0.00691525
Model5,3pop,8,401,500,10,0.00814124
Model5,3pop,8,501,600,10,0.0135593
Model5,3pop,8,601,700,10,0.0122147
Model5,3pop,8,701,800,10,0.0121695
Model5,3pop,8,801,900,13,0.0100565
Model5,3pop,8,901,1000,15,0.011548
Model5,3pop,11,1,100,16,0.0381582
Model5,3pop,11,101,200,24,0.0580508
Model5,3pop,11,201,300,21,0.0629322
Model5,3pop,11,301,400,21,0.0535593
Model5,3pop,11,401,500,21,0.0552599
Model5,3pop,11,501,600,19,0.0455254
Model5,3pop,11,601,700,20,0.044096
Model5,3pop,11,701,800,15,0.0382203
Model5,3pop,11,801,900,16,0.0361695
Model5,3pop,11,901,1000,22,0.0497345
Model5,3pop,14,1,100,10,0.00817514
Model5,3pop,14,101,200,4,0.00228814
Model5,3pop,14,201,300,7,0.00628249
Model5,3pop,14,301,400,8,0.0113503
Model5,3pop,14,401,500,8,0.00856497
Model5,3pop,14,501,600,10,0.0145085
Model5,3pop,14,601,700,9,0.011452
Model5,3pop,14,701,800,6,0.00820904
Model5,3pop,14,801,900,3,0.00225424
Model5,3pop,14,901,1000,9,0.0129548
Model5,3pop,17,1,100,10,0.0110847
Model5,3pop,17,101,200,7,0.00265537
Model5,3pop,17,201,300,10,0.0208023
Model5,3pop,17,301,400,10,0.00676271
Model5,3pop,17,401,500,12,0.0195989
Model5,3pop,17,501,600,10,0.0168418
Model5,3pop,17,601,700,8,0.0149774
Model5,3pop,17,701,800,6,0.0070339
Model5,3pop,17,801,900,10,0.00494915
Model5,3pop,17,901,1000,9,0.0197853
Model5,3pop,5,1,100,25,0.0723616
Model5,3pop,5,101,200,20,0.055
Model5,3pop,5,201,300,23,0.0531017
Model5,3pop,5,301,400,9,0.0300791
Model5,3pop,5,401,500,18,0.0557853
Model5,3pop,5,501,600,17,0.0360734
Model5,3pop,5,601,700,12,0.0326893
Model5,3pop,5,701,800,19,0.0391808
Model5,3pop,5,801,900,11,0.0282994
Model5,3pop,5,901,1000,19,0.059904
Model5,3pop,7,1,100,12,0.0198531
Model5,3pop,7,101,200,8,0.0149379
Model5,3pop,7,201,300,9,0.0139831
Model5,3pop,7,301,400,12,0.0145311
Model5,3pop,7,401,500,10,0.0102542
Model5,3pop,7,501,600,14,0.021791
Model5,3pop,7,601,700,8,0.0123672
Model5,3pop,7,701,800,13,0.0128305
Model5,3pop,7,801,900,12,0.0176441
Model5,3pop,7,901,1000,9,0.00946328
Model5,3pop,0,1,100,11,0.0203107
Model5,3pop,0,101,200,14,0.0181243
Model5,3pop,0,201,300,13,0.0272825
Model5,3pop,0,301,400,17,0.0362373
Model5,3pop,0,401,500,17,0.0285085
Model5,3pop,0,501,600,13,0.0290169
Model5,3pop,0,601,700,10,0.0165819
Model5,3pop,0,701,800,12,0.0163898
Model5,3pop,0,801,900,14,0.0207684
Model5,3pop,0,901,1000,11,0.0147175
Model5,3pop,3,1,100,8,0.00972881
Model5,3pop,3,101,200,13,0.0220508
Model5,3pop,3,201,300,8,0.0150226
Model5,3pop,3,301,400,15,0.0274407
Model5,3pop,3,401,500,9,0.018565
Model5,3pop,3,501,600,3,0.00227684
Model5,3pop,3,601,700,9,0.0246045
Model5,3pop,3,701,800,12,0.0222768
Model5,3pop,3,801,900,6,0.00497175
Model5,3pop,3,901,1000,11,0.014435
Model5,3pop,3,1,100,18,0.0530339
Model5,3pop,3,101,200,17,0.0485141
Model5,3pop,3,201,300,14,0.0384463
Model5,3pop,3,301,400,18,0.0500226
Model5,3pop,3,401,500,15,0.0453333
Model5,3pop,3,501,600,16,0.0410169
Model5,3pop,3,601,700,20,0.0473107
Model5,3pop,3,701,800,18,0.0410565
Model5,3pop,3,801,900,6,0.0155424
Model5,3pop,3,901,1000,18,0.0456441
Model5,3pop,10,1,100,13,0.0136158
Model5,3pop,10,101,200,9,0.0201243
Model5,3pop,10,201,300,11,0.016435
Model5,3pop,10,301,400,7,0.016209
Model5,3pop,10,401,500,14,0.0164407
Model5,3pop,10,501,600,13,0.0185141
Model5,3pop,10,601,700,19,0.028322
Model5,3pop,10,701,800,11,0.0203729
Model5,3pop,10,801,900,17,0.0314689
Model5,3pop,10,901,1000,17,0.0335763
Model5,3pop,0,1,100,30,0.0661073
Model5,3pop,0,101,200,16,0.0380508
Model5,3pop,0,201,300,21,0.0482486
Model5,3pop,0,301,400,22,0.0470734
Model5,3pop,0,401,500,10,0.0220904
Model5,3pop,0,501,600,18,0.0384915
Model5,3pop,0,601,700,24,0.055339
Model5,3pop,0,701,800,16,0.0418305
Model5,3pop,0,801,900,21,0.0528983
Model5,3pop,0,901,1000,15,0.034887
Model5,3pop,4,1,100,17,0.0501921
Model5,3pop,4,101,200,20,0.0656667
Model5,3pop,4,201,300,11,0.039887
Model5,3pop,4,301,400,9,0.0152203
Model5,3pop,4,401,500,11,0.0215706
Model5,3pop,4,501,600,11,0.0238192
Model5,3pop,4,601,700,12,0.0224124
Model5,3pop,4,701,800,13,0.0444802
Model5,3pop,4,801,900,15,0.0463503
Model5,3pop,4,901,1000,10,0.0180113
Model5,3pop,11,1,100,10,0.020904
Model5,3pop,11,101,200,10,0.0242316
Model5,3pop,11,201,300,9,0.014209
Model5,3pop,11,301,400,4,0.00657627
Model5,3pop,11,401,500,10,0.0161977
Model5,3pop,11,501,600,6,0.0100339
Model5,3pop,11,601,700,6,0.0099322
Model5,3pop,11,701,800,7,0.00861017
Model5,3pop,11,801,900,18,0.0431469
Model5,3pop,11,901,1000,7,0.0136497
Model5,3pop,0,1,100,14,0.0282938
Model5,3pop,0,101,200,12,0.0237401
Model5,3pop,0,201,300,20,0.0361017
Model5,3pop,0,301,400,12,0.0264746
Model5,3pop,0,401,500,8,0.012887
Model5,3pop,0,501,600,9,0.0191921
Model5,3pop,0,601,700,11,0.0222881
Model5,3pop,0,701,800,14,0.0336836
Model5,3pop,0,801,900,17,0.037226
Model5,3pop,0,901,1000,15,0.025226
Model5,3pop,9,1,100,12,0.0236328
Model5,3pop,9,101,200,16,0.0377006
Model5,3pop,9,201,300,12,0.0164124
Model5,3pop,9,301,400,9,0.0194237
Model5,3pop,9,401,500,12,0.0311864
Model5,3pop,9,501,600,11,0.0348136
Model5,3pop,9,601,700,10,0.0292203
Model5,3pop,9,701,800,9,0.0138079
Model5,3pop,9,801,900,9,0.0254972
Model5,3pop,9,901,1000,9,0.0226158
Model5,3pop,11,1,100,13,0.0148644
Model5,3pop,11,101,200,11,0.022678
Model5,3pop,11,201,300,19,0.0408362
Model5,3pop,11,301,400,8,0.0200678
Model5,3pop,11,401,500,13,0.0311751
Model5,3pop,11,501,600,11,0.0207966
Model5,3pop,11,601,700,14,0.0337232
Model5,3pop,11,701,800,11,0.02
Model5,3pop,11,801,900,12,0.0190169
Model5,3pop,11,901,1000,18,0.0374633
Model5,3pop,7,1,100,14,0.0341017
Model5,3pop,7,101,200,18,0.0403446
Model5,3pop,7,201,300,10,0.0214237
Model5,3pop,7,301,400,7,0.017565
Model5,3pop,7,401,500,7,0.0170678
Model5,3pop,7,501,600,17,0.0403559
Model5,3pop,7,601,700,13,0.0266497
Model5,3pop,7,701,800,13,0.0177853
Model5,3pop,7,801,900,15,0.0296045
Model5,3pop,7,901,1000,5,0.00563842
Model5,3pop,4,1,100,10,0.0165424
Model5,3pop,4,101,200,14,0.0290339
Model5,3pop,4,201,300,18,0.0263333
Model5,3pop,4,301,400,9,0.0181017
Model5,3pop,4,401,500,17,0.0413446
Model5,3pop,4,501,600,11,0.0269322
Model5,3pop,4,601,700,11,0.0195763
Model5,3pop,4,701,800,13,0.0289944
Model5,3pop,4,801,900,9,0.0224237
Model5,3pop,4,901,1000,16,0.0409548
Model5,3pop,16,1,100,12,0.0242147
Model5,3pop,16,101,200,13,0.0277797
Model5,3pop,16,201,300,11,0.0339605
Model5,3pop,16,301,400,10,0.0244463
Model5,3pop,16,401,500,1,0.000655367
Model5,3pop,16,501,600,12,0.0134181
Model5,3pop,16,601,700,12,0.0187175
Model5,3pop,16,701,800,6,0.013791
Model5,3pop,16,801,900,14,0.0281582
Model5,3pop,16,901,1000,14,0.0298757
Model5,3pop,1,1,100,26,0.0457006
Model5,3pop,1,101,200,14,0.0305367
Model5,3pop,1,201,300,18,0.0394576
Model5,3pop,1,301,400,21,0.0371017
Model5,3pop,1,401,500,22,0.0541412
Model5,3pop,1,501,600,21,0.0328588
Model5,3pop,1,601,700,17,0.0292768
Model5,3pop,1,701,800,12,0.0217797
Model5,3pop,1,801,900,16,0.022887
Model5,3pop,1,901,1000,16,0.0213559
Model5,3pop,19,1,100,11,0.0209548
Model5,3pop,19,101,200,8,0.0156328
Model5,3pop,19,201,300,18,0.0407571
Model5,3pop,19,301,400,12,0.0235706
Model5,3pop,19,401,500,12,0.0389605
Model5,3pop,19,501,600,6,0.0106158
Model5,3pop,19,601,700,6,0.0141921
Model5,3pop,19,701,800,12,0.0223955
Model5,3pop,19,801,900,9,0.0099435
Model5,3pop,19,901,1000,7,0.0157119
Model5,3pop,6,1,100,19,0.0301073
Model5,3pop,6,101,200,14,0.0131299
Model5,3pop,6,201,300,11,0.00989831
Model5,3pop,6,301,400,15,0.0207514
Model5,3pop,6,401,500,18,0.0239266
Model5,3pop,6,501,600,14,0.0186045
Model5,3pop,6,601,700,5,0.00763277
Model5,3pop,6,701,800,14,0.0213955
Model5,3pop,6,801,900,17,0.0184859
Model5,3pop,6,901,1000,21,0.0320508
Model5,3pop,12,1,100,9,0.0186836
Model5,3pop,12,101,200,10,0.00957627
Model5,3pop,12,201,300,10,0.0130734
Model5,3pop,12,301,400,11,0.0165763
Model5,3pop,12,401,500,10,0.00800565
Model5,3pop,12,501,600,10,0.0150734
Model5,3pop,12,601,700,13,0.0210169
Model5,3pop,12,701,800,10,0.0143333
Model5,3pop,12,801,900,19,0.0287119
Model5,3pop,12,901,1000,8,0.0127627
Model5,3pop,6,1,100,10,0.0312147
Model5,3pop,6,101,200,11,0.0239322
Model5,3pop,6,201,300,14,0.0343729
Model5,3pop,6,301,400,15,0.0218249
Model5,3pop,6,401,500,15,0.0373277
Model5,3pop,6,501,600,14,0.034226
Model5,3pop,6,601,700,12,0.028209
Model5,3pop,6,701,800,11,0.0342938
Model5,3pop,6,801,900,14,0.0274746
Model5,3pop,6,901,1000,14,0.0377006
Model5,3pop,15,1,100,8,0.0132599
Model5,3pop,15,101,200,17,0.0279831
Model5,3pop,15,201,300,11,0.0199548
Model5,3pop,15,301,400,11,0.0276045
Model5,3pop,15,401,500,8,0.0115763
Model5,3pop,15,501,600,15,0.0475085
Model5,3pop,15,601,700,16,0.0347514
Model5,3pop,15,701,800,12,0.028661
Model5,3pop,15,801,900,11,0.0178249
Model5,3pop,15,901,1000,16,0.0451017
Model5,3pop,1,1,100,7,0.0191356
Model5,3pop,1,101,200,11,0.0166723
Model5,3pop,1,201,300,7,0.0151017
Model5,3pop,1,301,400,11,0.0281808
Model5,3pop,1,401,500,12,0.00681921
Model5,3pop,1,501,600,11,0.0160678
Model5,3pop,1,601,700,11,0.0157232
Model5,3pop,1,701,800,8,0.0223446
Model5,3pop,1,801,900,7,0.016113
Model5,3pop,1,901,1000,3,0.0113955
Model5,3pop,3,1,100,10,0.0204802
Model5,3pop,3,101,200,8,0.0148418
Model5,3pop,3,201,300,11,0.024548
Model5,3pop,3,301,400,13,0.0257853
Model5,3pop,3,401,500,4,0.00938418
Model5,3pop,3,501,600,11,0.0251808
Model5,3pop,3,601,700,6,0.0102712
Model5,3pop,3,701,800,3,0.00722599
Model5,3pop,3,801,900,6,0.0135932
Model5,3pop,3,901,1000,9,0.0112938
Model5,3pop,6,1,100,13,0.034904
Model5,3pop,6,101,200,16,0.0428983
Model5,3pop,6,201,300,11,0.0249266
Model5,3pop,6,301,400,17,0.0536723
Model5,3pop,6,401,500,15,0.0417232
Model5,3pop,6,501,600,16,0.0304576
Model5,3pop,6,601,700,13,0.0425254
Model5,3pop,6,701,800,11,0.0239718
Model5,3pop,6,801,900,14,0.0226554
Model5,3pop,6,901,1000,19,0.0635932
Model5,3pop,18,1,100,15,0.0481073
Model5,3pop,18,101,200,6,0.0197458
Model5,3pop,18,201,300,7,0.00849718
Model5,3pop,18,301,400,11,0.0164859
Model5,3pop,18,401,500,10,0.0114915
Model5,3pop,18,501,600,11,0.0195537
Model5,3pop,18,601,700,5,0.0178192
Model5,3pop,18,701,800,7,0.0119548
Model5,3pop,18,801,900,14,0.0400113
Model5,3pop,18,901,1000,14,0.0361299
Model5,3pop,14,1,100,11,0.0270621
Model5,3pop,14,101,200,16,0.0411921
Model5,3pop,14,201,300,14,0.0302147
Model5,3pop,14,301,400,9,0.0180621
Model5,3pop,14,401,500,7,0.0195706
Model5,3pop,14,501,600,15,0.0298531
Model5,3pop,14,601,700,10,0.0288475
Model5,3pop,14,701,800,13,0.034548
Model5,3pop,14,801,900,13,0.0396441
Model5,3pop,14,901,1000,15,0.0359266
Model5,3pop,10,1,100,24,0.054548
Model5,3pop,10,101,200,16,0.0271525
Model5,3pop,10,201,300,15,0.0317627
Model5,3pop,10,301,400,18,0.0536893
Model5,3pop,10,401,500,17,0.0571525
Model5,3pop,10,501,600,16,0.0428588
Model5,3pop,10,601,700,22,0.0676441
Model5,3pop,10,701,800,15,0.0190904
Model5,3pop,10,801,900,18,0.0467345
Model5,3pop,10,901,1000,15,0.024113
Model5,3pop,15,1,100,10,0.0174859
Model5,3pop,15,101,200,10,0.0208757
Model5,3pop,15,201,300,12,0.015
Model5,3pop,15,301,400,13,0.0247345
Model5,3pop,15,401,500,11,0.0221356
Model5,3pop,15,501,600,11,0.0253842
Model5,3pop,15,601,700,13,0.0226667
Model5,3pop,15,701,800,15,0.0254915
Model5,3pop,15,801,900,10,0.0244068
Model5,3pop,15,901,1000,17,0.0260452
Model5,3pop,4,1,100,22,0.0782429
Model5,3pop,4,101,200,19,0.0382429
Model5,3pop,4,201,300,20,0.0588249
Model5,3pop,4,301,400,20,0.0591808
Model5,3pop,4,401,500,15,0.0504294
Model5,3pop,4,501,600,27,0.0929718
Model5,3pop,4,601,700,20,0.0695537
Model5,3pop,4,701,800,15,0.0546893
Model5,3pop,4,801,900,19,0.066791
Model5,3pop,4,901,1000,18,0.0590339
Model5,3pop,15,1,100,12,0.0189661
Model5,3pop,15,101,200,16,0.0344689
Model5,3pop,15,201,300,13,0.0357232
Model5,3pop,15,301,400,16,0.0447684
Model5,3pop,15,401,500,13,0.0385876
Model5,3pop,15,501,600,14,0.0418644
Model5,3pop,15,601,700,13,0.0246497
Model5,3pop,15,701,800,16,0.0559322
Model5,3pop,15,801,900,19,0.0509209
Model5,3pop,15,901,1000,12,0.0232486
Model5,3pop,7,1,100,10,0.0197119
Model5,3pop,7,101,200,13,0.014452
Model5,3pop,7,201,300,6,0.0125537
Model5,3pop,7,301,400,9,0.0127232
Model5,3pop,7,401,500,7,0.0143559
Model5,3pop,7,501,600,4,0.00457062
Model5,3pop,7,601,700,8,0.0151073
Model5,3pop,7,701,800,12,0.0211186
Model5,3pop,7,801,900,7,0.0168079
Model5,3pop,7,901,1000,5,0.00748588
Model5,3pop,12,1,100,11,0.0194463
Model5,3pop,12,101,200,9,0.0137401
Model5,3pop,12,201,300,5,0.0105141
Model5,3pop,12,301,400,11,0.0234802
Model5,3pop,12,401,500,20,0.0415706
Model5,3pop,12,501,600,10,0.0350226
Model5,3pop,12,601,700,7,0.0189435
Model5,3pop,12,701,800,8,0.0203559
Model5,3pop,12,801,900,13,0.0387627
Model5,3pop,12,901,1000,8,0.0146158
Model5,3pop,6,1,100,15,0.0419322
Model5,3pop,6,101,200,9,0.0181469
Model5,3pop,6,201,300,6,0.0106893
Model5,3pop,6,301,400,12,0.0264463
Model5,3pop,6,401,500,15,0.0327571
Model5,3pop,6,501,600,14,0.0223051
Model5,3pop,6,601,700,13,0.029452
Model5,3pop,6,701,800,15,0.0438983
Model5,3pop,6,801,900,12,0.0355989
Model5,3pop,6,901,1000,18,0.0514237
Model5,3pop,1,1,100,16,0.0351864
Model5,3pop,1,101,200,16,0.0523051
Model5,3pop,1,201,300,15,0.035096
Model5,3pop,1,301,400,10,0.0289266
Model5,3pop,1,401,500,17,0.0340339
Model5,3pop,1,501,600,12,0.0278983
Model5,3pop,1,601,700,17,0.0371412
Model5,3pop,1,701,800,16,0.0290621
Model5,3pop,1,801,900,14,0.0338588
Model5,3pop,1,901,1000,16,0.0371582
Model5,3pop,12,1,100,7,0.0193333
Model5,3pop,12,101,200,9,0.0255367
Model5,3pop,12,201,300,13,0.0269322
Model5,3pop,12,301,400,14,0.0227175
Model5,3pop,12,401,500,6,0.0108927
Model5,3pop,12,501,600,10,0.0210056
Model5,3pop,12,601,700,10,0.0270678
Model5,3pop,12,701,800,12,0.0251864
Model5,3pop,12,801,900,7,0.0155763
Model5,3pop,12,901,1000,14,0.0263503
Model5,3pop,13,1,100,10,0.0234294
Model5,3pop,13,101,200,9,0.0143898
Model5,3pop,13,201,300,17,0.0312994
Model5,3pop,13,301,400,9,0.0152203
Model5,3pop,13,401,500,11,0.012322
Model5,3pop,13,501,600,8,0.0175819
Model5,3pop,13,601,700,16,0.0233107
Model5,3pop,13,701,800,14,0.0135989
Model5,3pop,13,801,900,11,0.0189831
Model5,3pop,13,901,1000,21,0.0301525
Model5,3pop,1,1,100,12,0.0383051
Model5,3pop,1,101,200,7,0.0164576
Model5,3pop,1,201,300,13,0.0357345
Model5,3pop,1,301,400,14,0.0263616
Model5,3pop,1,401,500,17,0.0395028
Model5,3pop,1,501,600,11,0.0295932
Model5,3pop,1,601,700,14,0.0247966
Model5,3pop,1,701,800,17,0.0339548
Model5,3pop,1,801,900,16,0.0398983
Model5,3pop,1,901,1000,9,0.0170904
Model5,3pop,14,1,100,12,0.0307119
Model5,3pop,14,101,200,14,0.0285424
Model5,3pop,14,201,300,16,0.0353955
Model5,3pop,14,301,400,11,0.0253107
Model5,3pop,14,401,500,14,0.0187853
Model5,3pop,14,501,600,16,0.0383333
Model5,3pop,14,601,700,19,0.0486949
Model5,3pop,14,701,800,10,0.0200056
Model5,3pop,14,801,900,11,0.0213842
Model5,3pop,14,901,1000,18,0.0334407
Model5,3pop,11,1,100,13,0.0272655
Model5,3pop,11,101,200,9,0.0118588
Model5,3pop,11,201,300,15,0.0288814
Model5,3pop,11,301,400,10,0.0333898
Model5,3pop,11,401,500,4,0.0107345
Model5,3pop,11,501,600,5,0.0113955
Model5,3pop,11,601,700,7,0.0146554
Model5,3pop,11,701,800,12,0.0126158
Model5,3pop,11,801,900,5,0.0152542
Model5,3pop,11,901,1000,5,0.0103785
Model5,3pop,10,1,100,7,0.00484181
Model5,3pop,10,101,200,14,0.0136384
Model5,3pop,10,201,300,14,0.0218079
Model5,3pop,10,301,400,8,0.00876836
Model5,3pop,10,401,500,11,0.0189831
Model5,3pop,10,501,600,9,0.00861582
Model5,3pop,10,601,700,12,0.0122938
Model5,3pop,10,701,800,12,0.0183107
Model5,3pop,10,801,900,11,0.0131412
Model5,3pop,10,901,1000,7,0.00579661
Model5,3pop,6,1,100,9,0.0213333
Model5,3pop,6,101,200,9,0.0099209
Model5,3pop,6,201,300,19,0.0229718
Model5,3pop,6,301,400,16,0.0289548
Model5,3pop,6,401,500,11,0.021548
Model5,3pop,6,501,600,4,0.00762147
Model5,3pop,6,601,700,8,0.011565
Model5,3pop,6,701,800,16,0.0172542
Model5,3pop,6,801,900,12,0.0178418
Model5,3pop,6,901,1000,11,0.0114407
Model5,3pop,10,1,100,10,0.0181921
Model5,3pop,10,101,200,10,0.0288701
Model5,3pop,10,201,300,20,0.0579492
Model5,3pop,10,301,400,17,0.0333672
Model5,3pop,10,401,500,11,0.0210226
Model5,3pop,10,501,600,12,0.0213729
Model5,3pop,10,601,700,11,0.0244915
Model5,3pop,10,701,800,13,0.0256836
Model5,3pop,10,801,900,12,0.0278814
Model5,3pop,10,901,1000,11,0.0264181
Model5,3pop,14,1,100,9,0.0172429
Model5,3pop,14,101,200,4,0.00479096
Model5,3pop,14,201,300,6,0.00676836
Model5,3pop,14,301,400,6,0.00818644
Model5,3pop,14,401,500,7,0.00987571
Model5,3pop,14,501,600,6,0.00667797
Model5,3pop,14,601,700,5,0.00424859
Model5,3pop,14,701,800,7,0.0128927
Model5,3pop,14,801,900,5,0.0019887
Model5,3pop,14,901,1000,9,0.0177797
Model5,3pop,16,1,100,19,0.0294915
Model5,3pop,16,101,200,14,0.0225593
Model5,3pop,16,201,300,8,0.0215876
Model5,3pop,16,301,400,17,0.0280734
Model5,3pop,16,401,500,20,0.0538531
Model5,3pop,16,501,600,18,0.0330678
Model5,3pop,16,601,700,23,0.0391695
Model5,3pop,16,701,800,17,0.0258192
Model5,3pop,16,801,900,13,0.0271356
Model5,3pop,16,901,1000,14,0.0270113
Model5,3pop,2,1,100,15,0.0297345
Model5,3pop,2,101,200,12,0.0226102
Model5,3pop,2,201,300,14,0.0264181
Model5,3pop,2,301,400,15,0.0304011
Model5,3pop,2,401,500,13,0.0265424
Model5,3pop,2,501,600,15,0.0372203
Model5,3pop,2,601,700,8,0.0125593
Model5,3pop,2,701,800,11,0.0205198
Model5,3pop,2,801,900,15,0.0178249
Model5,3pop,2,901,1000,11,0.0152203
Model5,3pop,2,1,100,12,0.0251412
Model5,3pop,2,101,200,15,0.0396554
Model5,3pop,2,201,300,22,0.0540169
Model5,3pop,2,301,400,15,0.0247571
Model5,3pop,2,401,500,10,0.0214237
Model5,3pop,2,501,600,10,0.0228983
Model5,3pop,2,601,700,19,0.059113
Model5,3pop,2,701,800,20,0.0589492
Model5,3pop,2,801,900,13,0.0296158
Model5,3pop,2,901,1000,13,0.0269831
Model5,3pop,11,1,100,16,0.0428927
Model5,3pop,11,101,200,10,0.0236271
Model5,3pop,11,201,300,10,0.0306949
Model5,3pop,11,301,400,11,0.0247232
Model5,3pop,11,401,500,11,0.0222486
Model5,3pop,11,501,600,10,0.0270904
Model5,3pop,11,601,700,8,0.0138249
Model5,3pop,11,701,800,9,0.0213616
Model5,3pop,11,801,900,11,0.0208701
Model5,3pop,11,901,1000,14,0.0278249
Model5,3pop,6,1,100,10,0.0159492
Model5,3pop,6,101,200,9,0.020322
Model5,3pop,6,201,300,9,0.0193616
Model5,3pop,6,301,400,7,0.0148305
Model5,3pop,6,401,500,10,0.0246723
Model5,3pop,6,501,600,18,0.0355254
Model5,3pop,6,601,700,7,0.0125085
Model5,3pop,6,701,800,6,0.00408475
Model5,3pop,6,801,900,11,0.0129379
Model5,3pop,6,901,1000,13,0.0218305
Model5,3pop,16,1,100,10,0.0149718
Model5,3pop,16,101,200,17,0.0358023
Model5,3pop,16,201,300,13,0.0188023
Model5,3pop,16,301,400,17,0.0350565
Model5,3pop,16,401,500,17,0.0269718
Model5,3pop,16,501,600,10,0.0158249
Model5,3pop,16,601,700,9,0.0179435
Model5,3pop,16,701,800,11,0.017096
Model5,3pop,16,801,900,14,0.025774
Model5,3pop,16,901,1000,17,0.0195085
Model5,3pop,4,1,100,8,0.0120056
Model5,3pop,4,101,200,8,0.00699435
Model5,3pop,4,201,300,12,0.0101356
Model5,3pop,4,301,400,17,0.0272373
Model5,3pop,4,401,500,9,0.00967797
Model5,3pop,4,501,600,6,0.0106441
Model5,3pop,4,601,700,17,0.0239322
Model5,3pop,4,701,800,7,0.0123672
Model5,3pop,4,801,900,10,0.00923729
Model5,3pop,4,901,1000,14,0.0168475
Model5,3pop,2,1,100,8,0.0226667
Model5,3pop,2,101,200,5,0.00478531
Model5,3pop,2,201,300,6,0.011565
Model5,3pop,2,301,400,5,0.00800565
Model5,3pop,2,401,500,5,0.0119661
Model5,3pop,2,501,600,12,0.018113
Model5,3pop,2,601,700,7,0.0126949
Model5,3pop,2,701,800,13,0.0190847
Model5,3pop,2,801,900,9,0.0126949
Model5,3pop,2,901,1000,9,0.013774
Model5,3pop,2,1,100,9,0.0195254
Model5,3pop,2,101,200,10,0.0201073
Model5,3pop,2,201,300,11,0.0186102
Model5,3pop,2,301,400,9,0.00644068
Model5,3pop,2,401,500,15,0.0268475
Model5,3pop,2,501,600,14,0.0262825
Model5,3pop,2,601,700,15,0.0217062
Model5,3pop,2,701,800,8,0.0107175
Model5,3pop,2,801,900,14,0.0218362
Model5,3pop,2,901,1000,15,0.0155989
Model5,3pop,7,1,100,12,0.0291299
Model5,3pop,7,101,200,29,0.0624294
Model5,3pop,7,201,300,17,0.0382655
Model5,3pop,7,301,400,25,0.0589774
Model5,3pop,7,401,500,17,0.0320678
Model5,3pop,7,501,600,26,0.0577288
Model5,3pop,7,601,700,10,0.0193559
Model5,3pop,7,701,800,21,0.0486441
Model5,3pop,7,801,900,18,0.0414124
Model5,3pop,7,901,1000,17,0.0429379
Model5,3pop,14,1,100,15,0.052887
Model5,3pop,14,101,200,12,0.0406102
Model5,3pop,14,201,300,17,0.0374859
Model5,3pop,14,301,400,9,0.016565
Model5,3pop,14,401,500,13,0.031774
Model5,3pop,14,501,600,10,0.0309266
Model5,3pop,14,601,700,23,0.0567458
Model5,3pop,14,701,800,14,0.044774
Model5,3pop,14,801,900,12,0.0373164
Model5,3pop,14,901,1000,19,0.0588362
Model5,3pop,15,1,100,18,0.039678
Model5,3pop,15,101,200,20,0.035887
Model5,3pop,15,201,300,10,0.0195198
Model5,3pop,15,301,400,19,0.0355424
Model5,3pop,15,401,500,20,0.0406158
Model5,3pop,15,501,600,17,0.0525819
Model5,3pop,15,601,700,16,0.042322
Model5,3pop,15,701,800,10,0.0212825
Model5,3pop,15,801,900,14,0.0308305
Model5,3pop,15,901,1000,17,0.0408136
Model5,3pop,14,1,100,14,0.0386554
Model5,3pop,14,101,200,13,0.0232542
Model5,3pop,14,201,300,11,0.0238023
Model5,3pop,14,301,400,12,0.0275537
Model5,3pop,14,401,500,14,0.0282712
Model5,3pop,14,501,600,10,0.0189266
Model5,3pop,14,601,700,12,0.0107232
Model5,3pop,14,701,800,12,0.015452
Model5,3pop,14,801,900,8,0.0235593
Model5,3pop,14,901,1000,17,0.0439605
Model5,3pop,13,1,100,11,0.0243898
Model5,3pop,13,101,200,12,0.0210621
Model5,3pop,13,201,300,16,0.0305989
Model5,3pop,13,301,400,14,0.0210508
Model5,3pop,13,401,500,14,0.0245989
Model5,3pop,13,501,600,14,0.0145141
Model5,3pop,13,601,700,10,0.0224407
Model5,3pop,13,701,800,13,0.0252486
Model5,3pop,13,801,900,11,0.0148079
Model5,3pop,13,901,1000,12,0.0298644
Model5,3pop,9,1,100,14,0.0282881
Model5,3pop,9,101,200,11,0.0179774
Model5,3pop,9,201,300,15,0.027452
Model5,3pop,9,301,400,20,0.0368644
Model5,3pop,9,401,500,16,0.0292655
Model5,3pop,9,501,600,16,0.0263051
Model5,3pop,9,601,700,18,0.0324181
Model5,3pop,9,701,800,20,0.0349605
Model5,3pop,9,801,900,13,0.0241525
Model5,3pop,9,901,1000,16,0.032661
Model5,3pop,5,1,100,15,0.0304237
Model5,3pop,5,101,200,20,0.0303729
Model5,3pop,5,201,300,8,0.0152994
Model5,3pop,5,301,400,16,0.0169153
Model5,3pop,5,401,500,15,0.0335537
Model5,3pop,5,501,600,13,0.0128983
Model5,3pop,5,601,700,17,0.0340339
Model5,3pop,5,701,800,12,0.0176836
Model5,3pop,5,801,900,21,0.0308983
Model5,3pop,5,901,1000,13,0.0146045
Model5,3pop,15,1,100,32,0.127147
Model5,3pop,15,101,200,33,0.115712
Model5,3pop,15,201,300,17,0.0611638
Model5,3pop,15,301,400,21,0.0514068
Model5,3pop,15,401,500,22,0.0802429
Model5,3pop,15,501,600,26,0.093678
Model5,3pop,15,601,700,22,0.070774
Model5,3pop,15,701,800,32,0.116593
Model5,3pop,15,801,900,24,0.0560791
Model5,3pop,15,901,1000,20,0.0716102
Model5,3pop,17,1,100,18,0.0184689
Model5,3pop,17,101,200,18,0.0224068
Model5,3pop,17,201,300,21,0.0318023
Model5,3pop,17,301,400,6,0.00970056
Model5,3pop,17,401,500,18,0.0242034
Model5,3pop,17,501,600,16,0.021
Model5,3pop,17,601,700,9,0.0177119
Model5,3pop,17,701,800,17,0.0220565
Model5,3pop,17,801,900,12,0.0124068
Model5,3pop,17,901,1000,13,0.0144859
Model5,3pop,15,1,100,16,0.043548
Model5,3pop,15,101,200,11,0.0269661
Model5,3pop,15,201,300,9,0.0155141
Model5,3pop,15,301,400,12,0.0224068
Model5,3pop,15,401,500,21,0.0473333
Model5,3pop,15,501,600,16,0.0294068
Model5,3pop,15,601,700,13,0.0267175
Model5,3pop,15,701,800,14,0.0247514
Model5,3pop,15,801,900,12,0.0315876
Model5,3pop,15,901,1000,12,0.0183277
Model5,3pop,17,1,100,8,0.0187571
Model5,3pop,17,101,200,12,0.0177345
Model5,3pop,17,201,300,11,0.0154689
Model5,3pop,17,301,400,7,0.0172486
Model5,3pop,17,401,500,10,0.0219379
Model5,3pop,17,501,600,11,0.0221299
Model5,3pop,17,601,700,13,0.0351808
Model5,3pop,17,701,800,7,0.0133842
Model5,3pop,17,801,900,18,0.0383616
Model5,3pop,17,901,1000,10,0.0193616
Model5,3pop,6,1,100,27,0.027452
Model5,3pop,6,101,200,25,0.022887
Model5,3pop,6,201,300,27,0.0280904
Model5,3pop,6,301,400,22,0.034339
Model5,3pop,6,401,500,21,0.0217853
Model5,3pop,6,501,600,27,0.034322
Model5,3pop,6,601,700,29,0.0295424
Model5,3pop,6,701,800,25,0.0231751
Model5,3pop,6,801,900,37,0.0464407
Model5,3pop,6,901,1000,31,0.0315989
Model5,3pop,13,1,100,13,0.0321525
Model5,3pop,13,101,200,10,0.0202655
Model5,3pop,13,201,300,12,0.0302655
Model5,3pop,13,301,400,12,0.0366271
Model5,3pop,13,401,500,6,0.0187684
Model5,3pop,13,501,600,11,0.0252486
Model5,3pop,13,601,700,8,0.0197514
Model5,3pop,13,701,800,10,0.0387006
Model5,3pop,13,801,900,17,0.0424802
Model5,3pop,13,901,1000,14,0.0482147
Model5,3pop,10,1,100,15,0.0364915
Model5,3pop,10,101,200,20,0.0658475
Model5,3pop,10,201,300,11,0.0403729
Model5,3pop,10,301,400,20,0.0910847
Model5,3pop,10,401,500,19,0.0533333
Model5,3pop,10,501,600,17,0.0730621
Model5,3pop,10,601,700,12,0.0410847
Model5,3pop,10,701,800,15,0.0583785
Model5,3pop,10,801,900,19,0.0463051
Model5,3pop,10,901,1000,14,0.0508305
Model5,3pop,1,1,100,10,0.0169661
Model5,3pop,1,101,200,15,0.0233955
Model5,3pop,1,201,300,11,0.0210395
Model5,3pop,1,301,400,12,0.0201751
Model5,3pop,1,401,500,9,0.0197401
Model5,3pop,1,501,600,8,0.0100847
Model5,3pop,1,601,700,12,0.0264011
Model5,3pop,1,701,800,14,0.0274124
Model5,3pop,1,801,900,8,0.0111808
Model5,3pop,1,901,1000,13,0.019226
