Model,Pop,CHROM,BIN_START,BIN_END,N_VARIANTS,PI
Model4,2pop,19,1,100,6,0.01
Model4,2pop,19,101,200,8,0.0169615
Model4,2pop,19,201,300,4,0.00458974
Model4,2pop,19,301,400,9,0.0135897
Model4,2pop,19,401,500,9,0.015641
Model4,2pop,19,501,600,4,0.006
Model4,2pop,19,601,700,7,0.0166923
Model4,2pop,19,701,800,7,0.0137949
Model4,2pop,19,801,900,5,0.00434615
Model4,2pop,19,901,1000,9,0.0231282
Model4,2pop,14,1,100,18,0.0597051
Model4,2pop,14,101,200,18,0.0560897
Model4,2pop,14,201,300,11,0.0205769
Model4,2pop,14,301,400,16,0.0552692
Model4,2pop,14,401,500,12,0.0399359
Model4,2pop,14,501,600,11,0.0410385
Model4,2pop,14,601,700,13,0.0299872
Model4,2pop,14,701,800,14,0.0389872
Model4,2pop,14,801,900,15,0.043859
Model4,2pop,14,901,1000,13,0.0402692
Model4,2pop,18,1,100,17,0.0715385
Model4,2pop,18,101,200,12,0.0391282
Model4,2pop,18,201,300,12,0.041359
Model4,2pop,18,301,400,9,0.0331538
Model4,2pop,18,401,500,15,0.0487564
Model4,2pop,18,501,600,15,0.061859
Model4,2pop,18,601,700,10,0.0325897
Model4,2pop,18,701,800,19,0.0838205
Model4,2pop,18,801,900,17,0.0740641
Model4,2pop,18,901,1000,13,0.0472692
Model4,2pop,17,1,100,13,0.0353718
Model4,2pop,17,101,200,13,0.0284615
Model4,2pop,17,201,300,10,0.0245513
Model4,2pop,17,301,400,10,0.0242051
Model4,2pop,17,401,500,8,0.0177692
Model4,2pop,17,501,600,13,0.0250385
Model4,2pop,17,601,700,8,0.0230128
Model4,2pop,17,701,800,9,0.0273846
Model4,2pop,17,801,900,9,0.0203333
Model4,2pop,17,901,1000,13,0.0372821
Model4,2pop,4,1,100,8,0.0167821
Model4,2pop,4,101,200,15,0.0306667
Model4,2pop,4,201,300,9,0.0140769
Model4,2pop,4,301,400,14,0.0213077
Model4,2pop,4,401,500,10,0.0179231
Model4,2pop,4,501,600,11,0.012141
Model4,2pop,4,601,700,13,0.0184872
Model4,2pop,4,701,800,12,0.0199231
Model4,2pop,4,801,900,15,0.0235256
Model4,2pop,4,901,1000,15,0.0239615
Model4,2pop,2,1,100,9,0.0302949
Model4,2pop,2,101,200,6,0.0251795
Model4,2pop,2,201,300,9,0.0252949
Model4,2pop,2,301,400,11,0.0322692
Model4,2pop,2,401,500,7,0.0141282
Model4,2pop,2,501,600,7,0.00829487
Model4,2pop,2,601,700,4,0.0176923
Model4,2pop,2,701,800,8,0.011359
Model4,2pop,2,801,900,9,0.0216282
Model4,2pop,2,901,1000,3,0.00607692
Model4,2pop,18,1,100,20,0.0462308
Model4,2pop,18,101,200,14,0.0443077
Model4,2pop,18,201,300,16,0.0442051
Model4,2pop,18,301,400,13,0.047141
Model4,2pop,18,401,500,19,0.0583333
Model4,2pop,18,501,600,15,0.0397949
Model4,2pop,18,601,700,15,0.0421923
Model4,2pop,18,701,800,12,0.0327949
Model4,2pop,18,801,900,15,0.0498462
Model4,2pop,18,901,1000,16,0.0461026
Model4,2pop,2,1,100,18,0.0321538
Model4,2pop,2,101,200,11,0.0186154
Model4,2pop,2,201,300,10,0.0220897
Model4,2pop,2,301,400,9,0.0262051
Model4,2pop,2,401,500,7,0.0135897
Model4,2pop,2,501,600,9,0.0120128
Model4,2pop,2,601,700,8,0.0200513
Model4,2pop,2,701,800,10,0.0238846
Model4,2pop,2,801,900,11,0.022141
Model4,2pop,2,901,1000,9,0.0240769
Model4,2pop,6,1,100,13,0.037359
Model4,2pop,6,101,200,15,0.0498205
Model4,2pop,6,201,300,9,0.0288077
Model4,2pop,6,301,400,5,0.0155897
Model4,2pop,6,401,500,9,0.030141
Model4,2pop,6,501,600,6,0.0246026
Model4,2pop,6,601,700,9,0.0229231
Model4,2pop,6,701,800,14,0.0505513
Model4,2pop,6,801,900,10,0.0309487
Model4,2pop,6,901,1000,9,0.0198718
Model4,2pop,8,1,100,16,0.0608333
Model4,2pop,8,101,200,21,0.0858462
Model4,2pop,8,201,300,19,0.0840897
Model4,2pop,8,301,400,24,0.0919231
Model4,2pop,8,401,500,20,0.0896154
Model4,2pop,8,501,600,20,0.0637308
Model4,2pop,8,601,700,13,0.0599872
Model4,2pop,8,701,800,22,0.0782051
Model4,2pop,8,801,900,24,0.0901538
Model4,2pop,8,901,1000,20,0.0864359
Model4,2pop,13,1,100,12,0.0481154
Model4,2pop,13,101,200,7,0.0244231
Model4,2pop,13,201,300,7,0.0128462
Model4,2pop,13,301,400,10,0.0219744
Model4,2pop,13,401,500,16,0.0571795
Model4,2pop,13,501,600,8,0.0213462
Model4,2pop,13,601,700,12,0.0312051
Model4,2pop,13,701,800,9,0.0209744
Model4,2pop,13,801,900,12,0.0415641
Model4,2pop,13,901,1000,13,0.0405769
Model4,2pop,19,1,100,6,0.0190641
Model4,2pop,19,101,200,10,0.0323718
Model4,2pop,19,201,300,11,0.0420385
Model4,2pop,19,301,400,9,0.0205897
Model4,2pop,19,401,500,9,0.0226795
Model4,2pop,19,501,600,7,0.0156282
Model4,2pop,19,601,700,9,0.0224359
Model4,2pop,19,701,800,7,0.0133077
Model4,2pop,19,801,900,8,0.0218205
Model4,2pop,19,901,1000,11,0.0263333
Model4,2pop,8,1,100,7,0.0079359
Model4,2pop,8,101,200,6,0.0150385
Model4,2pop,8,201,300,8,0.00802564
Model4,2pop,8,301,400,12,0.0248333
Model4,2pop,8,401,500,7,0.0172436
Model4,2pop,8,501,600,12,0.0184487
Model4,2pop,8,601,700,6,0.00708974
Model4,2pop,8,701,800,8,0.00851282
Model4,2pop,8,801,900,11,0.0166795
Model4,2pop,8,901,1000,10,0.0095641
Model4,2pop,10,1,100,18,0.0321538
Model4,2pop,10,101,200,11,0.0186154
Model4,2pop,10,201,300,10,0.0220897
Model4,2pop,10,301,400,9,0.0262051
Model4,2pop,10,401,500,7,0.0135897
Model4,2pop,10,501,600,9,0.0120128
Model4,2pop,10,601,700,8,0.0200513
Model4,2pop,10,701,800,10,0.0238846
Model4,2pop,10,801,900,11,0.022141
Model4,2pop,10,901,1000,9,0.0240769
Model4,2pop,2,1,100,9,0.0295641
Model4,2pop,2,101,200,9,0.0367179
Model4,2pop,2,201,300,14,0.0472692
Model4,2pop,2,301,400,16,0.0530128
Model4,2pop,2,401,500,9,0.0315513
Model4,2pop,2,501,600,8,0.0312179
Model4,2pop,2,601,700,10,0.0347179
Model4,2pop,2,701,800,9,0.0210513
Model4,2pop,2,801,900,12,0.0387051
Model4,2pop,2,901,1000,11,0.0327051
Model4,2pop,9,1,100,15,0.0477692
Model4,2pop,9,101,200,13,0.045859
Model4,2pop,9,201,300,14,0.0542692
Model4,2pop,9,301,400,10,0.0409231
Model4,2pop,9,401,500,15,0.0515897
Model4,2pop,9,501,600,10,0.0442308
Model4,2pop,9,601,700,9,0.0300385
Model4,2pop,9,701,800,11,0.0411282
Model4,2pop,9,801,900,7,0.0261667
Model4,2pop,9,901,1000,14,0.0462821
Model4,2pop,17,1,100,21,0.0677564
Model4,2pop,17,101,200,17,0.058141
Model4,2pop,17,201,300,13,0.0265897
Model4,2pop,17,301,400,9,0.0380769
Model4,2pop,17,401,500,11,0.0372949
Model4,2pop,17,501,600,15,0.0577692
Model4,2pop,17,601,700,18,0.0569359
Model4,2pop,17,701,800,20,0.0591154
Model4,2pop,17,801,900,11,0.0439744
Model4,2pop,17,901,1000,13,0.0442692
Model4,2pop,11,1,100,8,0.0195128
Model4,2pop,11,101,200,9,0.0155897
Model4,2pop,11,201,300,11,0.0305385
Model4,2pop,11,301,400,11,0.0285128
Model4,2pop,11,401,500,5,0.00596154
Model4,2pop,11,501,600,10,0.0220513
Model4,2pop,11,601,700,7,0.00937179
Model4,2pop,11,701,800,10,0.0320897
Model4,2pop,11,801,900,10,0.0188333
Model4,2pop,11,901,1000,12,0.0229103
Model4,2pop,6,1,100,9,0.0245641
Model4,2pop,6,101,200,10,0.0206923
Model4,2pop,6,201,300,16,0.0397821
Model4,2pop,6,301,400,8,0.0243718
Model4,2pop,6,401,500,13,0.0309231
Model4,2pop,6,501,600,15,0.0315256
Model4,2pop,6,601,700,6,0.0205
Model4,2pop,6,701,800,12,0.0231795
Model4,2pop,6,801,900,7,0.0174487
Model4,2pop,6,901,1000,16,0.0429615
Model4,2pop,18,1,100,12,0.0418718
Model4,2pop,18,101,200,11,0.0172692
Model4,2pop,18,201,300,11,0.0365513
Model4,2pop,18,301,400,15,0.0559231
Model4,2pop,18,401,500,15,0.046641
Model4,2pop,18,501,600,17,0.0417564
Model4,2pop,18,601,700,10,0.0280256
Model4,2pop,18,701,800,10,0.0321923
Model4,2pop,18,801,900,14,0.0516282
Model4,2pop,18,901,1000,12,0.0365
Model4,2pop,4,1,100,11,0.0287949
Model4,2pop,4,101,200,10,0.0207692
Model4,2pop,4,201,300,12,0.017859
Model4,2pop,4,301,400,12,0.025359
Model4,2pop,4,401,500,13,0.0195256
Model4,2pop,4,501,600,12,0.0361795
Model4,2pop,4,601,700,7,0.0137821
Model4,2pop,4,701,800,16,0.0369744
Model4,2pop,4,801,900,12,0.0301795
Model4,2pop,4,901,1000,11,0.0280256
Model4,2pop,11,1,100,17,0.0474487
Model4,2pop,11,101,200,9,0.0272051
Model4,2pop,11,201,300,13,0.036
Model4,2pop,11,301,400,3,0.0103077
Model4,2pop,11,401,500,8,0.0181667
Model4,2pop,11,501,600,8,0.029359
Model4,2pop,11,601,700,21,0.0708333
Model4,2pop,11,701,800,10,0.0279615
Model4,2pop,11,801,900,10,0.0266026
Model4,2pop,11,901,1000,10,0.0345513
Model4,2pop,7,1,100,5,0.00566667
Model4,2pop,7,101,200,2,0.00634615
Model4,2pop,7,201,300,6,0.0164872
Model4,2pop,7,301,400,8,0.0139872
Model4,2pop,7,401,500,10,0.0227436
Model4,2pop,7,501,600,9,0.0206795
Model4,2pop,7,601,700,13,0.0225385
Model4,2pop,7,701,800,10,0.0237692
Model4,2pop,7,801,900,5,0.00596154
Model4,2pop,7,901,1000,6,0.00811538
Model4,2pop,0,1,100,11,0.0234103
Model4,2pop,0,101,200,11,0.0248846
Model4,2pop,0,201,300,10,0.0227179
Model4,2pop,0,301,400,9,0.017
Model4,2pop,0,401,500,8,0.0235385
Model4,2pop,0,501,600,11,0.0247051
Model4,2pop,0,601,700,15,0.0276154
Model4,2pop,0,701,800,11,0.0227436
Model4,2pop,0,801,900,14,0.0252564
Model4,2pop,0,901,1000,10,0.0203205
Model4,2pop,3,1,100,14,0.0426667
Model4,2pop,3,101,200,10,0.0253974
Model4,2pop,3,201,300,19,0.065641
Model4,2pop,3,301,400,12,0.0451026
Model4,2pop,3,401,500,14,0.0373077
Model4,2pop,3,501,600,16,0.042641
Model4,2pop,3,601,700,20,0.073859
Model4,2pop,3,701,800,11,0.0268462
Model4,2pop,3,801,900,19,0.0619359
Model4,2pop,3,901,1000,13,0.0451282
Model4,2pop,11,1,100,19,0.0544872
Model4,2pop,11,101,200,12,0.033359
Model4,2pop,11,201,300,15,0.0419615
Model4,2pop,11,301,400,12,0.0423462
Model4,2pop,11,401,500,15,0.0412179
Model4,2pop,11,501,600,18,0.0564487
Model4,2pop,11,601,700,22,0.0718974
Model4,2pop,11,701,800,7,0.0186026
Model4,2pop,11,801,900,12,0.0269231
Model4,2pop,11,901,1000,14,0.0448077
Model4,2pop,11,1,100,21,0.0817179
Model4,2pop,11,101,200,25,0.0972692
Model4,2pop,11,201,300,23,0.101577
Model4,2pop,11,301,400,19,0.0735385
Model4,2pop,11,401,500,25,0.0912692
Model4,2pop,11,501,600,16,0.0669615
Model4,2pop,11,601,700,16,0.0729231
Model4,2pop,11,701,800,22,0.0834231
Model4,2pop,11,801,900,22,0.0794487
Model4,2pop,11,901,1000,18,0.0721538
Model4,2pop,15,1,100,5,0.0116538
Model4,2pop,15,101,200,6,0.0135128
Model4,2pop,15,201,300,7,0.0124872
Model4,2pop,15,301,400,9,0.0211795
Model4,2pop,15,401,500,6,0.00833333
Model4,2pop,15,501,600,8,0.00729487
Model4,2pop,15,601,700,7,0.0143974
Model4,2pop,15,701,800,3,0.00284615
Model4,2pop,15,801,900,8,0.0120897
Model4,2pop,15,901,1000,4,0.00961538
Model4,2pop,19,1,100,24,0.101282
Model4,2pop,19,101,200,22,0.0984744
Model4,2pop,19,201,300,31,0.126141
Model4,2pop,19,301,400,20,0.0903333
Model4,2pop,19,401,500,23,0.0882949
Model4,2pop,19,501,600,26,0.113013
Model4,2pop,19,601,700,20,0.0845769
Model4,2pop,19,701,800,18,0.0740256
Model4,2pop,19,801,900,26,0.11659
Model4,2pop,19,901,1000,23,0.102295
Model4,2pop,16,1,100,16,0.0387692
Model4,2pop,16,101,200,9,0.0269359
Model4,2pop,16,201,300,7,0.0183205
Model4,2pop,16,301,400,9,0.0279487
Model4,2pop,16,401,500,14,0.0474487
Model4,2pop,16,501,600,14,0.0510769
Model4,2pop,16,601,700,9,0.0273462
Model4,2pop,16,701,800,13,0.044641
Model4,2pop,16,801,900,12,0.0296795
Model4,2pop,16,901,1000,9,0.0219487
Model4,2pop,2,1,100,13,0.0364744
Model4,2pop,2,101,200,21,0.0633205
Model4,2pop,2,201,300,16,0.0552564
Model4,2pop,2,301,400,15,0.0504487
Model4,2pop,2,401,500,16,0.0553333
Model4,2pop,2,501,600,16,0.0512308
Model4,2pop,2,601,700,13,0.0381923
Model4,2pop,2,701,800,19,0.0538974
Model4,2pop,2,801,900,17,0.0547949
Model4,2pop,2,901,1000,9,0.0290769
Model4,2pop,16,1,100,14,0.0543077
Model4,2pop,16,101,200,14,0.0391026
Model4,2pop,16,201,300,16,0.0501026
Model4,2pop,16,301,400,15,0.0324872
Model4,2pop,16,401,500,13,0.0429103
Model4,2pop,16,501,600,9,0.0332821
Model4,2pop,16,601,700,13,0.0475385
Model4,2pop,16,701,800,13,0.0451282
Model4,2pop,16,801,900,10,0.0306667
Model4,2pop,16,901,1000,12,0.0442949
Model4,2pop,18,1,100,13,0.0156667
Model4,2pop,18,101,200,13,0.0335513
Model4,2pop,18,201,300,11,0.0239487
Model4,2pop,18,301,400,13,0.0241667
Model4,2pop,18,401,500,16,0.0402051
Model4,2pop,18,501,600,14,0.0272051
Model4,2pop,18,601,700,12,0.0167436
Model4,2pop,18,701,800,8,0.0165897
Model4,2pop,18,801,900,18,0.0397564
Model4,2pop,18,901,1000,13,0.0295128
Model4,2pop,0,1,100,14,0.0604615
Model4,2pop,0,101,200,16,0.0523462
Model4,2pop,0,201,300,19,0.0734872
Model4,2pop,0,301,400,22,0.0681923
Model4,2pop,0,401,500,13,0.0404744
Model4,2pop,0,501,600,8,0.0267692
Model4,2pop,0,601,700,12,0.0470769
Model4,2pop,0,701,800,20,0.0672436
Model4,2pop,0,801,900,23,0.0714872
Model4,2pop,0,901,1000,15,0.0460128
Model4,2pop,1,1,100,12,0.0280769
Model4,2pop,1,101,200,10,0.0236282
Model4,2pop,1,201,300,4,0.00707692
Model4,2pop,1,301,400,10,0.0297821
Model4,2pop,1,401,500,12,0.0305769
Model4,2pop,1,501,600,8,0.011859
Model4,2pop,1,601,700,7,0.0159744
Model4,2pop,1,701,800,10,0.0163718
Model4,2pop,1,801,900,6,0.0174744
Model4,2pop,1,901,1000,11,0.0240256
Model4,2pop,14,1,100,11,0.011859
Model4,2pop,14,101,200,5,0.00591026
Model4,2pop,14,201,300,11,0.0231667
Model4,2pop,14,301,400,9,0.0157308
Model4,2pop,14,401,500,16,0.0235385
Model4,2pop,14,501,600,13,0.0214231
Model4,2pop,14,601,700,13,0.0188846
Model4,2pop,14,701,800,14,0.0162949
Model4,2pop,14,801,900,13,0.0226667
Model4,2pop,14,901,1000,10,0.0116538
Model4,2pop,19,1,100,18,0.0599872
Model4,2pop,19,101,200,13,0.0484359
Model4,2pop,19,201,300,8,0.0359872
Model4,2pop,19,301,400,11,0.0444359
Model4,2pop,19,401,500,14,0.0657308
Model4,2pop,19,501,600,17,0.0613846
Model4,2pop,19,601,700,15,0.0461795
Model4,2pop,19,701,800,13,0.0399359
Model4,2pop,19,801,900,20,0.092
Model4,2pop,19,901,1000,12,0.0415256
Model4,2pop,13,1,100,8,0.0227564
Model4,2pop,13,101,200,5,0.015859
Model4,2pop,13,201,300,12,0.0255641
Model4,2pop,13,301,400,8,0.0246154
Model4,2pop,13,401,500,7,0.0154615
Model4,2pop,13,501,600,8,0.0197436
Model4,2pop,13,601,700,5,0.0191667
Model4,2pop,13,701,800,8,0.0173077
Model4,2pop,13,801,900,9,0.0246282
Model4,2pop,13,901,1000,8,0.0136538
Model4,2pop,13,1,100,11,0.0289487
Model4,2pop,13,101,200,16,0.0352692
Model4,2pop,13,201,300,6,0.0179359
Model4,2pop,13,301,400,9,0.0222308
Model4,2pop,13,401,500,17,0.0420256
Model4,2pop,13,501,600,18,0.0497051
Model4,2pop,13,601,700,14,0.0358974
Model4,2pop,13,701,800,13,0.0394487
Model4,2pop,13,801,900,14,0.0414359
Model4,2pop,13,901,1000,14,0.0302692
Model4,2pop,8,1,100,11,0.0446923
Model4,2pop,8,101,200,18,0.0671538
Model4,2pop,8,201,300,10,0.0311026
Model4,2pop,8,301,400,11,0.0391282
Model4,2pop,8,401,500,15,0.0609744
Model4,2pop,8,501,600,6,0.0168462
Model4,2pop,8,601,700,16,0.0567821
Model4,2pop,8,701,800,9,0.0306026
Model4,2pop,8,801,900,7,0.0310385
Model4,2pop,8,901,1000,16,0.0665897
Model4,2pop,17,1,100,15,0.0296282
Model4,2pop,17,101,200,9,0.0222051
Model4,2pop,17,201,300,13,0.0329231
Model4,2pop,17,301,400,13,0.0359231
Model4,2pop,17,401,500,16,0.0420256
Model4,2pop,17,501,600,12,0.0274359
Model4,2pop,17,601,700,18,0.0456026
Model4,2pop,17,701,800,7,0.0185513
Model4,2pop,17,801,900,13,0.0256538
Model4,2pop,17,901,1000,10,0.0251667
Model4,2pop,1,1,100,15,0.0389872
Model4,2pop,1,101,200,13,0.027359
Model4,2pop,1,201,300,13,0.0345128
Model4,2pop,1,301,400,16,0.0348077
Model4,2pop,1,401,500,10,0.0199103
Model4,2pop,1,501,600,17,0.031
Model4,2pop,1,601,700,11,0.029859
Model4,2pop,1,701,800,13,0.0316923
Model4,2pop,1,801,900,16,0.0372564
Model4,2pop,1,901,1000,17,0.0442692
Model4,2pop,2,1,100,10,0.0280769
Model4,2pop,2,101,200,15,0.0458462
Model4,2pop,2,201,300,13,0.0479231
Model4,2pop,2,301,400,10,0.0330769
Model4,2pop,2,401,500,14,0.0531154
Model4,2pop,2,501,600,6,0.0235128
Model4,2pop,2,601,700,14,0.0305769
Model4,2pop,2,701,800,17,0.0635
Model4,2pop,2,801,900,15,0.0470385
Model4,2pop,2,901,1000,7,0.0165
Model4,2pop,6,1,100,14,0.0175256
Model4,2pop,6,101,200,18,0.0328077
Model4,2pop,6,201,300,22,0.0446026
Model4,2pop,6,301,400,14,0.0185513
Model4,2pop,6,401,500,13,0.0161795
Model4,2pop,6,501,600,18,0.0348333
Model4,2pop,6,601,700,16,0.0170897
Model4,2pop,6,701,800,21,0.0328718
Model4,2pop,6,801,900,14,0.0121154
Model4,2pop,6,901,1000,14,0.0213205
Model4,2pop,14,1,100,10,0.0291538
Model4,2pop,14,101,200,8,0.0172949
Model4,2pop,14,201,300,10,0.0332308
Model4,2pop,14,301,400,11,0.0372051
Model4,2pop,14,401,500,7,0.0120897
Model4,2pop,14,501,600,11,0.0266154
Model4,2pop,14,601,700,8,0.0222949
Model4,2pop,14,701,800,13,0.0386282
Model4,2pop,14,801,900,18,0.051641
Model4,2pop,14,901,1000,7,0.012359
Model4,2pop,6,1,100,20,0.0490513
Model4,2pop,6,101,200,11,0.0208333
Model4,2pop,6,201,300,11,0.0273077
Model4,2pop,6,301,400,19,0.0462436
Model4,2pop,6,401,500,13,0.0274359
Model4,2pop,6,501,600,15,0.048359
Model4,2pop,6,601,700,13,0.0285769
Model4,2pop,6,701,800,14,0.0252051
Model4,2pop,6,801,900,11,0.0384744
Model4,2pop,6,901,1000,14,0.0449231
Model4,2pop,18,1,100,8,0.0171667
Model4,2pop,18,101,200,9,0.0160641
Model4,2pop,18,201,300,11,0.0162692
Model4,2pop,18,301,400,8,0.0112436
Model4,2pop,18,401,500,7,0.0049359
Model4,2pop,18,501,600,9,0.0150128
Model4,2pop,18,601,700,5,0.013
Model4,2pop,18,701,800,15,0.0264487
Model4,2pop,18,801,900,12,0.0267179
Model4,2pop,18,901,1000,10,0.0317949
Model4,2pop,9,1,100,7,0.0258205
Model4,2pop,9,101,200,10,0.0168974
Model4,2pop,9,201,300,7,0.0191538
Model4,2pop,9,301,400,16,0.0402692
Model4,2pop,9,401,500,5,0.0175897
Model4,2pop,9,501,600,5,0.0114359
Model4,2pop,9,601,700,7,0.0158333
Model4,2pop,9,701,800,10,0.0239103
Model4,2pop,9,801,900,2,0.00547436
Model4,2pop,9,901,1000,10,0.0275256
Model4,2pop,7,1,100,10,0.031859
Model4,2pop,7,101,200,11,0.0243462
Model4,2pop,7,201,300,16,0.0393974
Model4,2pop,7,301,400,18,0.0379103
Model4,2pop,7,401,500,19,0.0348974
Model4,2pop,7,501,600,13,0.0416282
Model4,2pop,7,601,700,8,0.0217564
Model4,2pop,7,701,800,10,0.0237692
Model4,2pop,7,801,900,13,0.0328077
Model4,2pop,7,901,1000,7,0.0152308
Model4,2pop,7,1,100,15,0.0526538
Model4,2pop,7,101,200,9,0.0277821
Model4,2pop,7,201,300,12,0.0382949
Model4,2pop,7,301,400,15,0.0452051
Model4,2pop,7,401,500,14,0.0374615
Model4,2pop,7,501,600,14,0.0370897
Model4,2pop,7,601,700,11,0.0308077
Model4,2pop,7,701,800,15,0.0368205
Model4,2pop,7,801,900,13,0.0336026
Model4,2pop,7,901,1000,6,0.0169872
Model4,2pop,10,1,100,15,0.0314872
Model4,2pop,10,101,200,19,0.037641
Model4,2pop,10,201,300,17,0.0382692
Model4,2pop,10,301,400,21,0.0425897
Model4,2pop,10,401,500,12,0.0290897
Model4,2pop,10,501,600,12,0.0266026
Model4,2pop,10,601,700,17,0.0375769
Model4,2pop,10,701,800,22,0.0468462
Model4,2pop,10,801,900,23,0.0568974
Model4,2pop,10,901,1000,9,0.0194872
Model4,2pop,7,1,100,10,0.0331667
Model4,2pop,7,101,200,6,0.0135385
Model4,2pop,7,201,300,8,0.0187051
Model4,2pop,7,301,400,11,0.0239231
Model4,2pop,7,401,500,10,0.0199103
Model4,2pop,7,501,600,6,0.0171538
Model4,2pop,7,601,700,8,0.0171026
Model4,2pop,7,701,800,11,0.0198974
Model4,2pop,7,801,900,13,0.0214231
Model4,2pop,7,901,1000,13,0.0306154
Model4,2pop,14,1,100,17,0.050359
Model4,2pop,14,101,200,10,0.0183974
Model4,2pop,14,201,300,8,0.0185513
Model4,2pop,14,301,400,17,0.055
Model4,2pop,14,401,500,10,0.0301026
Model4,2pop,14,501,600,16,0.0459103
Model4,2pop,14,601,700,10,0.0213718
Model4,2pop,14,701,800,19,0.0550128
Model4,2pop,14,801,900,10,0.0284103
Model4,2pop,14,901,1000,14,0.0412308
Model4,2pop,15,1,100,12,0.0197051
Model4,2pop,15,101,200,10,0.0242821
Model4,2pop,15,201,300,7,0.0138077
Model4,2pop,15,301,400,8,0.0148974
Model4,2pop,15,401,500,7,0.00846154
Model4,2pop,15,501,600,9,0.0152821
Model4,2pop,15,601,700,9,0.0148333
Model4,2pop,15,701,800,14,0.0330641
Model4,2pop,15,801,900,4,0.00421795
Model4,2pop,15,901,1000,6,0.0161538
Model4,2pop,17,1,100,10,0.0330128
Model4,2pop,17,101,200,9,0.0238077
Model4,2pop,17,201,300,8,0.0184231
Model4,2pop,17,301,400,6,0.00685897
Model4,2pop,17,401,500,7,0.0130641
Model4,2pop,17,501,600,10,0.0304103
Model4,2pop,17,601,700,8,0.0220641
Model4,2pop,17,701,800,9,0.0287051
Model4,2pop,17,801,900,13,0.0259359
Model4,2pop,17,901,1000,8,0.0197692
Model4,2pop,9,1,100,11,0.0443462
Model4,2pop,9,101,200,8,0.0264615
Model4,2pop,9,201,300,8,0.0369231
Model4,2pop,9,301,400,6,0.0181538
Model4,2pop,9,401,500,6,0.0242308
Model4,2pop,9,501,600,12,0.0431282
Model4,2pop,9,601,700,14,0.0488974
Model4,2pop,9,701,800,7,0.0207564
Model4,2pop,9,801,900,11,0.0363974
Model4,2pop,9,901,1000,8,0.0219872
Model4,2pop,10,1,100,13,0.0248462
Model4,2pop,10,101,200,16,0.033859
Model4,2pop,10,201,300,23,0.0431154
Model4,2pop,10,301,400,22,0.0385
Model4,2pop,10,401,500,16,0.0258718
Model4,2pop,10,501,600,14,0.0318974
Model4,2pop,10,601,700,23,0.0452179
Model4,2pop,10,701,800,23,0.0466923
Model4,2pop,10,801,900,24,0.0478718
Model4,2pop,10,901,1000,12,0.0262564
Model4,2pop,1,1,100,12,0.0421282
Model4,2pop,1,101,200,10,0.0230385
Model4,2pop,1,201,300,10,0.0257179
Model4,2pop,1,301,400,11,0.0343333
Model4,2pop,1,401,500,14,0.0435897
Model4,2pop,1,501,600,14,0.0416795
Model4,2pop,1,601,700,14,0.0348077
Model4,2pop,1,701,800,6,0.0157436
Model4,2pop,1,801,900,11,0.0342436
Model4,2pop,1,901,1000,14,0.0397949
Model4,2pop,6,1,100,9,0.0244615
Model4,2pop,6,101,200,7,0.0214231
Model4,2pop,6,201,300,7,0.0155769
Model4,2pop,6,301,400,12,0.0271667
Model4,2pop,6,401,500,3,0.011
Model4,2pop,6,501,600,8,0.0160641
Model4,2pop,6,601,700,11,0.0202179
Model4,2pop,6,701,800,7,0.0293462
Model4,2pop,6,801,900,9,0.0132436
Model4,2pop,6,901,1000,9,0.0306667
Model4,2pop,3,1,100,18,0.0401154
Model4,2pop,3,101,200,12,0.0196923
Model4,2pop,3,201,300,27,0.0501667
Model4,2pop,3,301,400,15,0.0274103
Model4,2pop,3,401,500,10,0.0167051
Model4,2pop,3,501,600,19,0.034359
Model4,2pop,3,601,700,12,0.0166154
Model4,2pop,3,701,800,17,0.0173333
Model4,2pop,3,801,900,19,0.0281538
Model4,2pop,3,901,1000,16,0.0360897
Model4,2pop,12,1,100,9,0.0258462
Model4,2pop,12,101,200,17,0.0528718
Model4,2pop,12,201,300,15,0.0507564
Model4,2pop,12,301,400,10,0.0196795
Model4,2pop,12,401,500,12,0.0413974
Model4,2pop,12,501,600,19,0.0808077
Model4,2pop,12,601,700,16,0.0442821
Model4,2pop,12,701,800,12,0.0252308
Model4,2pop,12,801,900,9,0.0259103
Model4,2pop,12,901,1000,14,0.0267051
Model4,2pop,11,1,100,11,0.0464103
Model4,2pop,11,101,200,8,0.0351538
Model4,2pop,11,201,300,19,0.0634744
Model4,2pop,11,301,400,9,0.0425256
Model4,2pop,11,401,500,10,0.0324231
Model4,2pop,11,501,600,8,0.0174359
Model4,2pop,11,601,700,13,0.0410769
Model4,2pop,11,701,800,6,0.0223974
Model4,2pop,11,801,900,18,0.0727949
Model4,2pop,11,901,1000,16,0.0570256
Model4,2pop,10,1,100,18,0.0464487
Model4,2pop,10,101,200,18,0.0685641
Model4,2pop,10,201,300,14,0.0414231
Model4,2pop,10,301,400,25,0.0795513
Model4,2pop,10,401,500,19,0.0770256
Model4,2pop,10,501,600,13,0.045859
Model4,2pop,10,601,700,23,0.0831538
Model4,2pop,10,701,800,24,0.0976282
Model4,2pop,10,801,900,16,0.0581538
Model4,2pop,10,901,1000,16,0.0578333
Model4,2pop,3,1,100,15,0.0552821
Model4,2pop,3,101,200,14,0.0473077
Model4,2pop,3,201,300,17,0.0650769
Model4,2pop,3,301,400,15,0.0531667
Model4,2pop,3,401,500,17,0.0499359
Model4,2pop,3,501,600,21,0.0688846
Model4,2pop,3,601,700,19,0.0539359
Model4,2pop,3,701,800,23,0.0719487
Model4,2pop,3,801,900,16,0.0571923
Model4,2pop,3,901,1000,15,0.0512692
Model4,2pop,0,1,100,11,0.0432179
Model4,2pop,0,101,200,14,0.0457179
Model4,2pop,0,201,300,15,0.0581282
Model4,2pop,0,301,400,17,0.0484487
Model4,2pop,0,401,500,8,0.0269615
Model4,2pop,0,501,600,12,0.0261538
Model4,2pop,0,601,700,5,0.0187692
Model4,2pop,0,701,800,14,0.0496026
Model4,2pop,0,801,900,15,0.0440256
Model4,2pop,0,901,1000,10,0.0274615
Model4,2pop,5,1,100,13,0.0485
Model4,2pop,5,101,200,11,0.0259103
Model4,2pop,5,201,300,11,0.0269487
Model4,2pop,5,301,400,7,0.0185513
Model4,2pop,5,401,500,10,0.0271538
Model4,2pop,5,501,600,13,0.0259615
Model4,2pop,5,601,700,11,0.0338462
Model4,2pop,5,701,800,15,0.0510385
Model4,2pop,5,801,900,7,0.0192692
Model4,2pop,5,901,1000,10,0.0249744
Model4,2pop,7,1,100,12,0.0372308
Model4,2pop,7,101,200,11,0.0346538
Model4,2pop,7,201,300,15,0.0443718
Model4,2pop,7,301,400,23,0.0690897
Model4,2pop,7,401,500,10,0.0285513
Model4,2pop,7,501,600,14,0.0461923
Model4,2pop,7,601,700,18,0.0500769
Model4,2pop,7,701,800,9,0.0236282
Model4,2pop,7,801,900,14,0.0383846
Model4,2pop,7,901,1000,18,0.0428077
Model4,2pop,6,1,100,10,0.0220256
Model4,2pop,6,101,200,11,0.0353846
Model4,2pop,6,201,300,16,0.0600897
Model4,2pop,6,301,400,20,0.07
Model4,2pop,6,401,500,14,0.0499487
Model4,2pop,6,501,600,18,0.0626923
Model4,2pop,6,601,700,6,0.0170128
Model4,2pop,6,701,800,14,0.0551667
Model4,2pop,6,801,900,18,0.0465641
Model4,2pop,6,901,1000,12,0.042141
Model4,2pop,9,1,100,11,0.0243333
Model4,2pop,9,101,200,7,0.0145641
Model4,2pop,9,201,300,5,0.0141154
Model4,2pop,9,301,400,9,0.0206923
Model4,2pop,9,401,500,10,0.0211538
Model4,2pop,9,501,600,11,0.0219231
Model4,2pop,9,601,700,7,0.0195769
Model4,2pop,9,701,800,9,0.0116667
Model4,2pop,9,801,900,10,0.0291154
Model4,2pop,9,901,1000,7,0.0165385
Model4,2pop,0,1,100,15,0.0265641
Model4,2pop,0,101,200,17,0.0267308
Model4,2pop,0,201,300,13,0.0227436
Model4,2pop,0,301,400,12,0.0193462
Model4,2pop,0,401,500,10,0.0131026
Model4,2pop,0,501,600,15,0.023359
Model4,2pop,0,601,700,15,0.0249487
Model4,2pop,0,701,800,19,0.0371026
Model4,2pop,0,801,900,17,0.0268077
Model4,2pop,0,901,1000,13,0.0206154
Model4,2pop,11,1,100,15,0.0435513
Model4,2pop,11,101,200,11,0.0292051
Model4,2pop,11,201,300,10,0.0215641
Model4,2pop,11,301,400,14,0.0286795
Model4,2pop,11,401,500,8,0.0163718
Model4,2pop,11,501,600,17,0.049359
Model4,2pop,11,601,700,14,0.0266795
Model4,2pop,11,701,800,8,0.0201923
Model4,2pop,11,801,900,17,0.0427308
Model4,2pop,11,901,1000,15,0.032359
Model4,2pop,15,1,100,13,0.0391923
Model4,2pop,15,101,200,14,0.0413974
Model4,2pop,15,201,300,12,0.0401667
Model4,2pop,15,301,400,16,0.0454872
Model4,2pop,15,401,500,9,0.0281026
Model4,2pop,15,501,600,10,0.0264359
Model4,2pop,15,601,700,8,0.0268846
Model4,2pop,15,701,800,7,0.0237564
Model4,2pop,15,801,900,9,0.0308333
Model4,2pop,15,901,1000,12,0.0355128
Model4,2pop,14,1,100,14,0.0352051
Model4,2pop,14,101,200,22,0.062359
Model4,2pop,14,201,300,15,0.0401154
Model4,2pop,14,301,400,15,0.0421538
Model4,2pop,14,401,500,16,0.0301923
Model4,2pop,14,501,600,14,0.0311154
Model4,2pop,14,601,700,13,0.023641
Model4,2pop,14,701,800,17,0.0350769
Model4,2pop,14,801,900,11,0.0271795
Model4,2pop,14,901,1000,17,0.0410513
Model4,2pop,8,1,100,11,0.0392564
Model4,2pop,8,101,200,11,0.0276667
Model4,2pop,8,201,300,9,0.0183462
Model4,2pop,8,301,400,10,0.0341154
Model4,2pop,8,401,500,11,0.0321026
Model4,2pop,8,501,600,15,0.0316282
Model4,2pop,8,601,700,11,0.0277051
Model4,2pop,8,701,800,9,0.0264872
Model4,2pop,8,801,900,12,0.0312692
Model4,2pop,8,901,1000,11,0.0317692
Model4,2pop,12,1,100,22,0.0395769
Model4,2pop,12,101,200,14,0.0242949
Model4,2pop,12,201,300,18,0.0376667
Model4,2pop,12,301,400,15,0.0288718
Model4,2pop,12,401,500,19,0.0487564
Model4,2pop,12,501,600,11,0.0171538
Model4,2pop,12,601,700,14,0.0389615
Model4,2pop,12,701,800,19,0.0417436
Model4,2pop,12,801,900,14,0.0333462
Model4,2pop,12,901,1000,14,0.031859
Model4,2pop,17,1,100,18,0.0527436
Model4,2pop,17,101,200,14,0.0444103
Model4,2pop,17,201,300,23,0.0869359
Model4,2pop,17,301,400,24,0.0853205
Model4,2pop,17,401,500,17,0.0534872
Model4,2pop,17,501,600,16,0.0471538
Model4,2pop,17,601,700,15,0.0490256
Model4,2pop,17,701,800,17,0.0674615
Model4,2pop,17,801,900,18,0.0578205
Model4,2pop,17,901,1000,19,0.0727821
Model4,2pop,5,1,100,18,0.0612564
Model4,2pop,5,101,200,10,0.0140769
Model4,2pop,5,201,300,20,0.0607179
Model4,2pop,5,301,400,14,0.0319231
Model4,2pop,5,401,500,17,0.0511026
Model4,2pop,5,501,600,14,0.0432308
Model4,2pop,5,601,700,23,0.0662179
Model4,2pop,5,701,800,21,0.0743077
Model4,2pop,5,801,900,15,0.0459103
Model4,2pop,5,901,1000,21,0.0699615
Model4,2pop,14,1,100,16,0.0514359
Model4,2pop,14,101,200,14,0.0572051
Model4,2pop,14,201,300,15,0.0608718
Model4,2pop,14,301,400,19,0.068359
Model4,2pop,14,401,500,24,0.08
Model4,2pop,14,501,600,25,0.0827179
Model4,2pop,14,601,700,22,0.0762692
Model4,2pop,14,701,800,16,0.0623333
Model4,2pop,14,801,900,31,0.105551
Model4,2pop,14,901,1000,18,0.0485897
Model4,2pop,11,1,100,6,0.0178333
Model4,2pop,11,101,200,4,0.006
Model4,2pop,11,201,300,12,0.0329744
Model4,2pop,11,301,400,10,0.0171923
Model4,2pop,11,401,500,11,0.0343333
Model4,2pop,11,501,600,8,0.0191026
Model4,2pop,11,601,700,7,0.0142692
Model4,2pop,11,701,800,14,0.0234359
Model4,2pop,11,801,900,9,0.0183462
Model4,2pop,11,901,1000,8,0.0118205
Model4,2pop,6,1,100,5,0.00751282
Model4,2pop,6,101,200,11,0.0198333
Model4,2pop,6,201,300,10,0.0104359
Model4,2pop,6,301,400,11,0.0203077
Model4,2pop,6,401,500,6,0.0118462
Model4,2pop,6,501,600,6,0.00885897
Model4,2pop,6,601,700,5,0.00942308
Model4,2pop,6,701,800,7,0.00935897
Model4,2pop,6,801,900,12,0.0185641
Model4,2pop,6,901,1000,10,0.0130769
Model4,2pop,2,1,100,10,0.0162436
Model4,2pop,2,101,200,7,0.0109487
Model4,2pop,2,201,300,14,0.0308846
Model4,2pop,2,301,400,12,0.0297821
Model4,2pop,2,401,500,17,0.0416538
Model4,2pop,2,501,600,17,0.0388205
Model4,2pop,2,601,700,13,0.0204103
Model4,2pop,2,701,800,11,0.0284359
Model4,2pop,2,801,900,11,0.0250513
Model4,2pop,2,901,1000,11,0.0256282
Model4,2pop,3,1,100,16,0.0470128
Model4,2pop,3,101,200,23,0.0523333
Model4,2pop,3,201,300,19,0.0656923
Model4,2pop,3,301,400,16,0.0573974
Model4,2pop,3,401,500,15,0.0451154
Model4,2pop,3,501,600,21,0.0607051
Model4,2pop,3,601,700,19,0.075859
Model4,2pop,3,701,800,13,0.0517821
Model4,2pop,3,801,900,21,0.0673718
Model4,2pop,3,901,1000,20,0.0602949
Model4,2pop,4,1,100,8,0.0191795
Model4,2pop,4,101,200,9,0.0278846
Model4,2pop,4,201,300,15,0.0399744
Model4,2pop,4,301,400,10,0.0163462
Model4,2pop,4,401,500,13,0.0359231
Model4,2pop,4,501,600,15,0.0323205
Model4,2pop,4,601,700,13,0.0297179
Model4,2pop,4,701,800,6,0.0122949
Model4,2pop,4,801,900,16,0.0295641
Model4,2pop,4,901,1000,15,0.0370641
Model4,2pop,18,1,100,11,0.0296795
Model4,2pop,18,101,200,9,0.0361795
Model4,2pop,18,201,300,10,0.016641
Model4,2pop,18,301,400,6,0.0118718
Model4,2pop,18,401,500,6,0.00788462
Model4,2pop,18,501,600,9,0.0215256
Model4,2pop,18,601,700,5,0.00908974
Model4,2pop,18,701,800,11,0.0337436
Model4,2pop,18,801,900,11,0.0281154
Model4,2pop,18,901,1000,5,0.0178077
Model4,2pop,19,1,100,17,0.0398333
Model4,2pop,19,101,200,11,0.0317179
Model4,2pop,19,201,300,13,0.0296154
Model4,2pop,19,301,400,17,0.048141
Model4,2pop,19,401,500,14,0.0372051
Model4,2pop,19,501,600,12,0.0308846
Model4,2pop,19,601,700,13,0.0332436
Model4,2pop,19,701,800,19,0.0564615
Model4,2pop,19,801,900,19,0.0461923
Model4,2pop,19,901,1000,14,0.0335256
Model4,2pop,10,1,100,7,0.0165769
Model4,2pop,10,101,200,4,0.00935897
Model4,2pop,10,201,300,5,0.0104487
Model4,2pop,10,301,400,4,0.00724359
Model4,2pop,10,401,500,6,0.0131923
Model4,2pop,10,501,600,11,0.017359
Model4,2pop,10,601,700,8,0.0168462
Model4,2pop,10,701,800,5,0.00584615
Model4,2pop,10,801,900,3,0.00808974
Model4,2pop,10,901,1000,9,0.0255641
Model4,2pop,19,1,100,14,0.0458974
Model4,2pop,19,101,200,10,0.0357692
Model4,2pop,19,201,300,10,0.0369872
Model4,2pop,19,301,400,10,0.0325769
Model4,2pop,19,401,500,7,0.0276795
Model4,2pop,19,501,600,12,0.0453974
Model4,2pop,19,601,700,12,0.0483846
Model4,2pop,19,701,800,12,0.0336026
Model4,2pop,19,801,900,16,0.0546026
Model4,2pop,19,901,1000,3,0.0114744
Model4,2pop,12,1,100,13,0.0232692
Model4,2pop,12,101,200,12,0.0329872
Model4,2pop,12,201,300,14,0.0304615
Model4,2pop,12,301,400,21,0.0531667
Model4,2pop,12,401,500,14,0.0279744
Model4,2pop,12,501,600,12,0.0386667
Model4,2pop,12,601,700,19,0.044859
Model4,2pop,12,701,800,9,0.0225769
Model4,2pop,12,801,900,16,0.0355897
Model4,2pop,12,901,1000,12,0.0330128
Model4,2pop,4,1,100,14,0.0454615
Model4,2pop,4,101,200,18,0.050141
Model4,2pop,4,201,300,14,0.043141
Model4,2pop,4,301,400,12,0.0399872
Model4,2pop,4,401,500,11,0.038
Model4,2pop,4,501,600,11,0.0325513
Model4,2pop,4,601,700,12,0.0303077
Model4,2pop,4,701,800,14,0.036641
Model4,2pop,4,801,900,16,0.0406667
Model4,2pop,4,901,1000,14,0.0422949
Model4,2pop,10,1,100,17,0.0596154
Model4,2pop,10,101,200,21,0.0820769
Model4,2pop,10,201,300,18,0.0814359
Model4,2pop,10,301,400,18,0.0754615
Model4,2pop,10,401,500,18,0.0713974
Model4,2pop,10,501,600,14,0.0601667
Model4,2pop,10,601,700,13,0.0517564
Model4,2pop,10,701,800,20,0.0763974
Model4,2pop,10,801,900,19,0.0793333
Model4,2pop,10,901,1000,16,0.0466795
Model4,2pop,1,1,100,17,0.0446154
Model4,2pop,1,101,200,18,0.0455641
Model4,2pop,1,201,300,23,0.0800641
Model4,2pop,1,301,400,17,0.0562436
Model4,2pop,1,401,500,17,0.0464615
Model4,2pop,1,501,600,20,0.0491538
Model4,2pop,1,601,700,10,0.0306026
Model4,2pop,1,701,800,11,0.0285641
Model4,2pop,1,801,900,21,0.0658333
Model4,2pop,1,901,1000,15,0.0373333
Model4,2pop,3,1,100,12,0.0331538
Model4,2pop,3,101,200,16,0.0450769
Model4,2pop,3,201,300,17,0.0560256
Model4,2pop,3,301,400,15,0.0529872
Model4,2pop,3,401,500,18,0.0558846
Model4,2pop,3,501,600,14,0.053641
Model4,2pop,3,601,700,13,0.0384615
Model4,2pop,3,701,800,19,0.0703974
Model4,2pop,3,801,900,17,0.0510641
Model4,2pop,3,901,1000,22,0.0710128
Model4,2pop,15,1,100,15,0.0515897
Model4,2pop,15,101,200,17,0.062141
Model4,2pop,15,201,300,23,0.0712308
Model4,2pop,15,301,400,16,0.0397821
Model4,2pop,15,401,500,21,0.0745641
Model4,2pop,15,501,600,11,0.0342179
Model4,2pop,15,601,700,18,0.0505769
Model4,2pop,15,701,800,20,0.0560256
Model4,2pop,15,801,900,22,0.0736795
Model4,2pop,15,901,1000,18,0.0609359
Model4,2pop,14,1,100,8,0.0200641
Model4,2pop,14,101,200,8,0.0210897
Model4,2pop,14,201,300,9,0.0284872
Model4,2pop,14,301,400,12,0.0227692
Model4,2pop,14,401,500,11,0.0226282
Model4,2pop,14,501,600,3,0.0106923
Model4,2pop,14,601,700,11,0.0248846
Model4,2pop,14,701,800,9,0.0266154
Model4,2pop,14,801,900,14,0.035859
Model4,2pop,14,901,1000,12,0.0334744
Model4,2pop,3,1,100,10,0.0321923
Model4,2pop,3,101,200,12,0.0367692
Model4,2pop,3,201,300,12,0.0384872
Model4,2pop,3,301,400,11,0.0365769
Model4,2pop,3,401,500,13,0.0408333
Model4,2pop,3,501,600,14,0.0390641
Model4,2pop,3,601,700,12,0.0407949
Model4,2pop,3,701,800,11,0.0274103
Model4,2pop,3,801,900,10,0.0220641
Model4,2pop,3,901,1000,12,0.0350897
Model4,2pop,9,1,100,12,0.0311795
Model4,2pop,9,101,200,26,0.0591923
Model4,2pop,9,201,300,14,0.0289359
Model4,2pop,9,301,400,11,0.0215128
Model4,2pop,9,401,500,12,0.0257179
Model4,2pop,9,501,600,14,0.0403718
Model4,2pop,9,601,700,13,0.0330641
Model4,2pop,9,701,800,12,0.0238718
Model4,2pop,9,801,900,13,0.0388205
Model4,2pop,9,901,1000,13,0.0347051
Model4,2pop,15,1,100,10,0.0267436
Model4,2pop,15,101,200,11,0.0272564
Model4,2pop,15,201,300,8,0.0162308
Model4,2pop,15,301,400,8,0.018141
Model4,2pop,15,401,500,10,0.0316282
Model4,2pop,15,501,600,9,0.0223205
Model4,2pop,15,601,700,9,0.0227051
Model4,2pop,15,701,800,10,0.0208974
Model4,2pop,15,801,900,8,0.0219359
Model4,2pop,15,901,1000,9,0.0205769
Model4,2pop,12,1,100,18,0.0493846
Model4,2pop,12,101,200,11,0.0297436
Model4,2pop,12,201,300,14,0.0362821
Model4,2pop,12,301,400,6,0.016359
Model4,2pop,12,401,500,12,0.0338077
Model4,2pop,12,501,600,10,0.0351282
Model4,2pop,12,601,700,9,0.0198718
Model4,2pop,12,701,800,7,0.0160385
Model4,2pop,12,801,900,13,0.0356026
Model4,2pop,12,901,1000,13,0.0327051
Model4,2pop,4,1,100,16,0.0686282
Model4,2pop,4,101,200,14,0.0538846
Model4,2pop,4,201,300,17,0.0682179
Model4,2pop,4,301,400,24,0.0941154
Model4,2pop,4,401,500,14,0.0573333
Model4,2pop,4,501,600,12,0.0599359
Model4,2pop,4,601,700,16,0.0617308
Model4,2pop,4,701,800,11,0.0454487
Model4,2pop,4,801,900,11,0.0354103
Model4,2pop,4,901,1000,10,0.0440385
Model4,2pop,5,1,100,10,0.0117821
Model4,2pop,5,101,200,8,0.0137821
Model4,2pop,5,201,300,7,0.00619231
Model4,2pop,5,301,400,6,0.00634615
Model4,2pop,5,401,500,9,0.0176795
Model4,2pop,5,501,600,9,0.0162051
Model4,2pop,5,601,700,7,0.0136026
Model4,2pop,5,701,800,7,0.00765385
Model4,2pop,5,801,900,7,0.0035
Model4,2pop,5,901,1000,11,0.0139359
Model4,2pop,0,1,100,26,0.0887436
Model4,2pop,0,101,200,27,0.0935897
Model4,2pop,0,201,300,20,0.0632308
Model4,2pop,0,301,400,30,0.0911282
Model4,2pop,0,401,500,28,0.0994487
Model4,2pop,0,501,600,34,0.105872
Model4,2pop,0,601,700,26,0.0811667
Model4,2pop,0,701,800,27,0.0912564
Model4,2pop,0,801,900,28,0.0990256
Model4,2pop,0,901,1000,21,0.0675769
Model4,2pop,18,1,100,10,0.0308974
Model4,2pop,18,101,200,7,0.0152949
Model4,2pop,18,201,300,13,0.0275256
Model4,2pop,18,301,400,8,0.0234744
Model4,2pop,18,401,500,8,0.0177179
Model4,2pop,18,501,600,9,0.0283974
Model4,2pop,18,601,700,10,0.0246923
Model4,2pop,18,701,800,14,0.0383846
Model4,2pop,18,801,900,5,0.0121154
Model4,2pop,18,901,1000,10,0.0246795
Model4,2pop,8,1,100,11,0.0331538
Model4,2pop,8,101,200,7,0.0208077
Model4,2pop,8,201,300,9,0.0286282
Model4,2pop,8,301,400,4,0.0105769
Model4,2pop,8,401,500,8,0.0130897
Model4,2pop,8,501,600,15,0.0399872
Model4,2pop,8,601,700,12,0.0376923
Model4,2pop,8,701,800,14,0.0409872
Model4,2pop,8,801,900,8,0.0270128
Model4,2pop,8,901,1000,16,0.0385769
Model4,2pop,13,1,100,9,0.0321923
Model4,2pop,13,101,200,19,0.0517692
Model4,2pop,13,201,300,9,0.0239615
Model4,2pop,13,301,400,15,0.0325513
Model4,2pop,13,401,500,15,0.0387949
Model4,2pop,13,501,600,12,0.0321795
Model4,2pop,13,601,700,14,0.0516154
Model4,2pop,13,701,800,18,0.0473205
Model4,2pop,13,801,900,19,0.0502436
Model4,2pop,13,901,1000,13,0.0369487
Model4,2pop,4,1,100,8,0.0238718
Model4,2pop,4,101,200,10,0.0335641
Model4,2pop,4,201,300,14,0.0363974
Model4,2pop,4,301,400,7,0.0196538
Model4,2pop,4,401,500,9,0.0322692
Model4,2pop,4,501,600,6,0.0147436
Model4,2pop,4,601,700,8,0.0188333
Model4,2pop,4,701,800,13,0.0368205
Model4,2pop,4,801,900,9,0.025859
Model4,2pop,4,901,1000,10,0.0262949
Model4,2pop,5,1,100,12,0.0448333
Model4,2pop,5,101,200,13,0.0401154
Model4,2pop,5,201,300,7,0.0262564
Model4,2pop,5,301,400,9,0.0195128
Model4,2pop,5,401,500,10,0.0251026
Model4,2pop,5,501,600,12,0.0387821
Model4,2pop,5,601,700,8,0.0205513
Model4,2pop,5,701,800,13,0.0302179
Model4,2pop,5,801,900,14,0.0433333
Model4,2pop,5,901,1000,10,0.0371667
Model4,2pop,15,1,100,13,0.034641
Model4,2pop,15,101,200,11,0.0256154
Model4,2pop,15,201,300,10,0.0156538
Model4,2pop,15,301,400,13,0.0251154
Model4,2pop,15,401,500,9,0.0240513
Model4,2pop,15,501,600,14,0.0297436
Model4,2pop,15,601,700,18,0.0358333
Model4,2pop,15,701,800,12,0.0292821
Model4,2pop,15,801,900,15,0.0242821
Model4,2pop,15,901,1000,14,0.0287436
Model4,2pop,0,1,100,13,0.0148718
Model4,2pop,0,101,200,8,0.0168333
Model4,2pop,0,201,300,9,0.0157051
Model4,2pop,0,301,400,11,0.0140128
Model4,2pop,0,401,500,19,0.0194487
Model4,2pop,0,501,600,15,0.0192949
Model4,2pop,0,601,700,13,0.0215769
Model4,2pop,0,701,800,12,0.0216667
Model4,2pop,0,801,900,14,0.0298333
Model4,2pop,0,901,1000,6,0.00474359
Model4,2pop,9,1,100,8,0.0144231
Model4,2pop,9,101,200,9,0.0242564
Model4,2pop,9,201,300,7,0.0229359
Model4,2pop,9,301,400,17,0.0413718
Model4,2pop,9,401,500,12,0.0242308
Model4,2pop,9,501,600,10,0.0253846
Model4,2pop,9,601,700,10,0.0317564
Model4,2pop,9,701,800,10,0.0280385
Model4,2pop,9,801,900,12,0.0318077
Model4,2pop,9,901,1000,6,0.0119103
Model4,2pop,14,1,100,16,0.0251667
Model4,2pop,14,101,200,7,0.00865385
Model4,2pop,14,201,300,8,0.0108077
Model4,2pop,14,301,400,15,0.0218205
Model4,2pop,14,401,500,8,0.0147308
Model4,2pop,14,501,600,5,0.00670513
Model4,2pop,14,601,700,15,0.0263333
Model4,2pop,14,701,800,7,0.0115641
Model4,2pop,14,801,900,10,0.0167949
Model4,2pop,14,901,1000,17,0.0403333
Model4,2pop,2,1,100,10,0.0148077
Model4,2pop,2,101,200,5,0.0109872
Model4,2pop,2,201,300,12,0.0284487
Model4,2pop,2,301,400,9,0.0144872
Model4,2pop,2,401,500,12,0.0220385
Model4,2pop,2,501,600,12,0.0155897
Model4,2pop,2,601,700,13,0.0211154
Model4,2pop,2,701,800,9,0.0125128
Model4,2pop,2,801,900,8,0.0113974
Model4,2pop,2,901,1000,7,0.0100128
Model4,2pop,17,1,100,16,0.0345
Model4,2pop,17,101,200,17,0.0594231
Model4,2pop,17,201,300,10,0.0143462
Model4,2pop,17,301,400,12,0.0300128
Model4,2pop,17,401,500,10,0.0264872
Model4,2pop,17,501,600,12,0.0311154
Model4,2pop,17,601,700,10,0.0205513
Model4,2pop,17,701,800,13,0.0335769
Model4,2pop,17,801,900,15,0.0468205
Model4,2pop,17,901,1000,8,0.0139231
Model4,2pop,13,1,100,20,0.0730128
Model4,2pop,13,101,200,25,0.0784615
Model4,2pop,13,201,300,17,0.0602564
Model4,2pop,13,301,400,24,0.0810513
Model4,2pop,13,401,500,33,0.0992436
Model4,2pop,13,501,600,24,0.0827051
Model4,2pop,13,601,700,23,0.0792949
Model4,2pop,13,701,800,21,0.0593077
Model4,2pop,13,801,900,17,0.0605513
Model4,2pop,13,901,1000,19,0.0588333
Model4,2pop,12,1,100,7,0.0123077
Model4,2pop,12,101,200,10,0.0211154
Model4,2pop,12,201,300,2,0.00192308
Model4,2pop,12,301,400,6,0.00985897
Model4,2pop,12,401,500,6,0.0163333
Model4,2pop,12,501,600,8,0.0164744
Model4,2pop,12,601,700,4,0.0075641
Model4,2pop,12,701,800,8,0.0245897
Model4,2pop,12,801,900,6,0.00651282
Model4,2pop,12,901,1000,2,0.00592308
Model4,2pop,5,1,100,5,0.0111154
Model4,2pop,5,101,200,10,0.0233462
Model4,2pop,5,201,300,8,0.0140128
Model4,2pop,5,301,400,11,0.0319359
Model4,2pop,5,401,500,10,0.018859
Model4,2pop,5,501,600,12,0.0262692
Model4,2pop,5,601,700,10,0.0175256
Model4,2pop,5,701,800,9,0.0185897
Model4,2pop,5,801,900,10,0.0229872
Model4,2pop,5,901,1000,13,0.0203205
Model4,2pop,16,1,100,19,0.0642821
Model4,2pop,16,101,200,15,0.0610641
Model4,2pop,16,201,300,18,0.0685385
Model4,2pop,16,301,400,20,0.0624487
Model4,2pop,16,401,500,15,0.0575513
Model4,2pop,16,501,600,10,0.0275897
Model4,2pop,16,601,700,18,0.0563718
Model4,2pop,16,701,800,10,0.0243205
Model4,2pop,16,801,900,20,0.0668077
Model4,2pop,16,901,1000,15,0.0481154
Model4,2pop,5,1,100,17,0.0423462
Model4,2pop,5,101,200,15,0.0405
Model4,2pop,5,201,300,19,0.0521923
Model4,2pop,5,301,400,10,0.0189487
Model4,2pop,5,401,500,11,0.0267436
Model4,2pop,5,501,600,23,0.0584103
Model4,2pop,5,601,700,17,0.0434359
Model4,2pop,5,701,800,20,0.0452949
Model4,2pop,5,801,900,21,0.0495769
Model4,2pop,5,901,1000,14,0.0296667
Model4,2pop,13,1,100,12,0.0203333
Model4,2pop,13,101,200,10,0.0158077
Model4,2pop,13,201,300,19,0.0232436
Model4,2pop,13,301,400,12,0.0137692
Model4,2pop,13,401,500,15,0.0190897
Model4,2pop,13,501,600,12,0.0157564
Model4,2pop,13,601,700,10,0.0163205
Model4,2pop,13,701,800,14,0.0202692
Model4,2pop,13,801,900,15,0.017
Model4,2pop,13,901,1000,14,0.0268205
Model4,2pop,4,1,100,11,0.0156538
Model4,2pop,4,101,200,11,0.0175513
Model4,2pop,4,201,300,11,0.0313333
Model4,2pop,4,301,400,12,0.0296923
Model4,2pop,4,401,500,9,0.0161923
Model4,2pop,4,501,600,8,0.0166667
Model4,2pop,4,601,700,15,0.0254103
Model4,2pop,4,701,800,10,0.0189615
Model4,2pop,4,801,900,13,0.024859
Model4,2pop,4,901,1000,11,0.0242051
Model4,2pop,7,1,100,18,0.0690256
Model4,2pop,7,101,200,22,0.0823974
Model4,2pop,7,201,300,25,0.0782692
Model4,2pop,7,301,400,24,0.0844103
Model4,2pop,7,401,500,19,0.0702308
Model4,2pop,7,501,600,21,0.0782949
Model4,2pop,7,601,700,30,0.109782
Model4,2pop,7,701,800,16,0.0568077
Model4,2pop,7,801,900,20,0.0942308
Model4,2pop,7,901,1000,21,0.0913974
Model4,2pop,9,1,100,7,0.00576923
Model4,2pop,9,101,200,6,0.00907692
Model4,2pop,9,201,300,10,0.0162564
Model4,2pop,9,301,400,14,0.0205769
Model4,2pop,9,401,500,14,0.0295897
Model4,2pop,9,501,600,8,0.0129615
Model4,2pop,9,601,700,15,0.0236667
Model4,2pop,9,701,800,11,0.028859
Model4,2pop,9,801,900,10,0.0199872
Model4,2pop,9,901,1000,5,0.0147692
Model4,2pop,16,1,100,27,0.0467436
Model4,2pop,16,101,200,21,0.0368333
Model4,2pop,16,201,300,24,0.0319103
Model4,2pop,16,301,400,27,0.044359
Model4,2pop,16,401,500,17,0.0366026
Model4,2pop,16,501,600,26,0.0469359
Model4,2pop,16,601,700,29,0.0543077
Model4,2pop,16,701,800,23,0.0443462
Model4,2pop,16,801,900,34,0.0576538
Model4,2pop,16,901,1000,26,0.0480385
Model4,2pop,2,1,100,12,0.0474872
Model4,2pop,2,101,200,17,0.0558333
Model4,2pop,2,201,300,14,0.0498462
Model4,2pop,2,301,400,19,0.0685385
Model4,2pop,2,401,500,15,0.058859
Model4,2pop,2,501,600,14,0.0535385
Model4,2pop,2,601,700,16,0.0557308
Model4,2pop,2,701,800,12,0.0412051
Model4,2pop,2,801,900,11,0.0448333
Model4,2pop,2,901,1000,11,0.0419615
Model4,2pop,12,1,100,17,0.0645641
Model4,2pop,12,101,200,13,0.0427949
Model4,2pop,12,201,300,12,0.0322051
Model4,2pop,12,301,400,18,0.0512308
Model4,2pop,12,401,500,14,0.0456026
Model4,2pop,12,501,600,16,0.0552949
Model4,2pop,12,601,700,15,0.0552436
Model4,2pop,12,701,800,16,0.0499615
Model4,2pop,12,801,900,20,0.0868846
Model4,2pop,12,901,1000,16,0.060859
Model4,2pop,12,1,100,6,0.0135128
Model4,2pop,12,101,200,10,0.0120513
Model4,2pop,12,201,300,9,0.022859
Model4,2pop,12,301,400,7,0.00811538
Model4,2pop,12,401,500,14,0.0271538
Model4,2pop,12,501,600,15,0.0344872
Model4,2pop,12,601,700,10,0.0183205
Model4,2pop,12,701,800,10,0.0172821
Model4,2pop,12,801,900,5,0.0107821
Model4,2pop,12,901,1000,7,0.0110897
Model4,2pop,8,1,100,18,0.0243333
Model4,2pop,8,101,200,10,0.0175513
Model4,2pop,8,201,300,9,0.0189487
Model4,2pop,8,301,400,7,0.0115128
Model4,2pop,8,401,500,10,0.0198333
Model4,2pop,8,501,600,13,0.020141
Model4,2pop,8,601,700,9,0.0168974
Model4,2pop,8,701,800,11,0.0224615
Model4,2pop,8,801,900,8,0.0110897
Model4,2pop,8,901,1000,9,0.0165769
Model4,2pop,4,1,100,22,0.0821154
Model4,2pop,4,101,200,23,0.0945385
Model4,2pop,4,201,300,27,0.10241
Model4,2pop,4,301,400,16,0.0650128
Model4,2pop,4,401,500,16,0.059859
Model4,2pop,4,501,600,21,0.086641
Model4,2pop,4,601,700,19,0.0671795
Model4,2pop,4,701,800,20,0.0750769
Model4,2pop,4,801,900,22,0.0760256
Model4,2pop,4,901,1000,25,0.0982564
Model4,2pop,16,1,100,12,0.0391923
Model4,2pop,16,101,200,12,0.0195897
Model4,2pop,16,201,300,15,0.0454487
Model4,2pop,16,301,400,11,0.0295641
Model4,2pop,16,401,500,11,0.028359
Model4,2pop,16,501,600,10,0.0260256
Model4,2pop,16,601,700,8,0.0285128
Model4,2pop,16,701,800,8,0.0243333
Model4,2pop,16,801,900,14,0.0465128
Model4,2pop,16,901,1000,5,0.0152949
Model4,2pop,8,1,100,2,0.00608974
Model4,2pop,8,101,200,9,0.0265
Model4,2pop,8,201,300,5,0.0055641
Model4,2pop,8,301,400,5,0.00632051
Model4,2pop,8,401,500,5,0.0117821
Model4,2pop,8,501,600,4,0.00888462
Model4,2pop,8,601,700,9,0.0211026
Model4,2pop,8,701,800,3,0.00289744
Model4,2pop,8,801,900,2,0.00192308
Model4,2pop,8,901,1000,5,0.0117308
Model4,2pop,16,1,100,5,0.00496154
Model4,2pop,16,101,200,7,0.00998718
Model4,2pop,16,201,300,5,0.00620513
Model4,2pop,16,301,400,9,0.00591026
Model4,2pop,16,401,500,9,0.0161154
Model4,2pop,16,501,600,14,0.0317308
Model4,2pop,16,601,700,10,0.0165385
Model4,2pop,16,701,800,15,0.0241923
Model4,2pop,16,801,900,9,0.0230641
Model4,2pop,16,901,1000,8,0.0194231
Model4,2pop,4,1,100,15,0.0336923
Model4,2pop,4,101,200,18,0.0316795
Model4,2pop,4,201,300,13,0.0227051
Model4,2pop,4,301,400,13,0.0254744
Model4,2pop,4,401,500,9,0.0182821
Model4,2pop,4,501,600,16,0.0301282
Model4,2pop,4,601,700,13,0.0237179
Model4,2pop,4,701,800,18,0.0371282
Model4,2pop,4,801,900,13,0.024359
Model4,2pop,4,901,1000,13,0.0240769
Model4,2pop,5,1,100,11,0.0184487
Model4,2pop,5,101,200,5,0.0199615
Model4,2pop,5,201,300,7,0.0035
Model4,2pop,5,301,400,15,0.0298205
Model4,2pop,5,401,500,4,0.00885897
Model4,2pop,5,501,600,14,0.024641
Model4,2pop,5,601,700,10,0.0239231
Model4,2pop,5,701,800,8,0.0194872
Model4,2pop,5,801,900,8,0.0186154
Model4,2pop,5,901,1000,18,0.0366795
Model4,2pop,9,1,100,11,0.0286154
Model4,2pop,9,101,200,16,0.0486667
Model4,2pop,9,201,300,15,0.0327051
Model4,2pop,9,301,400,21,0.0496282
Model4,2pop,9,401,500,15,0.0343718
Model4,2pop,9,501,600,13,0.0372821
Model4,2pop,9,601,700,19,0.0453974
Model4,2pop,9,701,800,14,0.0290769
Model4,2pop,9,801,900,15,0.0398205
Model4,2pop,9,901,1000,16,0.0362564
Model4,2pop,17,1,100,23,0.0698205
Model4,2pop,17,101,200,19,0.0593077
Model4,2pop,17,201,300,21,0.0875641
Model4,2pop,17,301,400,21,0.0513974
Model4,2pop,17,401,500,20,0.0680256
Model4,2pop,17,501,600,19,0.0637949
Model4,2pop,17,601,700,20,0.0768077
Model4,2pop,17,701,800,23,0.0878718
Model4,2pop,17,801,900,24,0.0732692
Model4,2pop,17,901,1000,12,0.040359
Model4,2pop,14,1,100,7,0.0107308
Model4,2pop,14,101,200,10,0.0218333
Model4,2pop,14,201,300,7,0.0143974
Model4,2pop,14,301,400,10,0.0157692
Model4,2pop,14,401,500,6,0.00688462
Model4,2pop,14,501,600,8,0.018
Model4,2pop,14,601,700,7,0.0152821
Model4,2pop,14,701,800,7,0.0103205
Model4,2pop,14,801,900,4,0.00875641
Model4,2pop,14,901,1000,7,0.0161282
Model4,2pop,3,1,100,14,0.0397564
Model4,2pop,3,101,200,12,0.0265128
Model4,2pop,3,201,300,2,0.00378205
Model4,2pop,3,301,400,12,0.029
Model4,2pop,3,401,500,11,0.0296154
Model4,2pop,3,501,600,13,0.0333462
Model4,2pop,3,601,700,7,0.01
Model4,2pop,3,701,800,14,0.0316667
Model4,2pop,3,801,900,10,0.0267949
Model4,2pop,3,901,1000,10,0.0283462
Model4,2pop,6,1,100,27,0.112872
Model4,2pop,6,101,200,26,0.0994744
Model4,2pop,6,201,300,19,0.0868718
Model4,2pop,6,301,400,33,0.129833
Model4,2pop,6,401,500,25,0.0952949
Model4,2pop,6,501,600,23,0.104474
Model4,2pop,6,601,700,20,0.0765
Model4,2pop,6,701,800,28,0.119269
Model4,2pop,6,801,900,22,0.0992949
Model4,2pop,6,901,1000,21,0.082141
Model4,2pop,1,1,100,10,0.0219615
Model4,2pop,1,101,200,11,0.0265
Model4,2pop,1,201,300,14,0.0262051
Model4,2pop,1,301,400,12,0.0300641
Model4,2pop,1,401,500,13,0.0383846
Model4,2pop,1,501,600,7,0.0222949
Model4,2pop,1,601,700,12,0.0281282
Model4,2pop,1,701,800,10,0.0221282
Model4,2pop,1,801,900,14,0.0355256
Model4,2pop,1,901,1000,16,0.0520513
Model4,2pop,3,1,100,16,0.0443974
Model4,2pop,3,101,200,15,0.0475769
Model4,2pop,3,201,300,21,0.0622821
Model4,2pop,3,301,400,17,0.0348205
Model4,2pop,3,401,500,11,0.0341154
Model4,2pop,3,501,600,17,0.0439103
Model4,2pop,3,601,700,11,0.0336795
Model4,2pop,3,701,800,21,0.0630256
Model4,2pop,3,801,900,16,0.0516923
Model4,2pop,3,901,1000,21,0.0621923
Model4,2pop,11,1,100,11,0.024359
Model4,2pop,11,101,200,16,0.0472821
Model4,2pop,11,201,300,14,0.0391538
Model4,2pop,11,301,400,13,0.0402564
Model4,2pop,11,401,500,5,0.0162051
Model4,2pop,11,501,600,12,0.0275769
Model4,2pop,11,601,700,24,0.073859
Model4,2pop,11,701,800,10,0.0281923
Model4,2pop,11,801,900,6,0.0124615
Model4,2pop,11,901,1000,19,0.0422051
Model4,2pop,0,1,100,8,0.00970513
Model4,2pop,0,101,200,2,0.00147436
Model4,2pop,0,201,300,8,0.00632051
Model4,2pop,0,301,400,8,0.0148846
Model4,2pop,0,401,500,4,0.00783333
Model4,2pop,0,501,600,6,0.0122949
Model4,2pop,0,601,700,8,0.0101795
Model4,2pop,0,701,800,7,0.0172308
Model4,2pop,0,801,900,11,0.0260513
Model4,2pop,0,901,1000,6,0.0106667
Model4,2pop,15,1,100,11,0.0289744
Model4,2pop,15,101,200,10,0.0282949
Model4,2pop,15,201,300,3,0.0113462
Model4,2pop,15,301,400,10,0.0288846
Model4,2pop,15,401,500,12,0.0414615
Model4,2pop,15,501,600,5,0.0113333
Model4,2pop,15,601,700,12,0.0317692
Model4,2pop,15,701,800,8,0.0250256
Model4,2pop,15,801,900,12,0.0439744
Model4,2pop,15,901,1000,12,0.0275128
Model4,2pop,11,1,100,17,0.0539231
Model4,2pop,11,101,200,20,0.0569487
Model4,2pop,11,201,300,18,0.0645641
Model4,2pop,11,301,400,18,0.0569487
Model4,2pop,11,401,500,19,0.0665513
Model4,2pop,11,501,600,27,0.107436
Model4,2pop,11,601,700,22,0.072
Model4,2pop,11,701,800,13,0.0438462
Model4,2pop,11,801,900,15,0.0505641
Model4,2pop,11,901,1000,17,0.0601282
Model4,2pop,1,1,100,8,0.0149744
Model4,2pop,1,101,200,12,0.0153205
Model4,2pop,1,201,300,5,0.0114615
Model4,2pop,1,301,400,3,0.0050641
Model4,2pop,1,401,500,3,0.00591026
Model4,2pop,1,501,600,8,0.0156923
Model4,2pop,1,601,700,11,0.0187051
Model4,2pop,1,701,800,6,0.0176667
Model4,2pop,1,801,900,6,0.00780769
Model4,2pop,1,901,1000,7,0.0106538
Model4,2pop,2,1,100,9,0.0213846
Model4,2pop,2,101,200,10,0.0275513
Model4,2pop,2,201,300,9,0.0188846
Model4,2pop,2,301,400,12,0.0297051
Model4,2pop,2,401,500,14,0.0379744
Model4,2pop,2,501,600,7,0.0129872
Model4,2pop,2,601,700,10,0.0269103
Model4,2pop,2,701,800,12,0.032141
Model4,2pop,2,801,900,5,0.0156282
Model4,2pop,2,901,1000,9,0.0147692
Model4,2pop,9,1,100,7,0.0215897
Model4,2pop,9,101,200,7,0.0218462
Model4,2pop,9,201,300,10,0.0336538
Model4,2pop,9,301,400,8,0.0226923
Model4,2pop,9,401,500,6,0.0124103
Model4,2pop,9,501,600,7,0.017359
Model4,2pop,9,601,700,5,0.0203205
Model4,2pop,9,701,800,6,0.0151282
Model4,2pop,9,801,900,6,0.0168077
Model4,2pop,9,901,1000,9,0.0363077
Model4,2pop,0,1,100,22,0.0735128
Model4,2pop,0,101,200,14,0.0473974
Model4,2pop,0,201,300,16,0.0566282
Model4,2pop,0,301,400,20,0.0666923
Model4,2pop,0,401,500,14,0.0487051
Model4,2pop,0,501,600,20,0.0618718
Model4,2pop,0,601,700,18,0.0621795
Model4,2pop,0,701,800,14,0.0453974
Model4,2pop,0,801,900,17,0.0516923
Model4,2pop,0,901,1000,15,0.0452179
Model4,2pop,12,1,100,18,0.0618718
Model4,2pop,12,101,200,13,0.035641
Model4,2pop,12,201,300,16,0.0561154
Model4,2pop,12,301,400,14,0.0471667
Model4,2pop,12,401,500,10,0.0312564
Model4,2pop,12,501,600,16,0.0416026
Model4,2pop,12,601,700,19,0.0556282
Model4,2pop,12,701,800,19,0.0579487
Model4,2pop,12,801,900,17,0.0521154
Model4,2pop,12,901,1000,15,0.0429615
Model4,2pop,10,1,100,14,0.0220897
Model4,2pop,10,101,200,12,0.0236538
Model4,2pop,10,201,300,13,0.0226154
Model4,2pop,10,301,400,15,0.0335513
Model4,2pop,10,401,500,10,0.0170513
Model4,2pop,10,501,600,18,0.0253333
Model4,2pop,10,601,700,16,0.0298333
Model4,2pop,10,701,800,17,0.0261923
Model4,2pop,10,801,900,13,0.0190513
Model4,2pop,10,901,1000,11,0.0106667
Model4,2pop,5,1,100,10,0.0328462
Model4,2pop,5,101,200,10,0.0248077
Model4,2pop,5,201,300,8,0.0194231
Model4,2pop,5,301,400,11,0.0136282
Model4,2pop,5,401,500,13,0.0397436
Model4,2pop,5,501,600,13,0.0334487
Model4,2pop,5,601,700,11,0.0291282
Model4,2pop,5,701,800,13,0.0392308
Model4,2pop,5,801,900,14,0.0359231
Model4,2pop,5,901,1000,12,0.0304487
Model4,2pop,11,1,100,8,0.0159103
Model4,2pop,11,101,200,14,0.0374872
Model4,2pop,11,201,300,17,0.0329231
Model4,2pop,11,301,400,13,0.0375769
Model4,2pop,11,401,500,9,0.0281282
Model4,2pop,11,501,600,15,0.0484487
Model4,2pop,11,601,700,19,0.0400641
Model4,2pop,11,701,800,18,0.052859
Model4,2pop,11,801,900,20,0.0640513
Model4,2pop,11,901,1000,16,0.0526795
Model4,2pop,12,1,100,12,0.0254103
Model4,2pop,12,101,200,13,0.0465513
Model4,2pop,12,201,300,6,0.00487179
Model4,2pop,12,301,400,11,0.0285
Model4,2pop,12,401,500,15,0.0383462
Model4,2pop,12,501,600,8,0.0222564
Model4,2pop,12,601,700,14,0.0316538
Model4,2pop,12,701,800,12,0.0453974
Model4,2pop,12,801,900,12,0.0398718
Model4,2pop,12,901,1000,19,0.0487821
Model4,2pop,4,1,100,22,0.0201026
Model4,2pop,4,101,200,13,0.0133205
Model4,2pop,4,201,300,15,0.0156923
Model4,2pop,4,301,400,16,0.0195513
Model4,2pop,4,401,500,9,0.00708974
Model4,2pop,4,501,600,17,0.0124872
Model4,2pop,4,601,700,13,0.0137051
Model4,2pop,4,701,800,14,0.0134103
Model4,2pop,4,801,900,18,0.0130897
Model4,2pop,4,901,1000,21,0.0190256
Model4,2pop,0,1,100,22,0.0622821
Model4,2pop,0,101,200,14,0.0507308
Model4,2pop,0,201,300,13,0.0392821
Model4,2pop,0,301,400,13,0.0280385
Model4,2pop,0,401,500,15,0.0421923
Model4,2pop,0,501,600,14,0.0342051
Model4,2pop,0,601,700,7,0.0192821
Model4,2pop,0,701,800,8,0.0276154
Model4,2pop,0,801,900,12,0.0404359
Model4,2pop,0,901,1000,7,0.0162051
Model4,2pop,2,1,100,9,0.0195385
Model4,2pop,2,101,200,5,0.0140128
Model4,2pop,2,201,300,15,0.0215513
Model4,2pop,2,301,400,6,0.00484615
Model4,2pop,2,401,500,4,0.00426923
Model4,2pop,2,501,600,13,0.0427436
Model4,2pop,2,601,700,12,0.0233974
Model4,2pop,2,701,800,11,0.0207436
Model4,2pop,2,801,900,6,0.0160128
Model4,2pop,2,901,1000,9,0.0157179
Model4,2pop,1,1,100,16,0.0396282
Model4,2pop,1,101,200,20,0.0474359
Model4,2pop,1,201,300,17,0.044
Model4,2pop,1,301,400,16,0.0405128
Model4,2pop,1,401,500,13,0.0377436
Model4,2pop,1,501,600,16,0.0326667
Model4,2pop,1,601,700,13,0.0317949
Model4,2pop,1,701,800,17,0.0382692
Model4,2pop,1,801,900,19,0.0480256
Model4,2pop,1,901,1000,11,0.0307692
Model4,2pop,13,1,100,19,0.0266026
Model4,2pop,13,101,200,17,0.0222436
Model4,2pop,13,201,300,17,0.0254231
Model4,2pop,13,301,400,19,0.0319872
Model4,2pop,13,401,500,18,0.0230513
Model4,2pop,13,501,600,22,0.0297821
Model4,2pop,13,601,700,18,0.0259615
Model4,2pop,13,701,800,24,0.0319615
Model4,2pop,13,801,900,24,0.0303974
Model4,2pop,13,901,1000,23,0.0292051
Model4,2pop,8,1,100,18,0.0499231
Model4,2pop,8,101,200,24,0.0749744
Model4,2pop,8,201,300,24,0.0591923
Model4,2pop,8,301,400,18,0.0485128
Model4,2pop,8,401,500,23,0.0612436
Model4,2pop,8,501,600,19,0.0565641
Model4,2pop,8,601,700,18,0.0520256
Model4,2pop,8,701,800,21,0.0644487
Model4,2pop,8,801,900,15,0.0408462
Model4,2pop,8,901,1000,26,0.0701282
Model4,2pop,19,1,100,11,0.023359
Model4,2pop,19,101,200,12,0.0218462
Model4,2pop,19,201,300,12,0.0245128
Model4,2pop,19,301,400,10,0.0202179
Model4,2pop,19,401,500,15,0.0437564
Model4,2pop,19,501,600,15,0.0390641
Model4,2pop,19,601,700,12,0.0311538
Model4,2pop,19,701,800,10,0.0242692
Model4,2pop,19,801,900,8,0.0161026
Model4,2pop,19,901,1000,12,0.018141
Model4,2pop,7,1,100,10,0.012641
Model4,2pop,7,101,200,8,0.0205256
Model4,2pop,7,201,300,7,0.0140513
Model4,2pop,7,301,400,7,0.00619231
Model4,2pop,7,401,500,7,0.0102308
Model4,2pop,7,501,600,7,0.0171667
Model4,2pop,7,601,700,13,0.0270641
Model4,2pop,7,701,800,9,0.0195769
Model4,2pop,7,801,900,6,0.00938462
Model4,2pop,7,901,1000,6,0.0175641
Model4,2pop,3,1,100,12,0.022641
Model4,2pop,3,101,200,11,0.0198205
Model4,2pop,3,201,300,13,0.0288718
Model4,2pop,3,301,400,14,0.0257179
Model4,2pop,3,401,500,12,0.0275385
Model4,2pop,3,501,600,11,0.0185641
Model4,2pop,3,601,700,14,0.0323077
Model4,2pop,3,701,800,14,0.0273205
Model4,2pop,3,801,900,11,0.0196795
Model4,2pop,3,901,1000,8,0.0140641
Model4,2pop,10,1,100,6,0.0233077
Model4,2pop,10,101,200,16,0.0615385
Model4,2pop,10,201,300,12,0.0432308
Model4,2pop,10,301,400,17,0.0698846
Model4,2pop,10,401,500,17,0.062141
Model4,2pop,10,501,600,16,0.0638718
Model4,2pop,10,601,700,12,0.0407179
Model4,2pop,10,701,800,12,0.0331538
Model4,2pop,10,801,900,16,0.066
Model4,2pop,10,901,1000,9,0.0349231
Model4,2pop,16,1,100,11,0.0171538
Model4,2pop,16,101,200,19,0.0260385
Model4,2pop,16,201,300,16,0.0232179
Model4,2pop,16,301,400,11,0.0118846
Model4,2pop,16,401,500,17,0.0259487
Model4,2pop,16,501,600,14,0.0220641
Model4,2pop,16,601,700,11,0.013359
Model4,2pop,16,701,800,10,0.0147692
Model4,2pop,16,801,900,10,0.0121923
Model4,2pop,16,901,1000,12,0.0134103
Model4,2pop,19,1,100,20,0.0739231
Model4,2pop,19,101,200,13,0.0474615
Model4,2pop,19,201,300,20,0.0566282
Model4,2pop,19,301,400,16,0.0575641
Model4,2pop,19,401,500,23,0.0773846
Model4,2pop,19,501,600,26,0.0980128
Model4,2pop,19,601,700,20,0.0729872
Model4,2pop,19,701,800,16,0.0612692
Model4,2pop,19,801,900,12,0.0386026
Model4,2pop,19,901,1000,17,0.0642564
Model4,2pop,1,1,100,11,0.0292308
Model4,2pop,1,101,200,9,0.0299615
Model4,2pop,1,201,300,9,0.0237821
Model4,2pop,1,301,400,13,0.0415897
Model4,2pop,1,401,500,4,0.00826923
Model4,2pop,1,501,600,6,0.0234744
Model4,2pop,1,601,700,8,0.0237821
Model4,2pop,1,701,800,8,0.0244744
Model4,2pop,1,801,900,11,0.0397692
Model4,2pop,1,901,1000,10,0.0242949
Model4,2pop,19,1,100,23,0.044641
Model4,2pop,19,101,200,13,0.0326026
Model4,2pop,19,201,300,19,0.0436154
Model4,2pop,19,301,400,16,0.0356667
Model4,2pop,19,401,500,10,0.0259744
Model4,2pop,19,501,600,24,0.0585897
Model4,2pop,19,601,700,23,0.0500128
Model4,2pop,19,701,800,10,0.0217179
Model4,2pop,19,801,900,15,0.0325385
Model4,2pop,19,901,1000,17,0.0350385
Model4,2pop,5,1,100,8,0.0149231
Model4,2pop,5,101,200,16,0.0340897
Model4,2pop,5,201,300,18,0.038859
Model4,2pop,5,301,400,16,0.0349487
Model4,2pop,5,401,500,16,0.0275385
Model4,2pop,5,501,600,12,0.0269103
Model4,2pop,5,601,700,20,0.0350513
Model4,2pop,5,701,800,5,0.0114744
Model4,2pop,5,801,900,2,0.00234615
Model4,2pop,5,901,1000,12,0.0234359
Model4,2pop,13,1,100,8,0.0255513
Model4,2pop,13,101,200,11,0.041
Model4,2pop,13,201,300,13,0.0414103
Model4,2pop,13,301,400,11,0.0326538
Model4,2pop,13,401,500,13,0.0337821
Model4,2pop,13,501,600,12,0.0276538
Model4,2pop,13,601,700,11,0.0321923
Model4,2pop,13,701,800,15,0.063359
Model4,2pop,13,801,900,13,0.0546538
Model4,2pop,13,901,1000,6,0.0131026
Model4,2pop,18,1,100,6,0.0230128
Model4,2pop,18,101,200,7,0.0173846
Model4,2pop,18,201,300,8,0.0221538
Model4,2pop,18,301,400,9,0.022359
Model4,2pop,18,401,500,12,0.0419615
Model4,2pop,18,501,600,12,0.0331282
Model4,2pop,18,601,700,11,0.0330256
Model4,2pop,18,701,800,6,0.0238718
Model4,2pop,18,801,900,9,0.0222051
Model4,2pop,18,901,1000,7,0.0216667
Model4,2pop,8,1,100,5,0.0136667
Model4,2pop,8,101,200,10,0.0328846
Model4,2pop,8,201,300,7,0.0223462
Model4,2pop,8,301,400,11,0.0260897
Model4,2pop,8,401,500,3,0.00824359
Model4,2pop,8,501,600,7,0.0131026
Model4,2pop,8,601,700,10,0.0329359
Model4,2pop,8,701,800,10,0.0193333
Model4,2pop,8,801,900,7,0.0202949
Model4,2pop,8,901,1000,11,0.0136154
Model4,2pop,15,1,100,13,0.0232821
Model4,2pop,15,101,200,13,0.0232949
Model4,2pop,15,201,300,7,0.0151538
Model4,2pop,15,301,400,5,0.00892308
Model4,2pop,15,401,500,16,0.0382436
Model4,2pop,15,501,600,14,0.0257436
Model4,2pop,15,601,700,14,0.0225513
Model4,2pop,15,701,800,9,0.0175128
Model4,2pop,15,801,900,12,0.022859
Model4,2pop,15,901,1000,9,0.0147821
Model4,2pop,7,1,100,10,0.0254487
Model4,2pop,7,101,200,10,0.0179872
Model4,2pop,7,201,300,11,0.022141
Model4,2pop,7,301,400,6,0.0158846
Model4,2pop,7,401,500,10,0.0216154
Model4,2pop,7,501,600,7,0.0172051
Model4,2pop,7,601,700,9,0.0269615
Model4,2pop,7,701,800,7,0.0181667
Model4,2pop,7,801,900,5,0.0132308
Model4,2pop,7,901,1000,9,0.0321667
Model4,2pop,16,1,100,18,0.0495897
Model4,2pop,16,101,200,18,0.0379615
Model4,2pop,16,201,300,20,0.0617821
Model4,2pop,16,301,400,13,0.0358333
Model4,2pop,16,401,500,20,0.0475641
Model4,2pop,16,501,600,19,0.0531667
Model4,2pop,16,601,700,18,0.0602308
Model4,2pop,16,701,800,21,0.0532436
Model4,2pop,16,801,900,16,0.0482051
Model4,2pop,16,901,1000,16,0.0404103
Model4,2pop,6,1,100,14,0.0235
Model4,2pop,6,101,200,15,0.0280769
Model4,2pop,6,201,300,9,0.0151923
Model4,2pop,6,301,400,9,0.0199615
Model4,2pop,6,401,500,9,0.0202821
Model4,2pop,6,501,600,8,0.0162051
Model4,2pop,6,601,700,10,0.0261923
Model4,2pop,6,701,800,8,0.0159872
Model4,2pop,6,801,900,6,0.0133205
Model4,2pop,6,901,1000,9,0.0120256
Model4,2pop,15,1,100,8,0.0182949
Model4,2pop,15,101,200,9,0.0180641
Model4,2pop,15,201,300,11,0.0189231
Model4,2pop,15,301,400,10,0.0175641
Model4,2pop,15,401,500,11,0.021641
Model4,2pop,15,501,600,13,0.0269872
Model4,2pop,15,601,700,11,0.0251923
Model4,2pop,15,701,800,13,0.0308974
Model4,2pop,15,801,900,13,0.0331282
Model4,2pop,15,901,1000,6,0.0162436
Model4,2pop,18,1,100,13,0.041
Model4,2pop,18,101,200,11,0.0355641
Model4,2pop,18,201,300,15,0.0330128
Model4,2pop,18,301,400,14,0.0367821
Model4,2pop,18,401,500,18,0.0509615
Model4,2pop,18,501,600,12,0.0411538
Model4,2pop,18,601,700,18,0.0464487
Model4,2pop,18,701,800,12,0.0327179
Model4,2pop,18,801,900,15,0.0436154
Model4,2pop,18,901,1000,15,0.0487308
Model4,2pop,19,1,100,9,0.0194744
Model4,2pop,19,101,200,12,0.0332692
Model4,2pop,19,201,300,6,0.0177308
Model4,2pop,19,301,400,12,0.0240641
Model4,2pop,19,401,500,8,0.0256154
Model4,2pop,19,501,600,5,0.0126923
Model4,2pop,19,601,700,9,0.0309359
Model4,2pop,19,701,800,9,0.0284487
Model4,2pop,19,801,900,9,0.0286282
Model4,2pop,19,901,1000,11,0.0256667
Model4,2pop,12,1,100,6,0.0209744
Model4,2pop,12,101,200,8,0.0221538
Model4,2pop,12,201,300,9,0.0289615
Model4,2pop,12,301,400,4,0.0102436
Model4,2pop,12,401,500,10,0.0276667
Model4,2pop,12,501,600,6,0.0146923
Model4,2pop,12,601,700,7,0.0212179
Model4,2pop,12,701,800,6,0.0183846
Model4,2pop,12,801,900,5,0.0166923
Model4,2pop,12,901,1000,5,0.00841026
Model4,2pop,1,1,100,10,0.0239487
Model4,2pop,1,101,200,9,0.0117692
Model4,2pop,1,201,300,7,0.0256282
Model4,2pop,1,301,400,7,0.0199872
Model4,2pop,1,401,500,12,0.0384615
Model4,2pop,1,501,600,15,0.0367436
Model4,2pop,1,601,700,11,0.0302821
Model4,2pop,1,701,800,10,0.035359
Model4,2pop,1,801,900,6,0.0149872
Model4,2pop,1,901,1000,8,0.0286154
Model4,2pop,7,1,100,21,0.0396154
Model4,2pop,7,101,200,17,0.0424231
Model4,2pop,7,201,300,33,0.0469615
Model4,2pop,7,301,400,19,0.0219872
Model4,2pop,7,401,500,26,0.0528974
Model4,2pop,7,501,600,21,0.0321154
Model4,2pop,7,601,700,22,0.0303974
Model4,2pop,7,701,800,17,0.0217821
Model4,2pop,7,801,900,33,0.0561154
Model4,2pop,7,901,1000,21,0.0320128
Model4,2pop,8,1,100,16,0.0328974
Model4,2pop,8,101,200,5,0.0101538
Model4,2pop,8,201,300,16,0.0226538
Model4,2pop,8,301,400,9,0.0165641
Model4,2pop,8,401,500,11,0.0140128
Model4,2pop,8,501,600,11,0.0221154
Model4,2pop,8,601,700,14,0.0220513
Model4,2pop,8,701,800,9,0.0187692
Model4,2pop,8,801,900,10,0.0185385
Model4,2pop,8,901,1000,9,0.0111026
Model4,2pop,3,1,100,14,0.0377051
Model4,2pop,3,101,200,13,0.0284359
Model4,2pop,3,201,300,13,0.0295641
Model4,2pop,3,301,400,7,0.0165897
Model4,2pop,3,401,500,10,0.0338846
Model4,2pop,3,501,600,15,0.0459872
Model4,2pop,3,601,700,11,0.0371538
Model4,2pop,3,701,800,20,0.0329487
Model4,2pop,3,801,900,14,0.0310385
Model4,2pop,3,901,1000,18,0.0511154
Model4,2pop,17,1,100,17,0.0452051
Model4,2pop,17,101,200,21,0.0601154
Model4,2pop,17,201,300,18,0.0561923
Model4,2pop,17,301,400,19,0.0723462
Model4,2pop,17,401,500,17,0.0692051
Model4,2pop,17,501,600,16,0.0520128
Model4,2pop,17,601,700,6,0.0236667
Model4,2pop,17,701,800,18,0.0641154
Model4,2pop,17,801,900,19,0.0623974
Model4,2pop,17,901,1000,14,0.0455128
Model4,2pop,13,1,100,13,0.0467436
Model4,2pop,13,101,200,12,0.0431923
Model4,2pop,13,201,300,16,0.0632436
Model4,2pop,13,301,400,14,0.0499615
Model4,2pop,13,401,500,21,0.0784487
Model4,2pop,13,501,600,8,0.0236667
Model4,2pop,13,601,700,13,0.0251667
Model4,2pop,13,701,800,14,0.0423077
Model4,2pop,13,801,900,19,0.0593974
Model4,2pop,13,901,1000,15,0.0487692
Model4,2pop,5,1,100,18,0.0496923
Model4,2pop,5,101,200,7,0.018
Model4,2pop,5,201,300,11,0.0298974
Model4,2pop,5,301,400,13,0.0305128
Model4,2pop,5,401,500,13,0.0396667
Model4,2pop,5,501,600,7,0.0141026
Model4,2pop,5,601,700,16,0.0382692
Model4,2pop,5,701,800,16,0.0347308
Model4,2pop,5,801,900,18,0.0555128
Model4,2pop,5,901,1000,16,0.038859
Model4,2pop,13,1,100,3,0.00782051
Model4,2pop,13,101,200,6,0.00442308
Model4,2pop,13,201,300,7,0.0090641
Model4,2pop,13,301,400,12,0.0234487
Model4,2pop,13,401,500,7,0.0133077
Model4,2pop,13,501,600,5,0.00519231
Model4,2pop,13,601,700,6,0.0174744
Model4,2pop,13,701,800,12,0.0133846
Model4,2pop,13,801,900,12,0.0277179
Model4,2pop,13,901,1000,7,0.00926923
Model4,2pop,1,1,100,20,0.0622179
Model4,2pop,1,101,200,21,0.0614359
Model4,2pop,1,201,300,16,0.0406154
Model4,2pop,1,301,400,22,0.0558077
Model4,2pop,1,401,500,18,0.0473333
Model4,2pop,1,501,600,18,0.0526667
Model4,2pop,1,601,700,14,0.0321282
Model4,2pop,1,701,800,16,0.0432436
Model4,2pop,1,801,900,13,0.0351282
Model4,2pop,1,901,1000,19,0.0559103
Model4,2pop,10,1,100,9,0.0131667
Model4,2pop,10,101,200,9,0.0147051
Model4,2pop,10,201,300,11,0.0304231
Model4,2pop,10,301,400,8,0.0125385
Model4,2pop,10,401,500,14,0.0249744
Model4,2pop,10,501,600,14,0.0245128
Model4,2pop,10,601,700,8,0.0276923
Model4,2pop,10,701,800,9,0.0298462
Model4,2pop,10,801,900,13,0.0285513
Model4,2pop,10,901,1000,11,0.0222821
Model4,2pop,14,1,100,11,0.0438974
Model4,2pop,14,101,200,12,0.0335128
Model4,2pop,14,201,300,10,0.0340641
Model4,2pop,14,301,400,12,0.0392821
Model4,2pop,14,401,500,13,0.0348333
Model4,2pop,14,501,600,15,0.0472564
Model4,2pop,14,601,700,9,0.0332051
Model4,2pop,14,701,800,9,0.0336282
Model4,2pop,14,801,900,7,0.0206795
Model4,2pop,14,901,1000,13,0.0365641
Model4,2pop,6,1,100,22,0.0479872
Model4,2pop,6,101,200,12,0.0209872
Model4,2pop,6,201,300,9,0.022859
Model4,2pop,6,301,400,13,0.0299103
Model4,2pop,6,401,500,11,0.0215769
Model4,2pop,6,501,600,13,0.0328846
Model4,2pop,6,601,700,8,0.0160128
Model4,2pop,6,701,800,10,0.0200128
Model4,2pop,6,801,900,16,0.0351667
Model4,2pop,6,901,1000,8,0.0167179
Model4,2pop,18,1,100,13,0.0334872
Model4,2pop,18,101,200,8,0.020859
Model4,2pop,18,201,300,12,0.0172692
Model4,2pop,18,301,400,15,0.0311667
Model4,2pop,18,401,500,16,0.0415641
Model4,2pop,18,501,600,18,0.0501282
Model4,2pop,18,601,700,18,0.0470256
Model4,2pop,18,701,800,11,0.0313462
Model4,2pop,18,801,900,15,0.0465513
Model4,2pop,18,901,1000,15,0.0288333
Model4,2pop,7,1,100,10,0.0199744
Model4,2pop,7,101,200,17,0.0348333
Model4,2pop,7,201,300,8,0.0140897
Model4,2pop,7,301,400,13,0.030141
Model4,2pop,7,401,500,15,0.0231667
Model4,2pop,7,501,600,8,0.0223974
Model4,2pop,7,601,700,14,0.0258974
Model4,2pop,7,701,800,12,0.0262051
Model4,2pop,7,801,900,12,0.0236923
Model4,2pop,7,901,1000,11,0.0184359
Model4,2pop,17,1,100,15,0.0310513
Model4,2pop,17,101,200,16,0.0358974
Model4,2pop,17,201,300,19,0.0463077
Model4,2pop,17,301,400,11,0.0253974
Model4,2pop,17,401,500,19,0.0450256
Model4,2pop,17,501,600,13,0.0212179
Model4,2pop,17,601,700,5,0.00961538
Model4,2pop,17,701,800,23,0.0505128
Model4,2pop,17,801,900,9,0.0191667
Model4,2pop,17,901,1000,13,0.0262308
Model4,2pop,15,1,100,9,0.0184103
Model4,2pop,15,101,200,8,0.0167436
Model4,2pop,15,201,300,19,0.0439231
Model4,2pop,15,301,400,6,0.0150128
Model4,2pop,15,401,500,3,0.0064359
Model4,2pop,15,501,600,12,0.0282821
Model4,2pop,15,601,700,9,0.0195769
Model4,2pop,15,701,800,8,0.0231795
Model4,2pop,15,801,900,10,0.0261026
Model4,2pop,15,901,1000,9,0.0214872
Model4,2pop,0,1,100,18,0.0342051
Model4,2pop,0,101,200,14,0.0295513
Model4,2pop,0,201,300,16,0.0274359
Model4,2pop,0,301,400,20,0.0372821
Model4,2pop,0,401,500,13,0.0401026
Model4,2pop,0,501,600,23,0.0473718
Model4,2pop,0,601,700,16,0.0305897
Model4,2pop,0,701,800,15,0.0322949
Model4,2pop,0,801,900,16,0.0327821
Model4,2pop,0,901,1000,20,0.0369103
Model4,2pop,16,1,100,13,0.0206667
Model4,2pop,16,101,200,12,0.0126282
Model4,2pop,16,201,300,18,0.0390128
Model4,2pop,16,301,400,14,0.0300513
Model4,2pop,16,401,500,11,0.0153974
Model4,2pop,16,501,600,21,0.0326923
Model4,2pop,16,601,700,10,0.0155385
Model4,2pop,16,701,800,9,0.0139103
Model4,2pop,16,801,900,15,0.028
Model4,2pop,16,901,1000,10,0.0111923
Model4,2pop,16,1,100,15,0.0513846
Model4,2pop,16,101,200,8,0.025141
Model4,2pop,16,201,300,9,0.0328718
Model4,2pop,16,301,400,11,0.0381538
Model4,2pop,16,401,500,17,0.0551923
Model4,2pop,16,501,600,8,0.0280769
Model4,2pop,16,601,700,9,0.0189231
Model4,2pop,16,701,800,10,0.0298333
Model4,2pop,16,801,900,6,0.0197179
Model4,2pop,16,901,1000,8,0.0241538
Model4,2pop,9,1,100,11,0.0435769
Model4,2pop,9,101,200,22,0.0725128
Model4,2pop,9,201,300,16,0.0545385
Model4,2pop,9,301,400,16,0.0441538
Model4,2pop,9,401,500,16,0.0562564
Model4,2pop,9,501,600,13,0.0394231
Model4,2pop,9,601,700,11,0.0323846
Model4,2pop,9,701,800,15,0.0537051
Model4,2pop,9,801,900,23,0.0914615
Model4,2pop,9,901,1000,14,0.0472564
Model4,2pop,17,1,100,9,0.0261923
Model4,2pop,17,101,200,14,0.0420897
Model4,2pop,17,201,300,10,0.0260769
Model4,2pop,17,301,400,12,0.0198462
Model4,2pop,17,401,500,7,0.0135513
Model4,2pop,17,501,600,9,0.0309103
Model4,2pop,17,601,700,11,0.023
Model4,2pop,17,701,800,10,0.0226923
Model4,2pop,17,801,900,13,0.0295
Model4,2pop,17,901,1000,5,0.00630769
Model4,2pop,10,1,100,8,0.0213333
Model4,2pop,10,101,200,6,0.0194615
Model4,2pop,10,201,300,13,0.0374103
Model4,2pop,10,301,400,9,0.019
Model4,2pop,10,401,500,9,0.0219615
Model4,2pop,10,501,600,15,0.0342692
Model4,2pop,10,601,700,7,0.0178077
Model4,2pop,10,701,800,18,0.0473205
Model4,2pop,10,801,900,10,0.0268205
Model4,2pop,10,901,1000,10,0.0232308
