Model,Pop,CHROM,BIN_START,BIN_END,N_VARIANTS,PI
Model5,2pop,12,1,100,14,0.0415769
Model5,2pop,12,101,200,9,0.0194615
Model5,2pop,12,201,300,6,0.010859
Model5,2pop,12,301,400,11,0.0255128
Model5,2pop,12,401,500,13,0.0316282
Model5,2pop,12,501,600,10,0.0200641
Model5,2pop,12,601,700,12,0.0293077
Model5,2pop,12,701,800,13,0.0428333
Model5,2pop,12,801,900,11,0.036141
Model5,2pop,12,901,1000,18,0.0510897
Model5,2pop,13,1,100,12,0.0522821
Model5,2pop,13,101,200,17,0.0672949
Model5,2pop,13,201,300,8,0.0296026
Model5,2pop,13,301,400,11,0.0470513
Model5,2pop,13,401,500,17,0.0683077
Model5,2pop,13,501,600,19,0.0732821
Model5,2pop,13,601,700,23,0.0928462
Model5,2pop,13,701,800,16,0.0668718
Model5,2pop,13,801,900,12,0.0456923
Model5,2pop,13,901,1000,17,0.0725
Model5,2pop,0,1,100,9,0.0171282
Model5,2pop,0,101,200,10,0.0150385
Model5,2pop,0,201,300,12,0.0253077
Model5,2pop,0,301,400,15,0.0354615
Model5,2pop,0,401,500,9,0.0229231
Model5,2pop,0,501,600,10,0.0272564
Model5,2pop,0,601,700,10,0.0163333
Model5,2pop,0,701,800,8,0.0140385
Model5,2pop,0,801,900,10,0.0192949
Model5,2pop,0,901,1000,9,0.0136923
Model5,2pop,3,1,100,9,0.0206923
Model5,2pop,3,101,200,8,0.0160641
Model5,2pop,3,201,300,10,0.0256026
Model5,2pop,3,301,400,13,0.0290769
Model5,2pop,3,401,500,4,0.00878205
Model5,2pop,3,501,600,11,0.0261154
Model5,2pop,3,601,700,5,0.0114487
Model5,2pop,3,701,800,2,0.00551282
Model5,2pop,3,801,900,6,0.0168718
Model5,2pop,3,901,1000,8,0.0138205
Model5,2pop,1,1,100,6,0.0191538
Model5,2pop,1,101,200,10,0.0182436
Model5,2pop,1,201,300,7,0.015859
Model5,2pop,1,301,400,11,0.0296923
Model5,2pop,1,401,500,9,0.00684615
Model5,2pop,1,501,600,10,0.0163974
Model5,2pop,1,601,700,9,0.0154103
Model5,2pop,1,701,800,8,0.0233462
Model5,2pop,1,801,900,7,0.0173333
Model5,2pop,1,901,1000,3,0.0119487
Model5,2pop,2,1,100,8,0.0235641
Model5,2pop,2,101,200,5,0.00619231
Model5,2pop,2,201,300,6,0.00884615
Model5,2pop,2,301,400,4,0.00692308
Model5,2pop,2,401,500,5,0.0107821
Model5,2pop,2,501,600,10,0.0164231
Model5,2pop,2,601,700,5,0.0125128
Model5,2pop,2,701,800,12,0.0201795
Model5,2pop,2,801,900,8,0.0137051
Model5,2pop,2,901,1000,8,0.0136667
Model5,2pop,14,1,100,7,0.0155641
Model5,2pop,14,101,200,4,0.00588462
Model5,2pop,14,201,300,5,0.00697436
Model5,2pop,14,301,400,6,0.00955128
Model5,2pop,14,401,500,6,0.00946154
Model5,2pop,14,501,600,5,0.0054359
Model5,2pop,14,601,700,4,0.00421795
Model5,2pop,14,701,800,6,0.014
Model5,2pop,14,801,900,2,0.00147436
Model5,2pop,14,901,1000,9,0.0182179
Model5,2pop,9,1,100,7,0.0225128
Model5,2pop,9,101,200,12,0.0413077
Model5,2pop,9,201,300,9,0.0236154
Model5,2pop,9,301,400,10,0.0311538
Model5,2pop,9,401,500,16,0.0527564
Model5,2pop,9,501,600,12,0.0347436
Model5,2pop,9,601,700,9,0.0342949
Model5,2pop,9,701,800,11,0.0387949
Model5,2pop,9,801,900,13,0.0319231
Model5,2pop,9,901,1000,9,0.0278077
Model5,2pop,16,1,100,15,0.0254615
Model5,2pop,16,101,200,4,0.00434615
Model5,2pop,16,201,300,8,0.0135897
Model5,2pop,16,301,400,15,0.0269872
Model5,2pop,16,401,500,2,0.00523077
Model5,2pop,16,501,600,3,0.00597436
Model5,2pop,16,601,700,8,0.0101795
Model5,2pop,16,701,800,11,0.013
Model5,2pop,16,801,900,3,0.00916667
Model5,2pop,16,901,1000,12,0.0216282
Model5,2pop,18,1,100,25,0.0670256
Model5,2pop,18,101,200,15,0.0394231
Model5,2pop,18,201,300,17,0.0533974
Model5,2pop,18,301,400,32,0.0889487
Model5,2pop,18,401,500,19,0.0533846
Model5,2pop,18,501,600,19,0.0509744
Model5,2pop,18,601,700,17,0.0413333
Model5,2pop,18,701,800,19,0.0535513
Model5,2pop,18,801,900,18,0.0501795
Model5,2pop,18,901,1000,14,0.0281282
Model5,2pop,11,1,100,16,0.0391667
Model5,2pop,11,101,200,9,0.0222564
Model5,2pop,11,201,300,10,0.0245
Model5,2pop,11,301,400,10,0.0238846
Model5,2pop,11,401,500,10,0.0213077
Model5,2pop,11,501,600,9,0.0222436
Model5,2pop,11,601,700,8,0.012
Model5,2pop,11,701,800,7,0.0169487
Model5,2pop,11,801,900,10,0.0174615
Model5,2pop,11,901,1000,13,0.0251282
Model5,2pop,10,1,100,18,0.0478718
Model5,2pop,10,101,200,17,0.0478462
Model5,2pop,10,201,300,17,0.0471795
Model5,2pop,10,301,400,12,0.0310769
Model5,2pop,10,401,500,25,0.0785128
Model5,2pop,10,501,600,11,0.0231795
Model5,2pop,10,601,700,13,0.0420128
Model5,2pop,10,701,800,15,0.0564103
Model5,2pop,10,801,900,23,0.0672949
Model5,2pop,10,901,1000,19,0.0608974
Model5,2pop,17,1,100,7,0.0205897
Model5,2pop,17,101,200,10,0.0182692
Model5,2pop,17,201,300,10,0.017
Model5,2pop,17,301,400,6,0.0162821
Model5,2pop,17,401,500,9,0.0250385
Model5,2pop,17,501,600,9,0.0249744
Model5,2pop,17,601,700,12,0.0378974
Model5,2pop,17,701,800,6,0.0133462
Model5,2pop,17,801,900,17,0.0424103
Model5,2pop,17,901,1000,9,0.0248974
Model5,2pop,1,1,100,15,0.0346026
Model5,2pop,1,101,200,15,0.0533333
Model5,2pop,1,201,300,15,0.0348462
Model5,2pop,1,301,400,8,0.0282821
Model5,2pop,1,401,500,16,0.0363846
Model5,2pop,1,501,600,12,0.0293974
Model5,2pop,1,601,700,16,0.0359487
Model5,2pop,1,701,800,15,0.0287949
Model5,2pop,1,801,900,14,0.0341538
Model5,2pop,1,901,1000,15,0.0380385
Model5,2pop,11,1,100,8,0.0242051
Model5,2pop,11,101,200,9,0.0138333
Model5,2pop,11,201,300,9,0.0228205
Model5,2pop,11,301,400,6,0.0157308
Model5,2pop,11,401,500,10,0.0244231
Model5,2pop,11,501,600,16,0.0313846
Model5,2pop,11,601,700,12,0.0264231
Model5,2pop,11,701,800,12,0.0293205
Model5,2pop,11,801,900,8,0.0142949
Model5,2pop,11,901,1000,10,0.0285897
Model5,2pop,17,1,100,7,0.00964103
Model5,2pop,17,101,200,9,0.0246923
Model5,2pop,17,201,300,11,0.0238462
Model5,2pop,17,301,400,10,0.0369103
Model5,2pop,17,401,500,11,0.0261923
Model5,2pop,17,501,600,9,0.0239744
Model5,2pop,17,601,700,6,0.00846154
Model5,2pop,17,701,800,9,0.0231795
Model5,2pop,17,801,900,9,0.0246154
Model5,2pop,17,901,1000,7,0.0217179
Model5,2pop,2,1,100,14,0.0336154
Model5,2pop,2,101,200,12,0.0256795
Model5,2pop,2,201,300,13,0.0259872
Model5,2pop,2,301,400,15,0.0338333
Model5,2pop,2,401,500,13,0.0279615
Model5,2pop,2,501,600,13,0.0398846
Model5,2pop,2,601,700,7,0.0124359
Model5,2pop,2,701,800,10,0.0206282
Model5,2pop,2,801,900,13,0.0183205
Model5,2pop,2,901,1000,10,0.0154231
Model5,2pop,10,1,100,17,0.0340641
Model5,2pop,10,101,200,14,0.0413205
Model5,2pop,10,201,300,16,0.0384231
Model5,2pop,10,301,400,18,0.0503077
Model5,2pop,10,401,500,11,0.0246282
Model5,2pop,10,501,600,14,0.0390128
Model5,2pop,10,601,700,16,0.0332179
Model5,2pop,10,701,800,17,0.0542179
Model5,2pop,10,801,900,16,0.0416923
Model5,2pop,10,901,1000,16,0.0333077
Model5,2pop,5,1,100,12,0.0373205
Model5,2pop,5,101,200,14,0.0349231
Model5,2pop,5,201,300,17,0.0443846
Model5,2pop,5,301,400,16,0.0548205
Model5,2pop,5,401,500,8,0.0172436
Model5,2pop,5,501,600,17,0.0440513
Model5,2pop,5,601,700,12,0.0254487
Model5,2pop,5,701,800,10,0.0304103
Model5,2pop,5,801,900,15,0.0418974
Model5,2pop,5,901,1000,11,0.0418077
Model5,2pop,6,1,100,5,0.00830769
Model5,2pop,6,101,200,6,0.00989744
Model5,2pop,6,201,300,10,0.0161795
Model5,2pop,6,301,400,6,0.0154231
Model5,2pop,6,401,500,10,0.0216282
Model5,2pop,6,501,600,6,0.0135256
Model5,2pop,6,701,800,7,0.00910256
Model5,2pop,6,801,900,6,0.0106795
Model5,2pop,6,901,1000,7,0.0123333
Model5,2pop,19,1,100,10,0.0213718
Model5,2pop,19,101,200,11,0.0366795
Model5,2pop,19,201,300,9,0.0299231
Model5,2pop,19,301,400,10,0.0415
Model5,2pop,19,401,500,13,0.0307564
Model5,2pop,19,501,600,16,0.0490769
Model5,2pop,19,601,700,9,0.0335
Model5,2pop,19,701,800,20,0.0623205
Model5,2pop,19,801,900,14,0.0415897
Model5,2pop,19,901,1000,7,0.0197949
Model5,2pop,3,1,100,12,0.0239615
Model5,2pop,3,101,200,9,0.0220897
Model5,2pop,3,201,300,6,0.00791026
Model5,2pop,3,301,400,12,0.0261026
Model5,2pop,3,401,500,9,0.0238205
Model5,2pop,3,501,600,10,0.0188205
Model5,2pop,3,601,700,11,0.0263974
Model5,2pop,3,701,800,7,0.0172564
Model5,2pop,3,801,900,7,0.00983333
Model5,2pop,3,901,1000,7,0.0283846
Model5,2pop,4,1,100,7,0.0150128
Model5,2pop,4,101,200,10,0.0279615
Model5,2pop,4,201,300,7,0.0279744
Model5,2pop,4,301,400,9,0.0142308
Model5,2pop,4,401,500,5,0.0122436
Model5,2pop,4,501,600,13,0.0254872
Model5,2pop,4,601,700,13,0.0198333
Model5,2pop,4,701,800,13,0.0300128
Model5,2pop,4,801,900,10,0.0261667
Model5,2pop,4,901,1000,9,0.0117436
Model5,2pop,11,1,100,10,0.0185256
Model5,2pop,11,101,200,9,0.0215769
Model5,2pop,11,201,300,7,0.0137821
Model5,2pop,11,301,400,4,0.00723077
Model5,2pop,11,401,500,9,0.0179359
Model5,2pop,11,501,600,5,0.0105897
Model5,2pop,11,601,700,6,0.00944872
Model5,2pop,11,701,800,5,0.00789744
Model5,2pop,11,801,900,16,0.0420256
Model5,2pop,11,901,1000,7,0.0147949
Model5,2pop,14,1,100,12,0.0179744
Model5,2pop,14,101,200,17,0.0430128
Model5,2pop,14,201,300,8,0.0126154
Model5,2pop,14,301,400,14,0.0179744
Model5,2pop,14,401,500,15,0.0218205
Model5,2pop,14,501,600,17,0.0257821
Model5,2pop,14,601,700,11,0.0151923
Model5,2pop,14,701,800,17,0.030859
Model5,2pop,14,801,900,16,0.0271538
Model5,2pop,14,901,1000,15,0.0239872
Model5,2pop,17,1,100,12,0.0157179
Model5,2pop,17,101,200,13,0.0222692
Model5,2pop,17,201,300,12,0.0187949
Model5,2pop,17,301,400,14,0.0258974
Model5,2pop,17,401,500,16,0.0332051
Model5,2pop,17,501,600,9,0.0151667
Model5,2pop,17,601,700,11,0.0171282
Model5,2pop,17,701,800,8,0.0183974
Model5,2pop,17,801,900,17,0.0337821
Model5,2pop,17,901,1000,14,0.0292564
Model5,2pop,19,1,100,8,0.0265897
Model5,2pop,19,101,200,12,0.0369487
Model5,2pop,19,201,300,15,0.0597308
Model5,2pop,19,301,400,15,0.0446923
Model5,2pop,19,401,500,10,0.0318205
Model5,2pop,19,501,600,5,0.0131923
Model5,2pop,19,601,700,10,0.031859
Model5,2pop,19,701,800,11,0.0348718
Model5,2pop,19,801,900,13,0.0394615
Model5,2pop,19,901,1000,13,0.0533462
Model5,2pop,8,1,100,11,0.0313333
Model5,2pop,8,101,200,11,0.0287692
Model5,2pop,8,201,300,12,0.0330641
Model5,2pop,8,301,400,10,0.0271282
Model5,2pop,8,401,500,13,0.0374359
Model5,2pop,8,501,600,13,0.0362308
Model5,2pop,8,601,700,14,0.0363077
Model5,2pop,8,701,800,7,0.0219744
Model5,2pop,8,801,900,12,0.0372692
Model5,2pop,8,901,1000,19,0.0555897
Model5,2pop,17,1,100,14,0.0368077
Model5,2pop,17,101,200,14,0.0314744
Model5,2pop,17,201,300,13,0.0388205
Model5,2pop,17,301,400,15,0.0297949
Model5,2pop,17,401,500,15,0.0451282
Model5,2pop,17,501,600,12,0.0316923
Model5,2pop,17,601,700,13,0.0306923
Model5,2pop,17,701,800,10,0.0279744
Model5,2pop,17,801,900,12,0.0291154
Model5,2pop,17,901,1000,9,0.0172179
Model5,2pop,3,1,100,8,0.0106282
Model5,2pop,3,101,200,12,0.023
Model5,2pop,3,201,300,8,0.0174359
Model5,2pop,3,301,400,13,0.0254872
Model5,2pop,3,401,500,8,0.019359
Model5,2pop,3,501,600,1,0.00142308
Model5,2pop,3,601,700,9,0.0249744
Model5,2pop,3,701,800,11,0.0226154
Model5,2pop,3,801,900,6,0.00558974
Model5,2pop,3,901,1000,9,0.0143462
Model5,2pop,13,1,100,20,0.0739359
Model5,2pop,13,101,200,18,0.0561538
Model5,2pop,13,201,300,15,0.0437821
Model5,2pop,13,301,400,11,0.0418205
Model5,2pop,13,401,500,18,0.0662692
Model5,2pop,13,501,600,15,0.0631667
Model5,2pop,13,601,700,18,0.0532949
Model5,2pop,13,701,800,11,0.0335128
Model5,2pop,13,801,900,15,0.0526154
Model5,2pop,13,901,1000,14,0.0467051
Model5,2pop,13,1,100,10,0.0240385
Model5,2pop,13,101,200,7,0.0144103
Model5,2pop,13,201,300,15,0.0342436
Model5,2pop,13,301,400,9,0.0167692
Model5,2pop,13,401,500,11,0.0146026
Model5,2pop,13,501,600,7,0.0199231
Model5,2pop,13,601,700,14,0.0237692
Model5,2pop,13,701,800,13,0.0169231
Model5,2pop,13,801,900,9,0.0217949
Model5,2pop,13,901,1000,18,0.034641
Model5,2pop,10,1,100,8,0.0199487
Model5,2pop,10,101,200,7,0.0107051
Model5,2pop,10,201,300,12,0.0451282
Model5,2pop,10,301,400,16,0.0412308
Model5,2pop,10,401,500,13,0.0363205
Model5,2pop,10,501,600,15,0.0345897
Model5,2pop,10,601,700,17,0.0502051
Model5,2pop,10,701,800,14,0.0270641
Model5,2pop,10,801,900,9,0.0263077
Model5,2pop,10,901,1000,13,0.0366026
Model5,2pop,11,1,100,16,0.0367564
Model5,2pop,11,101,200,28,0.0762436
Model5,2pop,11,201,300,21,0.052
Model5,2pop,11,301,400,20,0.0505128
Model5,2pop,11,401,500,13,0.0290513
Model5,2pop,11,501,600,16,0.0307051
Model5,2pop,11,601,700,18,0.0440385
Model5,2pop,11,701,800,14,0.0423333
Model5,2pop,11,801,900,18,0.0398462
Model5,2pop,11,901,1000,20,0.0537051
Model5,2pop,11,1,100,11,0.0259231
Model5,2pop,11,101,200,8,0.012141
Model5,2pop,11,201,300,12,0.0291538
Model5,2pop,11,301,400,8,0.032641
Model5,2pop,11,401,500,4,0.0107821
Model5,2pop,11,501,600,5,0.00988462
Model5,2pop,11,601,700,6,0.0138077
Model5,2pop,11,701,800,7,0.0119103
Model5,2pop,11,801,900,4,0.0144615
Model5,2pop,11,901,1000,4,0.0101154
Model5,2pop,15,1,100,13,0.0360385
Model5,2pop,15,101,200,12,0.0272179
Model5,2pop,15,201,300,12,0.0303974
Model5,2pop,15,301,400,15,0.0365641
Model5,2pop,15,401,500,17,0.0404744
Model5,2pop,15,501,600,11,0.0322564
Model5,2pop,15,601,700,7,0.0179487
Model5,2pop,15,701,800,11,0.0227821
Model5,2pop,15,801,900,12,0.0276538
Model5,2pop,15,901,1000,9,0.0297308
Model5,2pop,19,1,100,7,0.00696154
Model5,2pop,19,101,200,8,0.00982051
Model5,2pop,19,201,300,10,0.00729487
Model5,2pop,19,301,400,5,0.00711538
Model5,2pop,19,401,500,12,0.0163718
Model5,2pop,19,501,600,11,0.0108462
Model5,2pop,19,601,700,11,0.00935897
Model5,2pop,19,701,800,10,0.0137436
Model5,2pop,19,801,900,5,0.0025
Model5,2pop,19,901,1000,8,0.00797436
Model5,2pop,5,1,100,12,0.0310897
Model5,2pop,5,101,200,26,0.0645897
Model5,2pop,5,201,300,18,0.0690385
Model5,2pop,5,301,400,14,0.0362308
Model5,2pop,5,401,500,20,0.0503077
Model5,2pop,5,501,600,17,0.0401538
Model5,2pop,5,601,700,14,0.0411538
Model5,2pop,5,701,800,16,0.0466282
Model5,2pop,5,801,900,15,0.0489103
Model5,2pop,5,901,1000,17,0.0463846
Model5,2pop,13,1,100,12,0.0234872
Model5,2pop,13,101,200,6,0.00392308
Model5,2pop,13,201,300,9,0.0193077
Model5,2pop,13,301,400,13,0.0298974
Model5,2pop,13,401,500,12,0.0314359
Model5,2pop,13,501,600,10,0.0249615
Model5,2pop,13,601,700,6,0.0118718
Model5,2pop,13,701,800,5,0.0161538
Model5,2pop,13,801,900,10,0.028359
Model5,2pop,13,901,1000,9,0.0209487
Model5,2pop,13,1,100,8,0.036641
Model5,2pop,13,101,200,13,0.0432949
Model5,2pop,13,201,300,9,0.0247692
Model5,2pop,13,301,400,9,0.0185769
Model5,2pop,13,401,500,11,0.0392308
Model5,2pop,13,501,600,10,0.0300769
Model5,2pop,13,601,700,5,0.00730769
Model5,2pop,13,701,800,6,0.0184872
Model5,2pop,13,801,900,4,0.0205128
Model5,2pop,13,901,1000,9,0.0280641
Model5,2pop,15,1,100,14,0.0232179
Model5,2pop,15,101,200,14,0.0178205
Model5,2pop,15,201,300,13,0.0171667
Model5,2pop,15,301,400,12,0.0216667
Model5,2pop,15,401,500,13,0.0364359
Model5,2pop,15,501,600,15,0.0300256
Model5,2pop,15,601,700,10,0.0144359
Model5,2pop,15,701,800,11,0.0157949
Model5,2pop,15,801,900,12,0.019141
Model5,2pop,15,901,1000,20,0.0246154
Model5,2pop,0,1,100,9,0.0173462
Model5,2pop,0,101,200,7,0.0115513
Model5,2pop,0,201,300,8,0.014
Model5,2pop,0,301,400,12,0.0277564
Model5,2pop,0,401,500,8,0.0140897
Model5,2pop,0,501,600,9,0.0192692
Model5,2pop,0,601,700,11,0.0209615
Model5,2pop,0,701,800,13,0.0230385
Model5,2pop,0,801,900,12,0.0198205
Model5,2pop,0,901,1000,10,0.0172949
Model5,2pop,3,1,100,18,0.0305897
Model5,2pop,3,101,200,14,0.0239231
Model5,2pop,3,201,300,12,0.0323205
Model5,2pop,3,301,400,10,0.019
Model5,2pop,3,401,500,19,0.0332436
Model5,2pop,3,501,600,13,0.0254872
Model5,2pop,3,601,700,17,0.048641
Model5,2pop,3,701,800,16,0.0367179
Model5,2pop,3,801,900,15,0.0309744
Model5,2pop,3,901,1000,18,0.0406923
Model5,2pop,15,1,100,8,0.0124487
Model5,2pop,15,101,200,17,0.0274615
Model5,2pop,15,201,300,11,0.0212179
Model5,2pop,15,301,400,11,0.0269103
Model5,2pop,15,401,500,7,0.0115385
Model5,2pop,15,501,600,15,0.0465256
Model5,2pop,15,601,700,15,0.033141
Model5,2pop,15,701,800,12,0.0291923
Model5,2pop,15,801,900,11,0.0163974
Model5,2pop,15,901,1000,16,0.0454231
Model5,2pop,19,1,100,14,0.0491667
Model5,2pop,19,101,200,25,0.0925641
Model5,2pop,19,201,300,19,0.0722949
Model5,2pop,19,301,400,22,0.0627949
Model5,2pop,19,401,500,21,0.0847436
Model5,2pop,19,501,600,19,0.0730513
Model5,2pop,19,601,700,28,0.105962
Model5,2pop,19,701,800,22,0.0807436
Model5,2pop,19,801,900,22,0.0658077
Model5,2pop,19,901,1000,26,0.0975513
Model5,2pop,16,1,100,9,0.0162821
Model5,2pop,16,101,200,15,0.0346795
Model5,2pop,16,201,300,9,0.017141
Model5,2pop,16,301,400,17,0.0336538
Model5,2pop,16,401,500,13,0.024141
Model5,2pop,16,501,600,8,0.0164872
Model5,2pop,16,601,700,8,0.0171923
Model5,2pop,16,701,800,10,0.0172179
Model5,2pop,16,801,900,12,0.0278974
Model5,2pop,16,901,1000,12,0.0187308
Model5,2pop,8,1,100,13,0.0345256
Model5,2pop,8,101,200,13,0.0348462
Model5,2pop,8,201,300,13,0.0255897
Model5,2pop,8,301,400,16,0.0378974
Model5,2pop,8,401,500,15,0.0217051
Model5,2pop,8,501,600,14,0.0322949
Model5,2pop,8,601,700,9,0.0204744
Model5,2pop,8,701,800,10,0.0279487
Model5,2pop,8,801,900,13,0.0335513
Model5,2pop,8,901,1000,14,0.0253974
Model5,2pop,12,1,100,8,0.0169615
Model5,2pop,12,101,200,6,0.00925641
Model5,2pop,12,201,300,8,0.00994872
Model5,2pop,12,301,400,7,0.0115128
Model5,2pop,12,401,500,7,0.00896154
Model5,2pop,12,501,600,8,0.0136795
Model5,2pop,12,601,700,8,0.0156538
Model5,2pop,12,701,800,8,0.014141
Model5,2pop,12,801,900,16,0.0245256
Model5,2pop,12,901,1000,7,0.0100769
Model5,2pop,17,1,100,9,0.0215641
Model5,2pop,17,101,200,16,0.0269872
Model5,2pop,17,201,300,9,0.0241154
Model5,2pop,17,301,400,8,0.0278333
Model5,2pop,17,401,500,14,0.0327051
Model5,2pop,17,501,600,7,0.0130769
Model5,2pop,17,601,700,13,0.0367308
Model5,2pop,17,701,800,8,0.0184359
Model5,2pop,17,801,900,13,0.0431282
Model5,2pop,17,901,1000,11,0.0267821
Model5,2pop,7,1,100,12,0.0234872
Model5,2pop,7,101,200,6,0.00392308
Model5,2pop,7,201,300,9,0.0193077
Model5,2pop,7,301,400,13,0.0298974
Model5,2pop,7,401,500,12,0.0314359
Model5,2pop,7,501,600,10,0.0249615
Model5,2pop,7,601,700,6,0.0118718
Model5,2pop,7,701,800,5,0.0161538
Model5,2pop,7,801,900,10,0.028359
Model5,2pop,7,901,1000,9,0.0209487
Model5,2pop,0,1,100,16,0.0277692
Model5,2pop,0,101,200,14,0.0342308
Model5,2pop,0,201,300,8,0.0148974
Model5,2pop,0,301,400,12,0.0156923
Model5,2pop,0,401,500,8,0.00582051
Model5,2pop,0,501,600,8,0.0165769
Model5,2pop,0,601,700,8,0.0213462
Model5,2pop,0,701,800,13,0.0199103
Model5,2pop,0,801,900,9,0.015859
Model5,2pop,0,901,1000,15,0.0233846
Model5,2pop,13,1,100,15,0.0307308
Model5,2pop,13,101,200,15,0.0381154
Model5,2pop,13,201,300,15,0.0414872
Model5,2pop,13,301,400,14,0.0454359
Model5,2pop,13,401,500,19,0.0474359
Model5,2pop,13,501,600,19,0.0555
Model5,2pop,13,601,700,17,0.0524487
Model5,2pop,13,701,800,22,0.0479744
Model5,2pop,13,801,900,13,0.0272949
Model5,2pop,13,901,1000,13,0.0236538
Model5,2pop,1,1,100,14,0.0439103
Model5,2pop,1,101,200,16,0.0430769
Model5,2pop,1,201,300,15,0.0367051
Model5,2pop,1,301,400,7,0.0170641
Model5,2pop,1,401,500,15,0.042359
Model5,2pop,1,501,600,18,0.0513718
Model5,2pop,1,601,700,14,0.0338205
Model5,2pop,1,701,800,10,0.0165513
Model5,2pop,1,801,900,17,0.0412564
Model5,2pop,1,901,1000,12,0.0246667
Model5,2pop,1,1,100,13,0.0482821
Model5,2pop,1,101,200,12,0.0371026
Model5,2pop,1,201,300,19,0.0556154
Model5,2pop,1,301,400,16,0.0513333
Model5,2pop,1,401,500,16,0.0619872
Model5,2pop,1,501,600,15,0.0576667
Model5,2pop,1,601,700,16,0.0632692
Model5,2pop,1,701,800,13,0.0455385
Model5,2pop,1,801,900,16,0.0670513
Model5,2pop,1,901,1000,19,0.0677949
Model5,2pop,14,1,100,17,0.0531282
Model5,2pop,14,101,200,27,0.0965513
Model5,2pop,14,201,300,19,0.0625769
Model5,2pop,14,301,400,16,0.0532436
Model5,2pop,14,401,500,20,0.0652436
Model5,2pop,14,501,600,13,0.0436282
Model5,2pop,14,601,700,23,0.0715769
Model5,2pop,14,701,800,31,0.109782
Model5,2pop,14,801,900,26,0.0860897
Model5,2pop,14,901,1000,20,0.0666667
Model5,2pop,15,1,100,15,0.0453462
Model5,2pop,15,101,200,11,0.0289744
Model5,2pop,15,201,300,8,0.0169615
Model5,2pop,15,301,400,10,0.0238333
Model5,2pop,15,401,500,18,0.0487051
Model5,2pop,15,501,600,16,0.0337179
Model5,2pop,15,601,700,13,0.0286667
Model5,2pop,15,701,800,14,0.0262436
Model5,2pop,15,801,900,11,0.0320897
Model5,2pop,15,901,1000,10,0.0196795
Model5,2pop,17,1,100,7,0.0134744
Model5,2pop,17,101,200,7,0.0211667
Model5,2pop,17,201,300,8,0.0277949
Model5,2pop,17,301,400,10,0.0368846
Model5,2pop,17,401,500,13,0.0433718
Model5,2pop,17,501,600,5,0.0157179
Model5,2pop,17,601,700,9,0.0204231
Model5,2pop,17,701,800,8,0.0248462
Model5,2pop,17,801,900,4,0.00901282
Model5,2pop,17,901,1000,11,0.0339872
Model5,2pop,16,1,100,10,0.0181923
Model5,2pop,16,101,200,11,0.0441795
Model5,2pop,16,201,300,16,0.0620128
Model5,2pop,16,301,400,13,0.033359
Model5,2pop,16,401,500,13,0.0332692
Model5,2pop,16,501,600,8,0.0378333
Model5,2pop,16,601,700,15,0.0539359
Model5,2pop,16,701,800,7,0.0130641
Model5,2pop,16,801,900,9,0.0237692
Model5,2pop,16,901,1000,12,0.0154615
Model5,2pop,3,1,100,19,0.0572692
Model5,2pop,3,101,200,12,0.0320641
Model5,2pop,3,201,300,19,0.0765256
Model5,2pop,3,301,400,15,0.0359487
Model5,2pop,3,401,500,19,0.0680769
Model5,2pop,3,501,600,17,0.0610641
Model5,2pop,3,601,700,15,0.0474231
Model5,2pop,3,701,800,15,0.0560641
Model5,2pop,3,801,900,16,0.0540385
Model5,2pop,3,901,1000,15,0.0439615
Model5,2pop,19,1,100,16,0.0534359
Model5,2pop,19,101,200,13,0.0335513
Model5,2pop,19,201,300,11,0.0417692
Model5,2pop,19,301,400,10,0.0410128
Model5,2pop,19,401,500,10,0.037641
Model5,2pop,19,501,600,13,0.0436026
Model5,2pop,19,601,700,19,0.0657051
Model5,2pop,19,701,800,14,0.0555385
Model5,2pop,19,801,900,14,0.0458718
Model5,2pop,19,901,1000,19,0.0690897
Model5,2pop,4,1,100,9,0.0279359
Model5,2pop,4,101,200,10,0.0334744
Model5,2pop,4,201,300,9,0.0293718
Model5,2pop,4,301,400,16,0.0501154
Model5,2pop,4,401,500,13,0.0342051
Model5,2pop,4,501,600,14,0.0465641
Model5,2pop,4,601,700,10,0.0345897
Model5,2pop,4,701,800,15,0.0477564
Model5,2pop,4,801,900,7,0.0304744
Model5,2pop,4,901,1000,12,0.0344103
Model5,2pop,6,1,100,13,0.0348846
Model5,2pop,6,101,200,15,0.0442308
Model5,2pop,6,201,300,11,0.0215256
Model5,2pop,6,301,400,16,0.0529103
Model5,2pop,6,401,500,14,0.0387051
Model5,2pop,6,501,600,15,0.0276154
Model5,2pop,6,601,700,13,0.0397564
Model5,2pop,6,701,800,11,0.0217308
Model5,2pop,6,801,900,14,0.0232436
Model5,2pop,6,901,1000,19,0.0616923
Model5,2pop,4,1,100,9,0.0276282
Model5,2pop,4,101,200,13,0.0405385
Model5,2pop,4,201,300,8,0.0177436
Model5,2pop,4,301,400,8,0.0257564
Model5,2pop,4,401,500,5,0.0216026
Model5,2pop,4,501,600,17,0.0491282
Model5,2pop,4,601,700,13,0.0428718
Model5,2pop,4,701,800,8,0.0229231
Model5,2pop,4,801,900,7,0.0209487
Model5,2pop,4,901,1000,8,0.0263205
Model5,2pop,18,1,100,7,0.00444872
Model5,2pop,18,101,200,10,0.00687179
Model5,2pop,18,201,300,9,0.0111282
Model5,2pop,18,301,400,5,0.0065
Model5,2pop,18,401,500,5,0.00635897
Model5,2pop,18,501,600,5,0.00574359
Model5,2pop,18,601,700,5,0.00985897
Model5,2pop,18,701,800,4,0.00561538
Model5,2pop,18,801,900,4,0.00434615
Model5,2pop,18,901,1000,4,0.00932051
Model5,2pop,5,1,100,14,0.0306026
Model5,2pop,5,101,200,19,0.0307436
Model5,2pop,5,201,300,8,0.0167692
Model5,2pop,5,301,400,13,0.0172308
Model5,2pop,5,401,500,14,0.034141
Model5,2pop,5,501,600,12,0.0144487
Model5,2pop,5,601,700,16,0.0365897
Model5,2pop,5,701,800,11,0.0190385
Model5,2pop,5,801,900,20,0.0343846
Model5,2pop,5,901,1000,12,0.0144359
Model5,2pop,3,1,100,11,0.0243077
Model5,2pop,3,101,200,5,0.0148974
Model5,2pop,3,201,300,10,0.017
Model5,2pop,3,301,400,7,0.0139231
Model5,2pop,3,401,500,11,0.0202436
Model5,2pop,3,501,600,12,0.0246282
Model5,2pop,3,601,700,8,0.0155769
Model5,2pop,3,701,800,9,0.0155897
Model5,2pop,3,801,900,12,0.0224487
Model5,2pop,3,901,1000,5,0.014
Model5,2pop,4,1,100,17,0.0505
Model5,2pop,4,101,200,20,0.0564359
Model5,2pop,4,201,300,11,0.0381667
Model5,2pop,4,301,400,8,0.0154744
Model5,2pop,4,401,500,7,0.0190513
Model5,2pop,4,501,600,9,0.0231538
Model5,2pop,4,601,700,7,0.0205128
Model5,2pop,4,701,800,12,0.0450256
Model5,2pop,4,801,900,14,0.0457564
Model5,2pop,4,901,1000,9,0.0150256
Model5,2pop,12,1,100,12,0.0208718
Model5,2pop,12,101,200,13,0.0247179
Model5,2pop,12,201,300,10,0.0158333
Model5,2pop,12,301,400,5,0.0128333
Model5,2pop,12,401,500,9,0.0247692
Model5,2pop,12,501,600,12,0.0226282
Model5,2pop,12,601,700,11,0.0207051
Model5,2pop,12,701,800,7,0.00894872
Model5,2pop,12,801,900,7,0.0147692
Model5,2pop,12,901,1000,8,0.0157308
Model5,2pop,8,1,100,8,0.0119615
Model5,2pop,8,101,200,13,0.0127564
Model5,2pop,8,201,300,11,0.0114872
Model5,2pop,8,301,400,6,0.00751282
Model5,2pop,8,401,500,9,0.00807692
Model5,2pop,8,501,600,9,0.0149231
Model5,2pop,8,601,700,10,0.0135641
Model5,2pop,8,701,800,10,0.0139103
Model5,2pop,8,801,900,12,0.0125897
Model5,2pop,8,901,1000,14,0.0147692
Model5,2pop,0,1,100,29,0.0652308
Model5,2pop,0,101,200,14,0.0372051
Model5,2pop,0,201,300,20,0.0470128
Model5,2pop,0,301,400,18,0.0441923
Model5,2pop,0,401,500,10,0.0220641
Model5,2pop,0,501,600,16,0.0378077
Model5,2pop,0,601,700,23,0.0526154
Model5,2pop,0,701,800,14,0.0407564
Model5,2pop,0,801,900,20,0.0507308
Model5,2pop,0,901,1000,15,0.034859
Model5,2pop,11,1,100,11,0.0168205
Model5,2pop,11,101,200,10,0.0347051
Model5,2pop,11,201,300,12,0.0301154
Model5,2pop,11,301,400,6,0.0237692
Model5,2pop,11,401,500,8,0.0198718
Model5,2pop,11,501,600,14,0.0264615
Model5,2pop,11,601,700,10,0.0253718
Model5,2pop,11,701,800,11,0.0317308
Model5,2pop,11,801,900,9,0.0266282
Model5,2pop,11,901,1000,9,0.0225897
Model5,2pop,19,1,100,10,0.0210256
Model5,2pop,19,101,200,7,0.0172179
Model5,2pop,19,201,300,15,0.0400385
Model5,2pop,19,301,400,10,0.0242821
Model5,2pop,19,401,500,11,0.0384744
Model5,2pop,19,501,600,6,0.0106538
Model5,2pop,19,601,700,6,0.016359
Model5,2pop,19,701,800,10,0.0230513
Model5,2pop,19,801,900,9,0.0129744
Model5,2pop,19,901,1000,7,0.0169359
Model5,2pop,14,1,100,14,0.0558718
Model5,2pop,14,101,200,12,0.0413974
Model5,2pop,14,201,300,15,0.0374487
Model5,2pop,14,301,400,9,0.0188718
Model5,2pop,14,401,500,13,0.0355769
Model5,2pop,14,501,600,10,0.0319744
Model5,2pop,14,601,700,22,0.0605897
Model5,2pop,14,701,800,14,0.0446667
Model5,2pop,14,801,900,11,0.0377436
Model5,2pop,14,901,1000,18,0.0569231
Model5,2pop,8,1,100,3,0.00819231
Model5,2pop,8,101,200,8,0.0199487
Model5,2pop,8,201,300,5,0.0122949
Model5,2pop,8,301,400,10,0.0314359
Model5,2pop,8,401,500,8,0.0194615
Model5,2pop,8,501,600,2,0.00358974
Model5,2pop,8,601,700,8,0.0214231
Model5,2pop,8,701,800,8,0.0163462
Model5,2pop,8,801,900,12,0.0257051
Model5,2pop,8,901,1000,7,0.0200769
Model5,2pop,3,1,100,7,0.0198974
Model5,2pop,3,101,200,4,0.00980769
Model5,2pop,3,201,300,8,0.0133846
Model5,2pop,3,301,400,8,0.0207949
Model5,2pop,3,401,500,8,0.0224615
Model5,2pop,3,501,600,12,0.0310256
Model5,2pop,3,601,700,8,0.0295897
Model5,2pop,3,701,800,8,0.0159359
Model5,2pop,3,801,900,11,0.0207949
Model5,2pop,3,901,1000,7,0.0165897
Model5,2pop,10,1,100,23,0.0571282
Model5,2pop,10,101,200,16,0.0282051
Model5,2pop,10,201,300,14,0.0316538
Model5,2pop,10,301,400,18,0.054359
Model5,2pop,10,401,500,17,0.0561282
Model5,2pop,10,501,600,16,0.0429615
Model5,2pop,10,601,700,20,0.0659359
Model5,2pop,10,701,800,15,0.0203205
Model5,2pop,10,801,900,17,0.0472821
Model5,2pop,10,901,1000,15,0.0264231
Model5,2pop,3,1,100,10,0.0146667
Model5,2pop,3,101,200,8,0.0104231
Model5,2pop,3,201,300,5,0.00437179
Model5,2pop,3,301,400,7,0.0125641
Model5,2pop,3,401,500,12,0.0228718
Model5,2pop,3,501,600,8,0.0231795
Model5,2pop,3,601,700,6,0.00487179
Model5,2pop,3,701,800,7,0.00674359
Model5,2pop,3,801,900,10,0.0219231
Model5,2pop,3,901,1000,10,0.0130256
Model5,2pop,18,1,100,14,0.048
Model5,2pop,18,101,200,5,0.0205
Model5,2pop,18,201,300,6,0.0085
Model5,2pop,18,301,400,9,0.0170256
Model5,2pop,18,401,500,6,0.00867949
Model5,2pop,18,501,600,9,0.0195128
Model5,2pop,18,601,700,4,0.0182308
Model5,2pop,18,701,800,7,0.012359
Model5,2pop,18,801,900,13,0.0377308
Model5,2pop,18,901,1000,13,0.0331667
Model5,2pop,6,1,100,9,0.0319359
Model5,2pop,6,101,200,9,0.0215128
Model5,2pop,6,201,300,11,0.0336923
Model5,2pop,6,301,400,12,0.0210128
Model5,2pop,6,401,500,12,0.0356667
Model5,2pop,6,501,600,14,0.0342692
Model5,2pop,6,601,700,12,0.0266282
Model5,2pop,6,701,800,9,0.0316154
Model5,2pop,6,801,900,12,0.0258333
Model5,2pop,6,901,1000,12,0.0367564
Model5,2pop,4,1,100,5,0.0101154
Model5,2pop,4,101,200,5,0.00564103
Model5,2pop,4,201,300,12,0.0127564
Model5,2pop,4,301,400,14,0.0276026
Model5,2pop,4,401,500,7,0.0102308
Model5,2pop,4,501,600,6,0.0114872
Model5,2pop,4,601,700,16,0.0262308
Model5,2pop,4,701,800,6,0.0136667
Model5,2pop,4,801,900,9,0.00958974
Model5,2pop,4,901,1000,13,0.0192308
Model5,2pop,5,1,100,24,0.0751154
Model5,2pop,5,101,200,19,0.0564103
Model5,2pop,5,201,300,22,0.0545
Model5,2pop,5,301,400,9,0.0302949
Model5,2pop,5,401,500,17,0.0559359
Model5,2pop,5,501,600,16,0.0365256
Model5,2pop,5,601,700,10,0.0332949
Model5,2pop,5,701,800,18,0.0383333
Model5,2pop,5,801,900,10,0.0274487
Model5,2pop,5,901,1000,18,0.0601282
Model5,2pop,9,1,100,14,0.0229872
Model5,2pop,9,101,200,18,0.0300897
Model5,2pop,9,201,300,20,0.0300897
Model5,2pop,9,301,400,21,0.0387692
Model5,2pop,9,401,500,18,0.0353205
Model5,2pop,9,501,600,14,0.0196154
Model5,2pop,9,601,700,12,0.0235897
Model5,2pop,9,701,800,19,0.0337821
Model5,2pop,9,801,900,16,0.0268974
Model5,2pop,9,901,1000,17,0.0416154
Model5,2pop,16,1,100,10,0.0199487
Model5,2pop,16,101,200,12,0.0273718
Model5,2pop,16,201,300,11,0.0339487
Model5,2pop,16,301,400,8,0.0230513
Model5,2pop,16,401,500,1,0.000974359
Model5,2pop,16,501,600,6,0.0134487
Model5,2pop,16,601,700,8,0.0172949
Model5,2pop,16,701,800,5,0.0122308
Model5,2pop,16,801,900,10,0.0221538
Model5,2pop,16,901,1000,13,0.0254231
Model5,2pop,10,1,100,7,0.00539744
Model5,2pop,10,101,200,12,0.0161154
Model5,2pop,10,201,300,13,0.0215128
Model5,2pop,10,301,400,8,0.00937179
Model5,2pop,10,401,500,11,0.0204231
Model5,2pop,10,501,600,9,0.0101795
Model5,2pop,10,601,700,12,0.0152949
Model5,2pop,10,701,800,10,0.0162436
Model5,2pop,10,801,900,10,0.0126154
Model5,2pop,10,901,1000,5,0.00532051
Model5,2pop,3,1,100,15,0.038359
Model5,2pop,3,101,200,12,0.0278718
Model5,2pop,3,201,300,9,0.0187436
Model5,2pop,3,301,400,5,0.012359
Model5,2pop,3,401,500,11,0.0289231
Model5,2pop,3,501,600,11,0.0260128
Model5,2pop,3,601,700,10,0.0258462
Model5,2pop,3,701,800,8,0.0226154
Model5,2pop,3,801,900,12,0.0417564
Model5,2pop,3,901,1000,12,0.0270256
Model5,2pop,6,1,100,14,0.0415769
Model5,2pop,6,101,200,9,0.0194615
Model5,2pop,6,201,300,6,0.010859
Model5,2pop,6,301,400,11,0.0255128
Model5,2pop,6,401,500,13,0.0316282
Model5,2pop,6,501,600,10,0.0200641
Model5,2pop,6,601,700,12,0.0293077
Model5,2pop,6,701,800,13,0.0428333
Model5,2pop,6,801,900,11,0.036141
Model5,2pop,6,901,1000,18,0.0510897
Model5,2pop,3,1,100,15,0.0581923
Model5,2pop,3,101,200,16,0.0537949
Model5,2pop,3,201,300,14,0.046141
Model5,2pop,3,301,400,18,0.0579103
Model5,2pop,3,401,500,14,0.0541923
Model5,2pop,3,501,600,14,0.0498333
Model5,2pop,3,601,700,20,0.0522308
Model5,2pop,3,701,800,16,0.0469615
Model5,2pop,3,801,900,6,0.020141
Model5,2pop,3,901,1000,16,0.0507308
Model5,2pop,14,1,100,10,0.0327821
Model5,2pop,14,101,200,13,0.032
Model5,2pop,14,201,300,12,0.0359872
Model5,2pop,14,301,400,10,0.0260897
Model5,2pop,14,401,500,11,0.0187179
Model5,2pop,14,501,600,14,0.0402949
Model5,2pop,14,601,700,18,0.0536026
Model5,2pop,14,701,800,10,0.0210128
Model5,2pop,14,801,900,11,0.0216026
Model5,2pop,14,901,1000,15,0.0361923
Model5,2pop,2,1,100,16,0.039
Model5,2pop,2,101,200,8,0.0223077
Model5,2pop,2,201,300,14,0.0273333
Model5,2pop,2,301,400,13,0.0290769
Model5,2pop,2,401,500,17,0.0464615
Model5,2pop,2,501,600,14,0.031
Model5,2pop,2,601,700,13,0.0260385
Model5,2pop,2,701,800,11,0.0296026
Model5,2pop,2,801,900,11,0.029641
Model5,2pop,2,901,1000,7,0.0168077
Model5,2pop,7,1,100,4,0.00833333
Model5,2pop,7,101,200,11,0.0187564
Model5,2pop,7,201,300,11,0.0313718
Model5,2pop,7,301,400,13,0.0393846
Model5,2pop,7,401,500,10,0.0189744
Model5,2pop,7,501,600,10,0.0276282
Model5,2pop,7,601,700,5,0.0176154
Model5,2pop,7,701,800,7,0.00902564
Model5,2pop,7,801,900,12,0.0205641
Model5,2pop,7,901,1000,5,0.011141
Model5,2pop,7,1,100,12,0.0319487
Model5,2pop,7,101,200,26,0.0690513
Model5,2pop,7,201,300,16,0.0431923
Model5,2pop,7,301,400,25,0.0689487
Model5,2pop,7,401,500,13,0.0337692
Model5,2pop,7,501,600,22,0.0640256
Model5,2pop,7,601,700,7,0.0215769
Model5,2pop,7,701,800,20,0.0552051
Model5,2pop,7,801,900,17,0.0483718
Model5,2pop,7,901,1000,15,0.0485769
Model5,2pop,9,1,100,13,0.0300513
Model5,2pop,9,101,200,9,0.0177692
Model5,2pop,9,201,300,11,0.0263846
Model5,2pop,9,301,400,17,0.0351282
Model5,2pop,9,401,500,12,0.0295897
Model5,2pop,9,501,600,16,0.0283974
Model5,2pop,9,601,700,15,0.033
Model5,2pop,9,701,800,14,0.0329615
Model5,2pop,9,801,900,9,0.0219359
Model5,2pop,9,901,1000,11,0.0307821
Model5,2pop,1,1,100,8,0.0155897
Model5,2pop,1,101,200,7,0.0136667
Model5,2pop,1,201,300,10,0.0149487
Model5,2pop,1,301,400,12,0.0250769
Model5,2pop,1,401,500,10,0.0182821
Model5,2pop,1,501,600,7,0.013
Model5,2pop,1,601,700,10,0.025859
Model5,2pop,1,701,800,4,0.00967949
Model5,2pop,1,801,900,13,0.0280128
Model5,2pop,1,901,1000,4,0.00555128
Model5,2pop,12,1,100,12,0.0393077
Model5,2pop,12,101,200,11,0.0274615
Model5,2pop,12,201,300,9,0.0161667
Model5,2pop,12,301,400,6,0.00920513
Model5,2pop,12,401,500,7,0.00584615
Model5,2pop,12,501,600,7,0.0139359
Model5,2pop,12,601,700,12,0.0249231
Model5,2pop,12,701,800,8,0.00934615
Model5,2pop,12,801,900,12,0.0201282
Model5,2pop,12,901,1000,11,0.0147821
Model5,2pop,18,1,100,11,0.0278205
Model5,2pop,18,101,200,13,0.0318333
Model5,2pop,18,201,300,12,0.0303077
Model5,2pop,18,301,400,9,0.0172949
Model5,2pop,18,401,500,13,0.0437949
Model5,2pop,18,501,600,11,0.0314359
Model5,2pop,18,601,700,16,0.0552949
Model5,2pop,18,701,800,14,0.0437308
Model5,2pop,18,801,900,12,0.0312564
Model5,2pop,18,901,1000,16,0.0443974
Model5,2pop,0,1,100,6,0.00728205
Model5,2pop,0,101,200,9,0.0207308
Model5,2pop,0,201,300,10,0.0197949
Model5,2pop,0,301,400,4,0.0136923
Model5,2pop,0,401,500,6,0.00903846
Model5,2pop,0,501,600,10,0.0210641
Model5,2pop,0,601,700,7,0.0141667
Model5,2pop,0,701,800,5,0.0105256
Model5,2pop,0,801,900,6,0.00808974
Model5,2pop,0,901,1000,10,0.021141
Model5,2pop,6,1,100,15,0.0361923
Model5,2pop,6,101,200,11,0.0185128
Model5,2pop,6,201,300,16,0.0467949
Model5,2pop,6,301,400,13,0.0254487
Model5,2pop,6,401,500,11,0.0236154
Model5,2pop,6,501,600,9,0.0173205
Model5,2pop,6,601,700,11,0.0302436
Model5,2pop,6,701,800,11,0.0232051
Model5,2pop,6,801,900,12,0.0247564
Model5,2pop,6,901,1000,18,0.0341282
Model5,2pop,10,1,100,14,0.0373718
Model5,2pop,10,101,200,20,0.0662051
Model5,2pop,10,201,300,11,0.0388205
Model5,2pop,10,301,400,20,0.0896667
Model5,2pop,10,401,500,19,0.0552564
Model5,2pop,10,501,600,17,0.0718205
Model5,2pop,10,601,700,10,0.0400769
Model5,2pop,10,701,800,12,0.0542308
Model5,2pop,10,801,900,19,0.0501282
Model5,2pop,10,901,1000,14,0.0512051
Model5,2pop,14,1,100,8,0.00724359
Model5,2pop,14,101,200,4,0.00294872
Model5,2pop,14,201,300,6,0.00828205
Model5,2pop,14,301,400,8,0.0111667
Model5,2pop,14,401,500,6,0.00852564
Model5,2pop,14,501,600,8,0.0134872
Model5,2pop,14,601,700,7,0.00826923
Model5,2pop,14,701,800,6,0.00947436
Model5,2pop,14,801,900,2,0.00147436
Model5,2pop,14,901,1000,8,0.0129615
Model5,2pop,11,1,100,16,0.0443718
Model5,2pop,11,101,200,20,0.0639872
Model5,2pop,11,201,300,21,0.0720897
Model5,2pop,11,301,400,19,0.0596154
Model5,2pop,11,401,500,20,0.0635128
Model5,2pop,11,501,600,19,0.0506667
Model5,2pop,11,601,700,20,0.0506282
Model5,2pop,11,701,800,13,0.041641
Model5,2pop,11,801,900,16,0.0418462
Model5,2pop,11,901,1000,22,0.0573205
Model5,2pop,6,1,100,10,0.0162436
Model5,2pop,6,101,200,9,0.0200769
Model5,2pop,6,201,300,9,0.0192436
Model5,2pop,6,301,400,7,0.0149872
Model5,2pop,6,401,500,7,0.0212051
Model5,2pop,6,501,600,17,0.0365769
Model5,2pop,6,601,700,7,0.0147564
Model5,2pop,6,701,800,3,0.00324359
Model5,2pop,6,801,900,9,0.0146154
Model5,2pop,6,901,1000,11,0.022
Model5,2pop,7,1,100,14,0.0332051
Model5,2pop,7,101,200,16,0.037141
Model5,2pop,7,201,300,8,0.0189359
Model5,2pop,7,301,400,6,0.0172949
Model5,2pop,7,401,500,7,0.0169487
Model5,2pop,7,501,600,16,0.0437179
Model5,2pop,7,601,700,13,0.0254487
Model5,2pop,7,701,800,11,0.0178718
Model5,2pop,7,801,900,14,0.0309744
Model5,2pop,7,901,1000,5,0.00611538
Model5,2pop,16,1,100,16,0.0445256
Model5,2pop,16,101,200,14,0.0563077
Model5,2pop,16,201,300,13,0.0408205
Model5,2pop,16,301,400,9,0.0370769
Model5,2pop,16,401,500,9,0.0321923
Model5,2pop,16,501,600,10,0.026141
Model5,2pop,16,601,700,14,0.0444103
Model5,2pop,16,701,800,15,0.0515641
Model5,2pop,16,801,900,14,0.0553462
Model5,2pop,16,901,1000,7,0.0236538
Model5,2pop,12,1,100,7,0.0217179
Model5,2pop,12,101,200,9,0.0270256
Model5,2pop,12,201,300,10,0.0260513
Model5,2pop,12,301,400,13,0.0252564
Model5,2pop,12,401,500,6,0.0105513
Model5,2pop,12,501,600,9,0.0207692
Model5,2pop,12,601,700,10,0.0270769
Model5,2pop,12,701,800,12,0.0271795
Model5,2pop,12,801,900,7,0.0186538
Model5,2pop,12,901,1000,13,0.0262179
Model5,2pop,2,1,100,12,0.0288846
Model5,2pop,2,101,200,15,0.0409103
Model5,2pop,2,201,300,22,0.0571923
Model5,2pop,2,301,400,14,0.0250897
Model5,2pop,2,401,500,10,0.0230769
Model5,2pop,2,501,600,10,0.0252692
Model5,2pop,2,601,700,19,0.0624103
Model5,2pop,2,701,800,19,0.0601923
Model5,2pop,2,801,900,13,0.0330897
Model5,2pop,2,901,1000,12,0.0293462
Model5,2pop,6,1,100,25,0.0381026
Model5,2pop,6,101,200,24,0.0332308
Model5,2pop,6,201,300,25,0.0359615
Model5,2pop,6,301,400,21,0.0406282
Model5,2pop,6,401,500,19,0.028641
Model5,2pop,6,501,600,26,0.0433718
Model5,2pop,6,601,700,29,0.042
Model5,2pop,6,701,800,24,0.0332051
Model5,2pop,6,801,900,37,0.0597949
Model5,2pop,6,901,1000,31,0.0429359
Model5,2pop,14,1,100,14,0.0364231
Model5,2pop,14,101,200,13,0.0213718
Model5,2pop,14,201,300,11,0.0227821
Model5,2pop,14,301,400,11,0.0275897
Model5,2pop,14,401,500,13,0.0244103
Model5,2pop,14,501,600,10,0.0196667
Model5,2pop,14,601,700,12,0.0134872
Model5,2pop,14,701,800,9,0.0129615
Model5,2pop,14,801,900,8,0.0215385
Model5,2pop,14,901,1000,15,0.0424231
Model5,2pop,18,1,100,9,0.017141
Model5,2pop,18,101,200,8,0.0203333
Model5,2pop,18,201,300,12,0.0334744
Model5,2pop,18,301,400,7,0.0192179
Model5,2pop,18,401,500,7,0.0125513
Model5,2pop,18,501,600,7,0.0112821
Model5,2pop,18,601,700,10,0.0233077
Model5,2pop,18,701,800,13,0.0319615
Model5,2pop,18,801,900,11,0.0257949
Model5,2pop,18,901,1000,13,0.0275
Model5,2pop,7,1,100,9,0.0147051
Model5,2pop,7,101,200,11,0.0138462
Model5,2pop,7,201,300,14,0.030859
Model5,2pop,7,301,400,19,0.0340641
Model5,2pop,7,401,500,17,0.0308205
Model5,2pop,7,501,600,20,0.0318077
Model5,2pop,7,601,700,16,0.0297949
Model5,2pop,7,701,800,18,0.0418333
Model5,2pop,7,801,900,12,0.0267692
Model5,2pop,7,901,1000,14,0.0248846
Model5,2pop,5,1,100,2,0.001
Model5,2pop,5,101,200,7,0.0120385
Model5,2pop,5,201,300,9,0.0167179
Model5,2pop,5,301,400,10,0.00734615
Model5,2pop,5,401,500,5,0.00848718
Model5,2pop,5,501,600,9,0.00858974
Model5,2pop,5,601,700,8,0.0151154
Model5,2pop,5,701,800,8,0.0122821
Model5,2pop,5,801,900,10,0.017859
Model5,2pop,5,901,1000,7,0.0195
Model5,2pop,5,1,100,15,0.0340128
Model5,2pop,5,101,200,14,0.0419872
Model5,2pop,5,201,300,15,0.0277179
Model5,2pop,5,301,400,14,0.0406795
Model5,2pop,5,401,500,14,0.0459615
Model5,2pop,5,501,600,14,0.0392692
Model5,2pop,5,601,700,11,0.0257564
Model5,2pop,5,701,800,11,0.0258846
Model5,2pop,5,801,900,13,0.0259487
Model5,2pop,5,901,1000,14,0.0264103
Model5,2pop,16,1,100,11,0.0230897
Model5,2pop,16,101,200,10,0.0156282
Model5,2pop,16,201,300,9,0.0146026
Model5,2pop,16,301,400,6,0.0176538
Model5,2pop,16,401,500,8,0.0107692
Model5,2pop,16,501,600,9,0.0113718
Model5,2pop,16,601,700,11,0.0207692
Model5,2pop,16,701,800,12,0.0240385
Model5,2pop,16,801,900,10,0.0112051
Model5,2pop,16,901,1000,9,0.0130513
Model5,2pop,17,1,100,7,0.0182692
Model5,2pop,17,101,200,8,0.0123077
Model5,2pop,17,201,300,12,0.016141
Model5,2pop,17,301,400,8,0.0147949
Model5,2pop,17,401,500,8,0.0126795
Model5,2pop,17,501,600,16,0.0182051
Model5,2pop,17,601,700,9,0.020359
Model5,2pop,17,701,800,12,0.0153974
Model5,2pop,17,801,900,13,0.0225897
Model5,2pop,17,901,1000,5,0.00619231
Model5,2pop,0,1,100,9,0.0186026
Model5,2pop,0,101,200,6,0.0150897
Model5,2pop,0,201,300,13,0.0483462
Model5,2pop,0,301,400,9,0.0329744
Model5,2pop,0,401,500,6,0.0194359
Model5,2pop,0,501,600,8,0.0220385
Model5,2pop,0,601,700,8,0.0195769
Model5,2pop,0,701,800,4,0.00987179
Model5,2pop,0,801,900,4,0.00803846
Model5,2pop,0,901,1000,2,0.00615385
Model5,2pop,11,1,100,14,0.0465897
Model5,2pop,11,101,200,8,0.0334231
Model5,2pop,11,201,300,11,0.0320256
Model5,2pop,11,301,400,4,0.0168462
Model5,2pop,11,401,500,19,0.0578718
Model5,2pop,11,501,600,15,0.0504359
Model5,2pop,11,601,700,11,0.0411538
Model5,2pop,11,701,800,14,0.0590256
Model5,2pop,11,801,900,11,0.0357692
Model5,2pop,11,901,1000,10,0.0353205
Model5,2pop,9,1,100,14,0.0379487
Model5,2pop,9,101,200,11,0.0252821
Model5,2pop,9,201,300,17,0.0377436
Model5,2pop,9,301,400,11,0.0208718
Model5,2pop,9,401,500,8,0.0259487
Model5,2pop,9,501,600,13,0.0318974
Model5,2pop,9,601,700,10,0.0259359
Model5,2pop,9,701,800,15,0.0370128
Model5,2pop,9,801,900,10,0.0223333
Model5,2pop,9,901,1000,15,0.0307308
Model5,2pop,2,1,100,11,0.0339487
Model5,2pop,2,101,200,12,0.0280128
Model5,2pop,2,201,300,7,0.0160385
Model5,2pop,2,301,400,7,0.0258718
Model5,2pop,2,401,500,12,0.0316026
Model5,2pop,2,501,600,11,0.0414615
Model5,2pop,2,601,700,15,0.0403974
Model5,2pop,2,701,800,17,0.0342436
Model5,2pop,2,801,900,12,0.0248205
Model5,2pop,2,901,1000,11,0.0295
Model5,2pop,16,1,100,11,0.0281667
Model5,2pop,16,101,200,19,0.0420513
Model5,2pop,16,201,300,10,0.0218333
Model5,2pop,16,301,400,15,0.0290385
Model5,2pop,16,401,500,11,0.0251923
Model5,2pop,16,501,600,16,0.0518974
Model5,2pop,16,601,700,13,0.0235641
Model5,2pop,16,701,800,12,0.0277436
Model5,2pop,16,801,900,11,0.0265256
Model5,2pop,16,901,1000,7,0.0122692
Model5,2pop,14,1,100,9,0.0171923
Model5,2pop,14,101,200,6,0.0166282
Model5,2pop,14,201,300,13,0.022859
Model5,2pop,14,301,400,7,0.0184615
Model5,2pop,14,401,500,10,0.0223077
Model5,2pop,14,501,600,8,0.0198077
Model5,2pop,14,601,700,12,0.0166795
Model5,2pop,14,701,800,12,0.0258462
Model5,2pop,14,801,900,16,0.0328974
Model5,2pop,14,901,1000,13,0.0250641
Model5,2pop,9,1,100,11,0.0225641
Model5,2pop,9,101,200,15,0.0389744
Model5,2pop,9,201,300,12,0.0195385
Model5,2pop,9,301,400,8,0.0200385
Model5,2pop,9,401,500,10,0.0269359
Model5,2pop,9,501,600,10,0.0303462
Model5,2pop,9,601,700,9,0.0273846
Model5,2pop,9,701,800,9,0.0126282
Model5,2pop,9,801,900,7,0.0218846
Model5,2pop,9,901,1000,9,0.0206538
Model5,2pop,19,1,100,9,0.0227308
Model5,2pop,19,101,200,18,0.0413205
Model5,2pop,19,201,300,20,0.044141
Model5,2pop,19,301,400,17,0.0573462
Model5,2pop,19,401,500,17,0.0473205
Model5,2pop,19,501,600,19,0.0424872
Model5,2pop,19,601,700,11,0.0337821
Model5,2pop,19,701,800,21,0.0467179
Model5,2pop,19,801,900,19,0.0324103
Model5,2pop,19,901,1000,13,0.0261538
Model5,2pop,17,1,100,17,0.0213846
Model5,2pop,17,101,200,15,0.0247564
Model5,2pop,17,201,300,20,0.0346923
Model5,2pop,17,301,400,5,0.0111538
Model5,2pop,17,401,500,13,0.0257692
Model5,2pop,17,501,600,16,0.0260256
Model5,2pop,17,601,700,8,0.0178077
Model5,2pop,17,701,800,16,0.0266667
Model5,2pop,17,801,900,11,0.0146154
Model5,2pop,17,901,1000,11,0.0158333
Model5,2pop,13,1,100,12,0.0311026
Model5,2pop,13,101,200,8,0.0196154
Model5,2pop,13,201,300,11,0.0297051
Model5,2pop,13,301,400,11,0.0333077
Model5,2pop,13,401,500,6,0.0205897
Model5,2pop,13,501,600,10,0.0257821
Model5,2pop,13,601,700,7,0.0206538
Model5,2pop,13,701,800,10,0.0378333
Model5,2pop,13,801,900,16,0.0413077
Model5,2pop,13,901,1000,13,0.0436795
Model5,2pop,2,1,100,12,0.0250769
Model5,2pop,2,101,200,10,0.0162179
Model5,2pop,2,201,300,15,0.0191923
Model5,2pop,2,301,400,13,0.0247436
Model5,2pop,2,401,500,12,0.0241795
Model5,2pop,2,501,600,11,0.0178333
Model5,2pop,2,601,700,6,0.0108974
Model5,2pop,2,701,800,7,0.0080641
Model5,2pop,2,801,900,14,0.0249744
Model5,2pop,2,901,1000,14,0.0192308
Model5,2pop,8,1,100,22,0.0956026
Model5,2pop,8,101,200,24,0.0819487
Model5,2pop,8,201,300,22,0.0849872
Model5,2pop,8,301,400,20,0.0774744
Model5,2pop,8,401,500,26,0.103705
Model5,2pop,8,501,600,32,0.115821
Model5,2pop,8,601,700,23,0.084359
Model5,2pop,8,701,800,27,0.101192
Model5,2pop,8,801,900,27,0.101782
Model5,2pop,8,901,1000,18,0.0765385
Model5,2pop,6,1,100,19,0.0333333
Model5,2pop,6,101,200,12,0.0162821
Model5,2pop,6,201,300,11,0.0140256
Model5,2pop,6,301,400,15,0.0234872
Model5,2pop,6,401,500,18,0.0282308
Model5,2pop,6,501,600,12,0.0207179
Model5,2pop,6,601,700,4,0.00846154
Model5,2pop,6,701,800,13,0.0253462
Model5,2pop,6,801,900,15,0.0217564
Model5,2pop,6,901,1000,19,0.0392692
Model5,2pop,16,1,100,17,0.0435385
Model5,2pop,16,101,200,12,0.0351154
Model5,2pop,16,201,300,10,0.0341154
Model5,2pop,16,301,400,11,0.021
Model5,2pop,16,401,500,14,0.0337308
Model5,2pop,16,501,600,10,0.0236154
Model5,2pop,16,601,700,13,0.0390641
Model5,2pop,16,701,800,13,0.0382949
Model5,2pop,16,801,900,12,0.0274872
Model5,2pop,16,901,1000,7,0.0236538
Model5,2pop,18,1,100,19,0.0642564
Model5,2pop,18,101,200,20,0.0661538
Model5,2pop,18,201,300,31,0.126423
Model5,2pop,18,301,400,20,0.0727308
Model5,2pop,18,401,500,20,0.0613077
Model5,2pop,18,501,600,32,0.128474
Model5,2pop,18,601,700,20,0.0758718
Model5,2pop,18,701,800,24,0.0886538
Model5,2pop,18,801,900,21,0.0757821
Model5,2pop,18,901,1000,19,0.0700897
Model5,2pop,0,1,100,11,0.0330897
Model5,2pop,0,101,200,10,0.0225641
Model5,2pop,0,201,300,17,0.0425385
Model5,2pop,0,301,400,11,0.0316667
Model5,2pop,0,401,500,6,0.0149231
Model5,2pop,0,501,600,9,0.0237308
Model5,2pop,0,601,700,8,0.0222436
Model5,2pop,0,701,800,12,0.0370385
Model5,2pop,0,801,900,16,0.0421795
Model5,2pop,0,901,1000,14,0.032859
Model5,2pop,19,1,100,12,0.0283077
Model5,2pop,19,101,200,15,0.0315769
Model5,2pop,19,201,300,9,0.0138718
Model5,2pop,19,301,400,13,0.0180256
Model5,2pop,19,401,500,8,0.0139359
Model5,2pop,19,501,600,9,0.0170513
Model5,2pop,19,601,700,13,0.0183333
Model5,2pop,19,701,800,15,0.0327308
Model5,2pop,19,801,900,8,0.0103846
Model5,2pop,19,901,1000,10,0.0147051
Model5,2pop,17,1,100,6,0.0110769
Model5,2pop,17,101,200,7,0.00397436
Model5,2pop,17,201,300,10,0.0224872
Model5,2pop,17,301,400,8,0.00534615
Model5,2pop,17,401,500,10,0.0202949
Model5,2pop,17,501,600,9,0.0194487
Model5,2pop,17,601,700,8,0.0182564
Model5,2pop,17,701,800,6,0.00798718
Model5,2pop,17,801,900,9,0.00688462
Model5,2pop,17,901,1000,9,0.0208718
Model5,2pop,15,1,100,9,0.0176795
Model5,2pop,15,101,200,10,0.0180641
Model5,2pop,15,201,300,11,0.0149744
Model5,2pop,15,301,400,13,0.0223077
Model5,2pop,15,401,500,10,0.0211026
Model5,2pop,15,501,600,10,0.0235256
Model5,2pop,15,601,700,12,0.0193077
Model5,2pop,15,701,800,14,0.0231154
Model5,2pop,15,801,900,10,0.0236538
Model5,2pop,15,901,1000,17,0.0222949
Model5,2pop,1,1,100,25,0.0414103
Model5,2pop,1,101,200,14,0.0257821
Model5,2pop,1,201,300,18,0.0369487
Model5,2pop,1,301,400,21,0.0338974
Model5,2pop,1,401,500,20,0.0531923
Model5,2pop,1,501,600,21,0.0264231
Model5,2pop,1,601,700,16,0.0243462
Model5,2pop,1,701,800,11,0.0225385
Model5,2pop,1,801,900,16,0.0206026
Model5,2pop,1,901,1000,15,0.0199103
Model5,2pop,10,1,100,8,0.0153462
Model5,2pop,10,101,200,9,0.0265385
Model5,2pop,10,201,300,20,0.0570769
Model5,2pop,10,301,400,17,0.0356667
Model5,2pop,10,401,500,10,0.0206538
Model5,2pop,10,501,600,10,0.0211154
Model5,2pop,10,601,700,10,0.0259872
Model5,2pop,10,701,800,11,0.0256154
Model5,2pop,10,801,900,12,0.0287949
Model5,2pop,10,901,1000,9,0.0279744
Model5,2pop,1,1,100,10,0.0185256
Model5,2pop,1,101,200,12,0.0229103
Model5,2pop,1,201,300,10,0.0204359
Model5,2pop,1,301,400,11,0.0220128
Model5,2pop,1,401,500,9,0.0201538
Model5,2pop,1,501,600,7,0.0102821
Model5,2pop,1,601,700,12,0.0287308
Model5,2pop,1,701,800,13,0.0269359
Model5,2pop,1,801,900,7,0.0125
Model5,2pop,1,901,1000,11,0.0200897
Model5,2pop,1,1,100,13,0.0399487
Model5,2pop,1,101,200,9,0.0216667
Model5,2pop,1,201,300,10,0.0122564
Model5,2pop,1,301,400,13,0.0294487
Model5,2pop,1,401,500,10,0.0313718
Model5,2pop,1,501,600,10,0.0310897
Model5,2pop,1,601,700,15,0.0397564
Model5,2pop,1,701,800,9,0.0278333
Model5,2pop,1,801,900,11,0.0257436
Model5,2pop,1,901,1000,7,0.028
Model5,2pop,8,1,100,11,0.0225385
Model5,2pop,8,101,200,12,0.0299615
Model5,2pop,8,201,300,14,0.0216923
Model5,2pop,8,301,400,11,0.0247308
Model5,2pop,8,401,500,16,0.0384103
Model5,2pop,8,501,600,13,0.0259615
Model5,2pop,8,601,700,6,0.0186282
Model5,2pop,8,701,800,7,0.016141
Model5,2pop,8,801,900,13,0.031141
Model5,2pop,8,901,1000,9,0.0225
Model5,2pop,13,1,100,10,0.0253718
Model5,2pop,13,101,200,11,0.0206538
Model5,2pop,13,201,300,12,0.031
Model5,2pop,13,301,400,9,0.0200513
Model5,2pop,13,401,500,11,0.0256154
Model5,2pop,13,501,600,11,0.0155641
Model5,2pop,13,601,700,9,0.0231154
Model5,2pop,13,701,800,10,0.0256026
Model5,2pop,13,801,900,8,0.0163333
Model5,2pop,13,901,1000,12,0.0330513
Model5,2pop,2,1,100,11,0.044641
Model5,2pop,2,101,200,7,0.0222692
Model5,2pop,2,201,300,11,0.0418205
Model5,2pop,2,301,400,16,0.048859
Model5,2pop,2,401,500,14,0.0345769
Model5,2pop,2,501,600,15,0.0402051
Model5,2pop,2,601,700,12,0.0306026
Model5,2pop,2,701,800,10,0.0213974
Model5,2pop,2,801,900,5,0.0133718
Model5,2pop,2,901,1000,12,0.0431538
Model5,2pop,15,1,100,12,0.0201282
Model5,2pop,15,101,200,14,0.0336795
Model5,2pop,15,201,300,12,0.0347179
Model5,2pop,15,301,400,16,0.0418718
Model5,2pop,15,401,500,11,0.035641
Model5,2pop,15,501,600,13,0.0406538
Model5,2pop,15,601,700,10,0.0205769
Model5,2pop,15,701,800,16,0.0518205
Model5,2pop,15,801,900,18,0.0487949
Model5,2pop,15,901,1000,12,0.0242436
Model5,2pop,18,1,100,9,0.025359
Model5,2pop,18,101,200,9,0.0210897
Model5,2pop,18,201,300,10,0.0296795
Model5,2pop,18,301,400,9,0.0289615
Model5,2pop,18,401,500,10,0.0308718
Model5,2pop,18,501,600,8,0.0193974
Model5,2pop,18,601,700,10,0.0203846
Model5,2pop,18,701,800,16,0.0513974
Model5,2pop,18,801,900,8,0.0244872
Model5,2pop,18,901,1000,10,0.0269872
Model5,2pop,14,1,100,10,0.0287692
Model5,2pop,14,101,200,13,0.0418846
Model5,2pop,14,201,300,14,0.0350897
Model5,2pop,14,301,400,7,0.0201538
Model5,2pop,14,401,500,7,0.0208846
Model5,2pop,14,501,600,13,0.0320256
Model5,2pop,14,601,700,10,0.0323846
Model5,2pop,14,701,800,12,0.0379487
Model5,2pop,14,801,900,12,0.0420513
Model5,2pop,14,901,1000,13,0.0433974
Model5,2pop,7,1,100,10,0.0203462
Model5,2pop,7,101,200,6,0.0145897
Model5,2pop,7,201,300,8,0.0152308
Model5,2pop,7,301,400,11,0.0152564
Model5,2pop,7,401,500,9,0.0100641
Model5,2pop,7,501,600,12,0.0227564
Model5,2pop,7,601,700,8,0.0128846
Model5,2pop,7,701,800,12,0.0146667
Model5,2pop,7,801,900,12,0.0196923
Model5,2pop,7,901,1000,8,0.0085641
Model5,2pop,12,1,100,7,0.0215641
Model5,2pop,12,101,200,7,0.0128077
Model5,2pop,12,201,300,11,0.0313333
Model5,2pop,12,301,400,8,0.0124615
Model5,2pop,12,401,500,5,0.00857692
Model5,2pop,12,501,600,13,0.0240256
Model5,2pop,12,601,700,5,0.0125769
Model5,2pop,12,701,800,8,0.0114615
Model5,2pop,12,801,900,6,0.0176667
Model5,2pop,12,901,1000,11,0.0219487
Model5,2pop,4,1,100,19,0.0827308
Model5,2pop,4,101,200,16,0.0396667
Model5,2pop,4,201,300,18,0.0637051
Model5,2pop,4,301,400,20,0.0625385
Model5,2pop,4,401,500,14,0.0531282
Model5,2pop,4,501,600,25,0.0986795
Model5,2pop,4,601,700,19,0.0762179
Model5,2pop,4,701,800,15,0.0590897
Model5,2pop,4,801,900,19,0.071141
Model5,2pop,4,901,1000,15,0.0618462
Model5,2pop,4,1,100,10,0.0342436
Model5,2pop,4,101,200,11,0.0265641
Model5,2pop,4,201,300,10,0.0175769
Model5,2pop,4,301,400,10,0.0158205
Model5,2pop,4,401,500,6,0.0153333
Model5,2pop,4,501,600,5,0.0101154
Model5,2pop,4,601,700,11,0.0221538
Model5,2pop,4,701,800,15,0.0399103
Model5,2pop,4,801,900,6,0.0124744
Model5,2pop,4,901,1000,12,0.0312051
Model5,2pop,13,1,100,10,0.0154744
Model5,2pop,13,101,200,5,0.00889744
Model5,2pop,13,201,300,7,0.0122051
Model5,2pop,13,301,400,5,0.00508974
Model5,2pop,13,401,500,6,0.0198846
Model5,2pop,13,501,600,5,0.0121538
Model5,2pop,13,601,700,9,0.0213846
Model5,2pop,13,701,800,5,0.0131923
Model5,2pop,13,801,900,6,0.0138974
Model5,2pop,13,901,1000,3,0.00625641
Model5,2pop,8,1,100,13,0.0282436
Model5,2pop,8,101,200,11,0.0185513
Model5,2pop,8,201,300,14,0.0241026
Model5,2pop,8,301,400,15,0.0446538
Model5,2pop,8,401,500,17,0.0354487
Model5,2pop,8,501,600,15,0.0429872
Model5,2pop,8,601,700,18,0.0354744
Model5,2pop,8,701,800,12,0.0227692
Model5,2pop,8,801,900,17,0.0424744
Model5,2pop,8,901,1000,17,0.0409487
Model5,2pop,0,1,100,19,0.0527821
Model5,2pop,0,101,200,16,0.0298974
Model5,2pop,0,201,300,17,0.0347051
Model5,2pop,0,301,400,26,0.0565385
Model5,2pop,0,401,500,17,0.0242821
Model5,2pop,0,501,600,20,0.0424744
Model5,2pop,0,601,700,21,0.0534231
Model5,2pop,0,701,800,21,0.0449103
Model5,2pop,0,801,900,15,0.0297051
Model5,2pop,0,901,1000,16,0.0345128
Model5,2pop,16,1,100,16,0.0368718
Model5,2pop,16,101,200,13,0.0283333
Model5,2pop,16,201,300,8,0.0249231
Model5,2pop,16,301,400,16,0.0305256
Model5,2pop,16,401,500,19,0.0591026
Model5,2pop,16,501,600,16,0.0370897
Model5,2pop,16,601,700,22,0.0471923
Model5,2pop,16,701,800,16,0.0295256
Model5,2pop,16,801,900,11,0.0315128
Model5,2pop,16,901,1000,13,0.0315513
Model5,2pop,9,1,100,16,0.0383462
Model5,2pop,9,101,200,10,0.0266538
Model5,2pop,9,201,300,18,0.0571923
Model5,2pop,9,301,400,9,0.028859
Model5,2pop,9,401,500,16,0.0468333
Model5,2pop,9,501,600,15,0.0406923
Model5,2pop,9,601,700,25,0.0688333
Model5,2pop,9,701,800,19,0.0590769
Model5,2pop,9,801,900,12,0.0264744
Model5,2pop,9,901,1000,14,0.0431282
Model5,2pop,16,1,100,10,0.0310385
Model5,2pop,16,101,200,12,0.0219487
Model5,2pop,16,201,300,13,0.0401667
Model5,2pop,16,301,400,17,0.0354872
Model5,2pop,16,401,500,6,0.00808974
Model5,2pop,16,501,600,9,0.0317821
Model5,2pop,16,601,700,10,0.0138718
Model5,2pop,16,701,800,14,0.0328077
Model5,2pop,16,801,900,13,0.0477179
Model5,2pop,16,901,1000,13,0.0342821
Model5,2pop,9,1,100,14,0.029859
Model5,2pop,9,101,200,12,0.0255513
Model5,2pop,9,201,300,12,0.0237692
Model5,2pop,9,301,400,10,0.0100897
Model5,2pop,9,401,500,11,0.0194872
Model5,2pop,9,501,600,13,0.0269872
Model5,2pop,9,601,700,11,0.0266026
Model5,2pop,9,701,800,8,0.0126154
Model5,2pop,9,801,900,13,0.0217949
Model5,2pop,9,901,1000,8,0.0152051
Model5,2pop,2,1,100,8,0.0199872
Model5,2pop,2,101,200,9,0.0192821
Model5,2pop,2,201,300,8,0.0178846
Model5,2pop,2,301,400,6,0.00442308
Model5,2pop,2,401,500,12,0.0247564
Model5,2pop,2,501,600,12,0.0252051
Model5,2pop,2,601,700,13,0.0192949
Model5,2pop,2,701,800,7,0.00970513
Model5,2pop,2,801,900,13,0.0229359
Model5,2pop,2,901,1000,14,0.0144615
Model5,2pop,15,1,100,9,0.0132949
Model5,2pop,15,101,200,6,0.018
Model5,2pop,15,201,300,8,0.0113974
Model5,2pop,15,301,400,9,0.0241026
Model5,2pop,15,401,500,8,0.0248718
Model5,2pop,15,501,600,9,0.0286795
Model5,2pop,15,601,700,5,0.0109872
Model5,2pop,15,701,800,15,0.0487051
Model5,2pop,15,801,900,10,0.030641
Model5,2pop,15,901,1000,15,0.0352692
Model5,2pop,17,1,100,9,0.0219231
Model5,2pop,17,101,200,14,0.0376282
Model5,2pop,17,201,300,6,0.00983333
Model5,2pop,17,301,400,3,0.00787179
Model5,2pop,17,401,500,9,0.0281154
Model5,2pop,17,501,600,9,0.023859
Model5,2pop,17,601,700,7,0.00960256
Model5,2pop,17,701,800,15,0.0296154
Model5,2pop,17,801,900,7,0.0208846
Model5,2pop,17,901,1000,11,0.0297821
Model5,2pop,4,1,100,8,0.0177308
Model5,2pop,4,101,200,7,0.0145513
Model5,2pop,4,201,300,9,0.0166154
Model5,2pop,4,301,400,5,0.00939744
Model5,2pop,4,401,500,12,0.0236026
Model5,2pop,4,501,600,10,0.0187692
Model5,2pop,4,601,700,9,0.0150256
Model5,2pop,4,701,800,20,0.0387949
Model5,2pop,4,801,900,10,0.0181154
Model5,2pop,4,901,1000,10,0.0207692
Model5,2pop,6,1,100,8,0.0224872
Model5,2pop,6,101,200,6,0.00939744
Model5,2pop,6,201,300,16,0.0227564
Model5,2pop,6,301,400,14,0.0284615
Model5,2pop,6,401,500,10,0.0212051
Model5,2pop,6,501,600,3,0.00655128
Model5,2pop,6,601,700,6,0.0113974
Model5,2pop,6,701,800,16,0.0160385
Model5,2pop,6,801,900,11,0.0181154
Model5,2pop,6,901,1000,9,0.0108333
Model5,2pop,1,1,100,15,0.0397821
Model5,2pop,1,101,200,9,0.0299359
Model5,2pop,1,201,300,15,0.0351282
Model5,2pop,1,301,400,15,0.0408205
Model5,2pop,1,401,500,11,0.0257051
Model5,2pop,1,501,600,11,0.0348974
Model5,2pop,1,601,700,12,0.0365513
Model5,2pop,1,701,800,10,0.035859
Model5,2pop,1,801,900,12,0.0332692
Model5,2pop,1,901,1000,6,0.0218974
Model5,2pop,10,1,100,13,0.015141
Model5,2pop,10,101,200,9,0.0211795
Model5,2pop,10,201,300,9,0.0147436
Model5,2pop,10,301,400,7,0.0180641
Model5,2pop,10,401,500,13,0.0176026
Model5,2pop,10,501,600,13,0.0175513
Model5,2pop,10,601,700,17,0.0276154
Model5,2pop,10,701,800,11,0.0211282
Model5,2pop,10,801,900,17,0.0297179
Model5,2pop,10,901,1000,17,0.0338846
Model5,2pop,5,1,100,13,0.0554487
Model5,2pop,5,101,200,15,0.0633205
Model5,2pop,5,201,300,23,0.0734103
Model5,2pop,5,301,400,20,0.0856154
Model5,2pop,5,401,500,16,0.0458077
Model5,2pop,5,501,600,16,0.0488462
Model5,2pop,5,601,700,14,0.0494359
Model5,2pop,5,701,800,22,0.0642821
Model5,2pop,5,801,900,20,0.0551795
Model5,2pop,5,901,1000,12,0.033359
Model5,2pop,15,1,100,11,0.0250513
Model5,2pop,15,101,200,13,0.0265513
Model5,2pop,15,201,300,12,0.017859
Model5,2pop,15,301,400,8,0.0107692
Model5,2pop,15,401,500,9,0.0155256
Model5,2pop,15,501,600,12,0.0285256
Model5,2pop,15,601,700,5,0.00784615
Model5,2pop,15,701,800,15,0.0316282
Model5,2pop,15,801,900,7,0.00723077
Model5,2pop,15,901,1000,9,0.0127436
Model5,2pop,19,1,100,19,0.0383205
Model5,2pop,19,101,200,21,0.0566282
Model5,2pop,19,201,300,11,0.0312564
Model5,2pop,19,301,400,16,0.0466282
Model5,2pop,19,401,500,19,0.0463462
Model5,2pop,19,501,600,14,0.0391795
Model5,2pop,19,601,700,21,0.0574231
Model5,2pop,19,701,800,17,0.0575641
Model5,2pop,19,801,900,16,0.0377308
Model5,2pop,19,901,1000,18,0.0479872
Model5,2pop,12,1,100,6,0.0204359
Model5,2pop,12,101,200,6,0.0127692
Model5,2pop,12,201,300,6,0.00921795
Model5,2pop,12,301,400,14,0.0355513
Model5,2pop,12,401,500,9,0.0225
Model5,2pop,12,501,600,6,0.0187308
Model5,2pop,12,601,700,9,0.0177821
Model5,2pop,12,701,800,7,0.0199615
Model5,2pop,12,801,900,11,0.0325769
Model5,2pop,12,901,1000,8,0.0167179
Model5,2pop,12,1,100,9,0.0171026
Model5,2pop,12,101,200,7,0.0141923
Model5,2pop,12,201,300,5,0.0112692
Model5,2pop,12,301,400,11,0.0245513
Model5,2pop,12,401,500,19,0.0426795
Model5,2pop,12,501,600,9,0.0353846
Model5,2pop,12,601,700,7,0.0178462
Model5,2pop,12,701,800,8,0.0216667
Model5,2pop,12,801,900,13,0.0385256
Model5,2pop,12,901,1000,7,0.0137308
Model5,2pop,4,1,100,9,0.0153718
Model5,2pop,4,101,200,14,0.0308077
Model5,2pop,4,201,300,17,0.0248077
Model5,2pop,4,301,400,9,0.0189359
Model5,2pop,4,401,500,17,0.0414615
Model5,2pop,4,501,600,10,0.0263718
Model5,2pop,4,601,700,10,0.0182179
Model5,2pop,4,701,800,12,0.0295513
Model5,2pop,4,801,900,9,0.0223718
Model5,2pop,4,901,1000,14,0.0404744
Model5,2pop,1,1,100,12,0.0403333
Model5,2pop,1,101,200,7,0.0172436
Model5,2pop,1,201,300,13,0.0359359
Model5,2pop,1,301,400,13,0.0271667
Model5,2pop,1,401,500,13,0.0394615
Model5,2pop,1,501,600,9,0.0301923
Model5,2pop,1,601,700,12,0.0256923
Model5,2pop,1,701,800,16,0.0376026
Model5,2pop,1,801,900,16,0.0426154
Model5,2pop,1,901,1000,7,0.0166923
Model5,2pop,10,1,100,12,0.0321538
Model5,2pop,10,101,200,18,0.0473462
Model5,2pop,10,201,300,10,0.0255897
Model5,2pop,10,301,400,6,0.0155385
Model5,2pop,10,401,500,13,0.0408846
Model5,2pop,10,501,600,10,0.0228077
Model5,2pop,10,601,700,10,0.0208205
Model5,2pop,10,701,800,15,0.0329744
Model5,2pop,10,801,900,11,0.0243462
Model5,2pop,10,901,1000,15,0.0487051
Model5,2pop,18,1,100,20,0.0301667
Model5,2pop,18,101,200,11,0.0267436
Model5,2pop,18,201,300,14,0.0211154
Model5,2pop,18,301,400,17,0.0275385
Model5,2pop,18,401,500,16,0.0298462
Model5,2pop,18,501,600,21,0.0394103
Model5,2pop,18,601,700,15,0.0195256
Model5,2pop,18,701,800,19,0.0406154
Model5,2pop,18,801,900,17,0.0206538
Model5,2pop,18,901,1000,18,0.0282949
Model5,2pop,5,1,100,15,0.0394872
Model5,2pop,5,101,200,10,0.0287051
Model5,2pop,5,201,300,11,0.0332051
Model5,2pop,5,301,400,15,0.0339103
Model5,2pop,5,401,500,11,0.0203333
Model5,2pop,5,501,600,10,0.026
Model5,2pop,5,601,700,20,0.0461795
Model5,2pop,5,701,800,16,0.0294615
Model5,2pop,5,801,900,14,0.0455641
Model5,2pop,5,901,1000,15,0.044141
Model5,2pop,13,1,100,17,0.0619231
Model5,2pop,13,101,200,27,0.0978077
Model5,2pop,13,201,300,13,0.0421923
Model5,2pop,13,301,400,25,0.0866154
Model5,2pop,13,401,500,21,0.0748462
Model5,2pop,13,501,600,15,0.0520769
Model5,2pop,13,601,700,16,0.0452051
Model5,2pop,13,701,800,17,0.0616282
Model5,2pop,13,801,900,19,0.0687692
Model5,2pop,13,901,1000,21,0.0653205
Model5,2pop,11,1,100,14,0.0287436
Model5,2pop,11,101,200,14,0.0296795
Model5,2pop,11,201,300,14,0.0377179
Model5,2pop,11,301,400,5,0.0147564
Model5,2pop,11,401,500,8,0.0242692
Model5,2pop,11,501,600,14,0.0403462
Model5,2pop,11,601,700,11,0.0328846
Model5,2pop,11,701,800,13,0.0342308
Model5,2pop,11,801,900,11,0.0216154
Model5,2pop,11,901,1000,14,0.0328462
Model5,2pop,18,1,100,15,0.0466282
Model5,2pop,18,101,200,18,0.0594359
Model5,2pop,18,201,300,21,0.055859
Model5,2pop,18,301,400,10,0.0280641
Model5,2pop,18,401,500,16,0.0455769
Model5,2pop,18,501,600,19,0.0555256
Model5,2pop,18,601,700,21,0.0640513
Model5,2pop,18,701,800,19,0.0391795
Model5,2pop,18,801,900,16,0.0520256
Model5,2pop,18,901,1000,5,0.0172308
Model5,2pop,7,1,100,9,0.0176795
Model5,2pop,7,101,200,11,0.0137692
Model5,2pop,7,201,300,5,0.0115128
Model5,2pop,7,301,400,8,0.0103333
Model5,2pop,7,401,500,6,0.0146282
Model5,2pop,7,501,600,4,0.00469231
Model5,2pop,7,601,700,7,0.0129103
Model5,2pop,7,701,800,11,0.0192051
Model5,2pop,7,801,900,7,0.0148077
Model5,2pop,7,901,1000,4,0.00762821
Model5,2pop,14,1,100,14,0.0547179
Model5,2pop,14,101,200,17,0.0529615
Model5,2pop,14,201,300,17,0.0401154
Model5,2pop,14,301,400,12,0.0335256
Model5,2pop,14,401,500,16,0.0535641
Model5,2pop,14,501,600,13,0.0439359
Model5,2pop,14,601,700,20,0.0756667
Model5,2pop,14,701,800,10,0.0374231
Model5,2pop,14,801,900,11,0.0317179
Model5,2pop,14,901,1000,18,0.0548462
Model5,2pop,9,1,100,13,0.0359103
Model5,2pop,9,101,200,14,0.0254487
Model5,2pop,9,201,300,16,0.031141
Model5,2pop,9,301,400,11,0.0221282
Model5,2pop,9,401,500,12,0.0200897
Model5,2pop,9,501,600,14,0.0314487
Model5,2pop,9,601,700,14,0.0265128
Model5,2pop,9,701,800,17,0.0351923
Model5,2pop,9,801,900,12,0.0229231
Model5,2pop,9,901,1000,14,0.0312564
Model5,2pop,7,1,100,8,0.0120641
Model5,2pop,7,101,200,11,0.0385
Model5,2pop,7,201,300,3,0.00242308
Model5,2pop,7,301,400,4,0.00897436
Model5,2pop,7,401,500,11,0.0233333
Model5,2pop,7,501,600,6,0.0132179
Model5,2pop,7,601,700,6,0.00870513
Model5,2pop,7,701,800,7,0.0133205
Model5,2pop,7,801,900,9,0.0245
Model5,2pop,7,901,1000,7,0.0104744
Model5,2pop,9,1,100,11,0.0185513
Model5,2pop,9,101,200,12,0.0258333
Model5,2pop,9,201,300,11,0.0245769
Model5,2pop,9,301,400,3,0.00684615
Model5,2pop,9,401,500,12,0.0345769
Model5,2pop,9,501,600,10,0.0245256
Model5,2pop,9,601,700,11,0.0215385
Model5,2pop,9,701,800,16,0.0340897
Model5,2pop,9,801,900,11,0.0317051
Model5,2pop,9,901,1000,17,0.0287949
Model5,2pop,6,1,100,13,0.0267949
Model5,2pop,6,101,200,11,0.0247949
Model5,2pop,6,201,300,9,0.0226538
Model5,2pop,6,301,400,12,0.0218718
Model5,2pop,6,401,500,6,0.0122949
Model5,2pop,6,501,600,12,0.0196154
Model5,2pop,6,601,700,12,0.0270128
Model5,2pop,6,701,800,10,0.0225897
Model5,2pop,6,801,900,10,0.0175
Model5,2pop,6,901,1000,8,0.00796154
Model5,2pop,10,1,100,10,0.0186282
Model5,2pop,10,101,200,14,0.0364231
Model5,2pop,10,201,300,12,0.0439872
Model5,2pop,10,301,400,17,0.0485513
Model5,2pop,10,401,500,13,0.0363974
Model5,2pop,10,501,600,17,0.0325513
Model5,2pop,10,601,700,11,0.0235641
Model5,2pop,10,701,800,20,0.0392949
Model5,2pop,10,801,900,16,0.0511154
Model5,2pop,10,901,1000,19,0.0503205
Model5,2pop,11,1,100,13,0.0132949
Model5,2pop,11,101,200,10,0.022
Model5,2pop,11,201,300,18,0.0406923
Model5,2pop,11,301,400,7,0.0211667
Model5,2pop,11,401,500,11,0.0300128
Model5,2pop,11,501,600,11,0.0214744
Model5,2pop,11,601,700,14,0.0337692
Model5,2pop,11,701,800,10,0.0185128
Model5,2pop,11,801,900,10,0.0172436
Model5,2pop,11,901,1000,17,0.0373974
Model5,2pop,7,1,100,12,0.0307821
Model5,2pop,7,101,200,7,0.0146667
Model5,2pop,7,201,300,9,0.0221154
Model5,2pop,7,301,400,12,0.0413333
Model5,2pop,7,401,500,6,0.0205128
Model5,2pop,7,501,600,14,0.0346538
Model5,2pop,7,601,700,13,0.0399103
Model5,2pop,7,701,800,8,0.0212308
Model5,2pop,7,801,900,13,0.0332821
Model5,2pop,7,901,1000,6,0.0242564
Model5,2pop,5,1,100,17,0.0587051
Model5,2pop,5,101,200,18,0.0720897
Model5,2pop,5,201,300,21,0.069141
Model5,2pop,5,301,400,14,0.0455641
Model5,2pop,5,401,500,14,0.0438462
Model5,2pop,5,501,600,16,0.0626795
Model5,2pop,5,601,700,9,0.0309359
Model5,2pop,5,701,800,13,0.0523333
Model5,2pop,5,801,900,12,0.0283333
Model5,2pop,5,901,1000,11,0.0335641
Model5,2pop,15,1,100,16,0.0401154
Model5,2pop,15,101,200,19,0.0360128
Model5,2pop,15,201,300,9,0.0192949
Model5,2pop,15,301,400,19,0.0401667
Model5,2pop,15,401,500,19,0.0415128
Model5,2pop,15,501,600,17,0.053859
Model5,2pop,15,601,700,16,0.043359
Model5,2pop,15,701,800,10,0.019
Model5,2pop,15,801,900,14,0.0299231
Model5,2pop,15,901,1000,14,0.0433846
Model5,2pop,8,1,100,14,0.0303462
Model5,2pop,8,101,200,17,0.0292564
Model5,2pop,8,201,300,13,0.0292179
Model5,2pop,8,301,400,9,0.0206923
Model5,2pop,8,401,500,17,0.030141
Model5,2pop,8,501,600,13,0.0316026
Model5,2pop,8,601,700,12,0.0218205
Model5,2pop,8,701,800,10,0.0249487
Model5,2pop,8,801,900,16,0.0425128
Model5,2pop,8,901,1000,9,0.0149103
Model5,2pop,2,1,100,13,0.0306026
Model5,2pop,2,101,200,4,0.00997436
Model5,2pop,2,201,300,7,0.0142051
Model5,2pop,2,301,400,9,0.0171795
Model5,2pop,2,401,500,8,0.0241282
Model5,2pop,2,501,600,7,0.0123718
Model5,2pop,2,601,700,10,0.0268974
Model5,2pop,2,701,800,6,0.0172308
Model5,2pop,2,801,900,13,0.0329744
Model5,2pop,2,901,1000,10,0.0212179
Model5,2pop,19,1,100,15,0.0476154
Model5,2pop,19,101,200,18,0.0600897
Model5,2pop,19,201,300,21,0.0861667
Model5,2pop,19,301,400,14,0.0506154
Model5,2pop,19,401,500,16,0.0562308
Model5,2pop,19,501,600,18,0.0706538
Model5,2pop,19,601,700,8,0.0310128
Model5,2pop,19,701,800,13,0.0383974
Model5,2pop,19,801,900,10,0.0442949
Model5,2pop,19,901,1000,15,0.0518718
Model5,2pop,7,1,100,5,0.00811538
Model5,2pop,7,101,200,5,0.0025
Model5,2pop,7,201,300,9,0.0108333
Model5,2pop,7,301,400,6,0.0113718
Model5,2pop,7,401,500,7,0.0165385
Model5,2pop,7,501,600,9,0.0175769
Model5,2pop,7,601,700,7,0.00991026
Model5,2pop,7,701,800,8,0.0165641
Model5,2pop,7,801,900,7,0.00576923
Model5,2pop,7,901,1000,7,0.0080641
Model5,2pop,12,1,100,14,0.0377821
Model5,2pop,12,101,200,20,0.0603333
Model5,2pop,12,201,300,14,0.0434744
Model5,2pop,12,301,400,17,0.0534744
Model5,2pop,12,401,500,19,0.0515385
Model5,2pop,12,501,600,14,0.0359487
Model5,2pop,12,601,700,11,0.0312179
Model5,2pop,12,701,800,13,0.033141
Model5,2pop,12,801,900,15,0.0366282
Model5,2pop,12,901,1000,14,0.0505128
Model5,2pop,5,1,100,10,0.0233077
Model5,2pop,5,101,200,17,0.0330897
Model5,2pop,5,201,300,18,0.0417692
Model5,2pop,5,301,400,15,0.0371282
Model5,2pop,5,401,500,14,0.0361538
Model5,2pop,5,501,600,13,0.0302949
Model5,2pop,5,601,700,15,0.0270769
Model5,2pop,5,701,800,15,0.0391923
Model5,2pop,5,801,900,16,0.0349615
Model5,2pop,5,901,1000,16,0.0454103
Model5,2pop,18,1,100,7,0.0125641
Model5,2pop,18,101,200,15,0.0257308
Model5,2pop,18,201,300,22,0.0407949
Model5,2pop,18,301,400,15,0.0256538
Model5,2pop,18,401,500,13,0.0251282
Model5,2pop,18,501,600,6,0.0121154
Model5,2pop,18,601,700,13,0.0261026
Model5,2pop,18,701,800,7,0.00682051
Model5,2pop,18,801,900,9,0.0147179
Model5,2pop,18,901,1000,13,0.0244359
Model5,2pop,9,1,100,9,0.0109487
Model5,2pop,9,101,200,9,0.0141667
Model5,2pop,9,201,300,9,0.00858974
Model5,2pop,9,301,400,7,0.0103718
Model5,2pop,9,401,500,9,0.00910256
Model5,2pop,9,501,600,6,0.00733333
Model5,2pop,9,601,700,7,0.00935897
Model5,2pop,9,701,800,9,0.0118462
Model5,2pop,9,801,900,9,0.0132821
Model5,2pop,9,901,1000,6,0.0113077
Model5,2pop,8,1,100,6,0.00729487
Model5,2pop,8,101,200,10,0.0248205
Model5,2pop,8,201,300,4,0.006
Model5,2pop,8,301,400,6,0.0130897
Model5,2pop,8,401,500,11,0.0260513
Model5,2pop,8,501,600,8,0.0229231
Model5,2pop,8,601,700,8,0.0182308
Model5,2pop,8,701,800,7,0.00619231
Model5,2pop,8,801,900,6,0.0167692
Model5,2pop,8,901,1000,9,0.0264744
Model5,2pop,12,1,100,10,0.0248077
Model5,2pop,12,101,200,9,0.0204872
Model5,2pop,12,201,300,17,0.0412179
Model5,2pop,12,301,400,19,0.0446923
Model5,2pop,12,401,500,14,0.0266795
Model5,2pop,12,501,600,9,0.0282436
Model5,2pop,12,601,700,19,0.0476667
Model5,2pop,12,701,800,14,0.0335513
Model5,2pop,12,801,900,13,0.0241154
Model5,2pop,12,901,1000,16,0.0383846
Model5,2pop,8,1,100,8,0.0112692
Model5,2pop,8,101,200,6,0.00526923
Model5,2pop,8,201,300,6,0.0102564
Model5,2pop,8,301,400,6,0.00884615
Model5,2pop,8,401,500,9,0.0165769
Model5,2pop,8,501,600,7,0.014141
Model5,2pop,8,601,700,3,0.00396154
Model5,2pop,8,701,800,6,0.0101923
Model5,2pop,8,801,900,5,0.0125897
Model5,2pop,8,901,1000,6,0.00794872
Model5,2pop,15,1,100,31,0.128256
Model5,2pop,15,101,200,32,0.114705
Model5,2pop,15,201,300,17,0.0602436
Model5,2pop,15,301,400,21,0.0532692
Model5,2pop,15,401,500,22,0.0801795
Model5,2pop,15,501,600,25,0.090359
Model5,2pop,15,601,700,20,0.0702821
Model5,2pop,15,701,800,31,0.114269
Model5,2pop,15,801,900,22,0.0561538
Model5,2pop,15,901,1000,19,0.0716154
Model5,2pop,4,1,100,15,0.0464487
Model5,2pop,4,101,200,12,0.027141
Model5,2pop,4,201,300,14,0.0520641
Model5,2pop,4,301,400,12,0.0295128
Model5,2pop,4,401,500,17,0.0655256
Model5,2pop,4,501,600,6,0.026859
Model5,2pop,4,601,700,15,0.0475128
Model5,2pop,4,701,800,12,0.037859
Model5,2pop,4,801,900,14,0.048641
Model5,2pop,4,901,1000,23,0.0816538
Model5,2pop,0,1,100,8,0.0116154
Model5,2pop,0,101,200,9,0.0180513
Model5,2pop,0,201,300,7,0.0134231
Model5,2pop,0,301,400,6,0.0161795
Model5,2pop,0,401,500,14,0.0197564
Model5,2pop,0,501,600,13,0.0249103
Model5,2pop,0,601,700,8,0.0141026
Model5,2pop,0,701,800,5,0.011141
Model5,2pop,0,801,900,2,0.00455128
Model5,2pop,0,901,1000,7,0.0168205
Model5,2pop,0,1,100,10,0.0149103
Model5,2pop,0,101,200,9,0.0158077
Model5,2pop,0,201,300,9,0.0147692
Model5,2pop,0,301,400,5,0.00519231
Model5,2pop,0,401,500,5,0.00860256
Model5,2pop,0,501,600,14,0.0218205
Model5,2pop,0,601,700,9,0.0152821
Model5,2pop,0,701,800,13,0.0195
Model5,2pop,0,801,900,10,0.0201923
Model5,2pop,0,901,1000,4,0.00651282
Model5,2pop,2,1,100,2,0.00907692
Model5,2pop,2,101,200,7,0.0208333
Model5,2pop,2,201,300,8,0.0203462
Model5,2pop,2,301,400,10,0.0143846
Model5,2pop,2,401,500,11,0.0152949
Model5,2pop,2,501,600,13,0.0337308
Model5,2pop,2,601,700,8,0.0176795
Model5,2pop,2,701,800,7,0.0218333
Model5,2pop,2,801,900,12,0.0223846
Model5,2pop,2,901,1000,16,0.0302051
