Model,Pop,CHROM,BIN_START,BIN_END,N_VARIANTS,PI
Model4,3pop,18,1,100,13,0.039096
Model4,3pop,18,101,200,14,0.0380452
Model4,3pop,18,201,300,17,0.0337062
Model4,3pop,18,301,400,17,0.0332994
Model4,3pop,18,401,500,21,0.0508644
Model4,3pop,18,501,600,12,0.0401977
Model4,3pop,18,601,700,18,0.0392034
Model4,3pop,18,701,800,14,0.0332373
Model4,3pop,18,801,900,16,0.0435085
Model4,3pop,18,901,1000,16,0.0447571
Model4,3pop,12,1,100,11,0.0220734
Model4,3pop,12,101,200,10,0.0196158
Model4,3pop,12,201,300,10,0.0265254
Model4,3pop,12,301,400,5,0.0122768
Model4,3pop,12,401,500,11,0.027339
Model4,3pop,12,501,600,9,0.0171299
Model4,3pop,12,601,700,9,0.0206554
Model4,3pop,12,701,800,12,0.0216384
Model4,3pop,12,801,900,8,0.0189492
Model4,3pop,12,901,1000,8,0.00819209
Model4,3pop,16,1,100,15,0.0570056
Model4,3pop,16,101,200,16,0.0394463
Model4,3pop,16,201,300,16,0.048904
Model4,3pop,16,301,400,16,0.0314011
Model4,3pop,16,401,500,15,0.0433446
Model4,3pop,16,501,600,10,0.0345028
Model4,3pop,16,601,700,14,0.0497797
Model4,3pop,16,701,800,14,0.0454746
Model4,3pop,16,801,900,10,0.0287684
Model4,3pop,16,901,1000,13,0.0444859
Model4,3pop,2,1,100,12,0.0275537
Model4,3pop,2,101,200,17,0.047209
Model4,3pop,2,201,300,14,0.0503616
Model4,3pop,2,301,400,14,0.034774
Model4,3pop,2,401,500,18,0.0558588
Model4,3pop,2,501,600,9,0.0244972
Model4,3pop,2,601,700,19,0.0341751
Model4,3pop,2,701,800,22,0.0661412
Model4,3pop,2,801,900,19,0.0505254
Model4,3pop,2,901,1000,8,0.0144746
Model4,3pop,2,1,100,19,0.0396215
Model4,3pop,2,101,200,11,0.0206554
Model4,3pop,2,201,300,12,0.0307684
Model4,3pop,2,301,400,13,0.0328418
Model4,3pop,2,401,500,13,0.0222542
Model4,3pop,2,501,600,12,0.0149548
Model4,3pop,2,601,700,10,0.0176497
Model4,3pop,2,701,800,10,0.0334181
Model4,3pop,2,801,900,13,0.0277966
Model4,3pop,2,901,1000,10,0.0296554
Model4,3pop,4,1,100,24,0.0237853
Model4,3pop,4,101,200,13,0.0167062
Model4,3pop,4,201,300,16,0.0220282
Model4,3pop,4,301,400,16,0.0270508
Model4,3pop,4,401,500,9,0.00963277
Model4,3pop,4,501,600,17,0.0189096
Model4,3pop,4,601,700,14,0.0172994
Model4,3pop,4,701,800,14,0.012791
Model4,3pop,4,801,900,18,0.0172881
Model4,3pop,4,901,1000,22,0.0205706
Model4,3pop,15,1,100,14,0.040096
Model4,3pop,15,101,200,12,0.0348362
Model4,3pop,15,201,300,11,0.0179153
Model4,3pop,15,301,400,13,0.0301243
Model4,3pop,15,401,500,12,0.0279831
Model4,3pop,15,501,600,16,0.031904
Model4,3pop,15,601,700,18,0.0440452
Model4,3pop,15,701,800,13,0.0359887
Model4,3pop,15,801,900,18,0.0315537
Model4,3pop,15,901,1000,15,0.0377627
Model4,3pop,8,1,100,18,0.036322
Model4,3pop,8,101,200,5,0.00990395
Model4,3pop,8,201,300,18,0.0280113
Model4,3pop,8,301,400,12,0.0187175
Model4,3pop,8,401,500,11,0.0168136
Model4,3pop,8,501,600,12,0.0192938
Model4,3pop,8,601,700,15,0.0294972
Model4,3pop,8,701,800,10,0.0205537
Model4,3pop,8,801,900,11,0.0184689
Model4,3pop,8,901,1000,9,0.0135141
Model4,3pop,8,1,100,6,0.0117458
Model4,3pop,8,101,200,13,0.0304746
Model4,3pop,8,201,300,8,0.0108588
Model4,3pop,8,301,400,12,0.0172203
Model4,3pop,8,401,500,9,0.017887
Model4,3pop,8,501,600,13,0.0257232
Model4,3pop,8,601,700,13,0.025435
Model4,3pop,8,701,800,5,0.00665537
Model4,3pop,8,801,900,7,0.00933898
Model4,3pop,8,901,1000,5,0.0134181
Model4,3pop,2,1,100,10,0.0153503
Model4,3pop,2,101,200,9,0.0113164
Model4,3pop,2,201,300,15,0.0422599
Model4,3pop,2,301,400,13,0.0318475
Model4,3pop,2,401,500,18,0.0703672
Model4,3pop,2,501,600,17,0.0564294
Model4,3pop,2,601,700,16,0.0313785
Model4,3pop,2,701,800,15,0.0389944
Model4,3pop,2,801,900,11,0.0382768
Model4,3pop,2,901,1000,14,0.0361525
Model4,3pop,0,1,100,20,0.0467797
Model4,3pop,0,101,200,15,0.0372994
Model4,3pop,0,201,300,17,0.0381808
Model4,3pop,0,301,400,21,0.0450508
Model4,3pop,0,401,500,14,0.0464237
Model4,3pop,0,501,600,23,0.0579153
Model4,3pop,0,601,700,16,0.0356723
Model4,3pop,0,701,800,15,0.0393164
Model4,3pop,0,801,900,16,0.041226
Model4,3pop,0,901,1000,20,0.0482655
Model4,3pop,17,1,100,25,0.0719718
Model4,3pop,17,101,200,20,0.0608701
Model4,3pop,17,201,300,24,0.0902768
Model4,3pop,17,301,400,22,0.0522825
Model4,3pop,17,401,500,25,0.0708305
Model4,3pop,17,501,600,19,0.0652034
Model4,3pop,17,601,700,24,0.0789944
Model4,3pop,17,701,800,24,0.0872147
Model4,3pop,17,801,900,25,0.0745819
Model4,3pop,17,901,1000,14,0.0413446
Model4,3pop,4,1,100,14,0.0269548
Model4,3pop,4,101,200,12,0.0170282
Model4,3pop,4,201,300,12,0.0327175
Model4,3pop,4,301,400,12,0.0240565
Model4,3pop,4,401,500,9,0.0188418
Model4,3pop,4,501,600,9,0.0202316
Model4,3pop,4,601,700,20,0.0356554
Model4,3pop,4,701,800,12,0.0219096
Model4,3pop,4,801,900,14,0.0269887
Model4,3pop,4,901,1000,12,0.0176271
Model4,3pop,13,1,100,11,0.028661
Model4,3pop,13,101,200,14,0.0371977
Model4,3pop,13,201,300,14,0.0400395
Model4,3pop,13,301,400,14,0.0307853
Model4,3pop,13,401,500,16,0.0328079
Model4,3pop,13,501,600,14,0.0241921
Model4,3pop,13,601,700,13,0.0286384
Model4,3pop,13,701,800,16,0.0610113
Model4,3pop,13,801,900,13,0.0494859
Model4,3pop,13,901,1000,6,0.0143503
Model4,3pop,4,1,100,12,0.026774
Model4,3pop,4,101,200,14,0.038904
Model4,3pop,4,201,300,18,0.0413785
Model4,3pop,4,301,400,9,0.0190734
Model4,3pop,4,401,500,13,0.036113
Model4,3pop,4,501,600,11,0.0162599
Model4,3pop,4,601,700,11,0.0182994
Model4,3pop,4,701,800,17,0.039791
Model4,3pop,4,801,900,12,0.0248927
Model4,3pop,4,901,1000,14,0.0290169
Model4,3pop,4,1,100,15,0.0320678
Model4,3pop,4,101,200,12,0.0224068
Model4,3pop,4,201,300,14,0.0211356
Model4,3pop,4,301,400,13,0.0261864
Model4,3pop,4,401,500,14,0.0223446
Model4,3pop,4,501,600,15,0.0411921
Model4,3pop,4,601,700,10,0.0197966
Model4,3pop,4,701,800,16,0.0380169
Model4,3pop,4,801,900,12,0.0311243
Model4,3pop,4,901,1000,15,0.0342147
Model4,3pop,11,1,100,12,0.0495763
Model4,3pop,11,101,200,12,0.0368023
Model4,3pop,11,201,300,21,0.063339
Model4,3pop,11,301,400,12,0.0449153
Model4,3pop,11,401,500,12,0.0320621
Model4,3pop,11,501,600,12,0.0199661
Model4,3pop,11,601,700,14,0.0415028
Model4,3pop,11,701,800,11,0.0270226
Model4,3pop,11,801,900,25,0.0800452
Model4,3pop,11,901,1000,18,0.0568362
Model4,3pop,19,1,100,26,0.0897797
Model4,3pop,19,101,200,24,0.0873898
Model4,3pop,19,201,300,35,0.115644
Model4,3pop,19,301,400,23,0.0801525
Model4,3pop,19,401,500,24,0.0751582
Model4,3pop,19,501,600,28,0.100113
Model4,3pop,19,601,700,20,0.0752373
Model4,3pop,19,701,800,19,0.066113
Model4,3pop,19,801,900,27,0.102514
Model4,3pop,19,901,1000,25,0.0868644
Model4,3pop,10,1,100,19,0.0528701
Model4,3pop,10,101,200,23,0.0519322
Model4,3pop,10,201,300,22,0.0605537
Model4,3pop,10,301,400,26,0.0669548
Model4,3pop,10,401,500,14,0.0444802
Model4,3pop,10,501,600,20,0.0423955
Model4,3pop,10,601,700,21,0.0572825
Model4,3pop,10,701,800,25,0.0613446
Model4,3pop,10,801,900,26,0.0769492
Model4,3pop,10,901,1000,13,0.0321412
Model4,3pop,0,1,100,18,0.0466723
Model4,3pop,0,101,200,23,0.0511412
Model4,3pop,0,201,300,16,0.0396328
Model4,3pop,0,301,400,20,0.034452
Model4,3pop,0,401,500,15,0.0251412
Model4,3pop,0,501,600,21,0.0328079
Model4,3pop,0,601,700,17,0.0344407
Model4,3pop,0,701,800,22,0.0545593
Model4,3pop,0,801,900,18,0.0464407
Model4,3pop,0,901,1000,18,0.0379774
Model4,3pop,15,1,100,9,0.0191243
Model4,3pop,15,101,200,15,0.0220508
Model4,3pop,15,201,300,11,0.0186158
Model4,3pop,15,301,400,10,0.0187514
Model4,3pop,15,401,500,14,0.020887
Model4,3pop,15,501,600,15,0.0286949
Model4,3pop,15,601,700,12,0.0233446
Model4,3pop,15,701,800,14,0.0301977
Model4,3pop,15,801,900,16,0.0318249
Model4,3pop,15,901,1000,8,0.0167627
Model4,3pop,10,1,100,12,0.0144633
Model4,3pop,10,101,200,10,0.025565
Model4,3pop,10,201,300,12,0.0376441
Model4,3pop,10,301,400,10,0.023565
Model4,3pop,10,401,500,16,0.0418249
Model4,3pop,10,501,600,19,0.0326441
Model4,3pop,10,601,700,10,0.033096
Model4,3pop,10,701,800,14,0.0318701
Model4,3pop,10,801,900,13,0.0372542
Model4,3pop,10,901,1000,13,0.0349379
Model4,3pop,11,1,100,9,0.0156384
Model4,3pop,11,101,200,15,0.0386158
Model4,3pop,11,201,300,21,0.0379435
Model4,3pop,11,301,400,14,0.0387571
Model4,3pop,11,401,500,10,0.0296271
Model4,3pop,11,501,600,17,0.0482373
Model4,3pop,11,601,700,21,0.0405706
Model4,3pop,11,701,800,19,0.0561638
Model4,3pop,11,801,900,22,0.0653955
Model4,3pop,11,901,1000,19,0.0554463
Model4,3pop,11,1,100,15,0.0521017
Model4,3pop,11,101,200,12,0.0330904
Model4,3pop,11,201,300,10,0.0232825
Model4,3pop,11,301,400,14,0.0211695
Model4,3pop,11,401,500,8,0.0192768
Model4,3pop,11,501,600,19,0.0526045
Model4,3pop,11,601,700,16,0.0326836
Model4,3pop,11,701,800,8,0.0234689
Model4,3pop,11,801,900,18,0.0457514
Model4,3pop,11,901,1000,15,0.0415198
Model4,3pop,1,1,100,17,0.0403559
Model4,3pop,1,101,200,19,0.0431186
Model4,3pop,1,201,300,23,0.0654746
Model4,3pop,1,301,400,18,0.0433277
Model4,3pop,1,401,500,18,0.0429887
Model4,3pop,1,501,600,21,0.0405254
Model4,3pop,1,601,700,10,0.0226384
Model4,3pop,1,701,800,12,0.0264576
Model4,3pop,1,801,900,23,0.0568983
Model4,3pop,1,901,1000,16,0.036
Model4,3pop,5,1,100,23,0.0507401
Model4,3pop,5,101,200,7,0.0173672
Model4,3pop,5,201,300,12,0.0286441
Model4,3pop,5,301,400,15,0.0304407
Model4,3pop,5,401,500,18,0.0393729
Model4,3pop,5,501,600,7,0.0117966
Model4,3pop,5,601,700,16,0.0344915
Model4,3pop,5,701,800,19,0.0384407
Model4,3pop,5,801,900,19,0.0482542
Model4,3pop,5,901,1000,17,0.0423729
Model4,3pop,7,1,100,18,0.0548983
Model4,3pop,7,101,200,10,0.0340395
Model4,3pop,7,201,300,13,0.0381751
Model4,3pop,7,301,400,15,0.0418305
Model4,3pop,7,401,500,15,0.0359435
Model4,3pop,7,501,600,14,0.0351017
Model4,3pop,7,601,700,11,0.0306158
Model4,3pop,7,701,800,16,0.0451243
Model4,3pop,7,801,900,13,0.0408249
Model4,3pop,7,901,1000,6,0.0191412
Model4,3pop,8,1,100,21,0.0502655
Model4,3pop,8,101,200,29,0.0888814
Model4,3pop,8,201,300,25,0.0574915
Model4,3pop,8,301,400,18,0.0484972
Model4,3pop,8,401,500,24,0.0678192
Model4,3pop,8,501,600,19,0.0622147
Model4,3pop,8,601,700,18,0.0617062
Model4,3pop,8,701,800,22,0.0663616
Model4,3pop,8,801,900,17,0.0452712
Model4,3pop,8,901,1000,26,0.0838531
Model4,3pop,3,1,100,14,0.0302486
Model4,3pop,3,101,200,17,0.0443503
Model4,3pop,3,201,300,17,0.0542881
Model4,3pop,3,301,400,19,0.0540734
Model4,3pop,3,401,500,20,0.0566949
Model4,3pop,3,501,600,15,0.0519379
Model4,3pop,3,601,700,16,0.0410282
Model4,3pop,3,701,800,22,0.0730621
Model4,3pop,3,801,900,20,0.0547175
Model4,3pop,3,901,1000,22,0.0701243
Model4,3pop,4,1,100,25,0.0812429
Model4,3pop,4,101,200,25,0.0913729
Model4,3pop,4,201,300,28,0.0961977
Model4,3pop,4,301,400,20,0.0665085
Model4,3pop,4,401,500,20,0.0604915
Model4,3pop,4,501,600,24,0.081226
Model4,3pop,4,601,700,21,0.0636328
Model4,3pop,4,701,800,22,0.0709774
Model4,3pop,4,801,900,22,0.0699831
Model4,3pop,4,901,1000,27,0.0939944
Model4,3pop,5,1,100,9,0.0138757
Model4,3pop,5,101,200,17,0.0415367
Model4,3pop,5,201,300,21,0.0446215
Model4,3pop,5,301,400,18,0.038678
Model4,3pop,5,401,500,17,0.0347627
Model4,3pop,5,501,600,15,0.0321017
Model4,3pop,5,601,700,24,0.0385876
Model4,3pop,5,701,800,6,0.0122034
Model4,3pop,5,801,900,2,0.00292655
Model4,3pop,5,901,1000,14,0.0264689
Model4,3pop,3,1,100,16,0.0374294
Model4,3pop,3,101,200,13,0.0227797
Model4,3pop,3,201,300,2,0.00268362
Model4,3pop,3,301,400,12,0.0261243
Model4,3pop,3,401,500,14,0.0303672
Model4,3pop,3,501,600,16,0.0301582
Model4,3pop,3,601,700,10,0.00970621
Model4,3pop,3,701,800,17,0.0289605
Model4,3pop,3,801,900,11,0.0253672
Model4,3pop,3,901,1000,11,0.0307062
Model4,3pop,11,1,100,10,0.0216554
Model4,3pop,11,101,200,12,0.0181921
Model4,3pop,11,201,300,11,0.0282655
Model4,3pop,11,301,400,12,0.0261921
Model4,3pop,11,401,500,7,0.00735028
Model4,3pop,11,501,600,10,0.0236893
Model4,3pop,11,601,700,8,0.0112655
Model4,3pop,11,701,800,11,0.0327853
Model4,3pop,11,801,900,13,0.0210113
Model4,3pop,11,901,1000,14,0.0246441
Model4,3pop,8,1,100,14,0.0381695
Model4,3pop,8,101,200,12,0.0254294
Model4,3pop,8,201,300,10,0.0162316
Model4,3pop,8,301,400,12,0.0337288
Model4,3pop,8,401,500,15,0.0340904
Model4,3pop,8,501,600,18,0.0316949
Model4,3pop,8,601,700,11,0.0249153
Model4,3pop,8,701,800,9,0.0232147
Model4,3pop,8,801,900,13,0.0307571
Model4,3pop,8,901,1000,12,0.0288814
Model4,3pop,6,1,100,7,0.00757062
Model4,3pop,6,101,200,13,0.0179379
Model4,3pop,6,201,300,11,0.010113
Model4,3pop,6,301,400,13,0.0161977
Model4,3pop,6,401,500,8,0.0104463
Model4,3pop,6,501,600,7,0.00638418
Model4,3pop,6,601,700,7,0.012
Model4,3pop,6,701,800,10,0.00770621
Model4,3pop,6,801,900,13,0.0145254
Model4,3pop,6,901,1000,11,0.0116949
Model4,3pop,8,1,100,17,0.0612938
Model4,3pop,8,101,200,21,0.0828362
Model4,3pop,8,201,300,21,0.0797232
Model4,3pop,8,301,400,26,0.0907458
Model4,3pop,8,401,500,23,0.0903277
Model4,3pop,8,501,600,21,0.0637288
Model4,3pop,8,601,700,15,0.0598136
Model4,3pop,8,701,800,26,0.0829492
Model4,3pop,8,801,900,26,0.0894068
Model4,3pop,8,901,1000,21,0.085678
Model4,3pop,15,1,100,12,0.018226
Model4,3pop,15,101,200,11,0.0140734
Model4,3pop,15,201,300,21,0.0434576
Model4,3pop,15,301,400,8,0.0154972
Model4,3pop,15,401,500,5,0.00677401
Model4,3pop,15,501,600,13,0.0275932
Model4,3pop,15,601,700,11,0.0183729
Model4,3pop,15,701,800,9,0.0205819
Model4,3pop,15,801,900,11,0.0246893
Model4,3pop,15,901,1000,10,0.0223107
Model4,3pop,19,1,100,10,0.0153164
Model4,3pop,19,101,200,9,0.0165989
Model4,3pop,19,201,300,7,0.00447458
Model4,3pop,19,301,400,12,0.0199887
Model4,3pop,19,401,500,11,0.0165763
Model4,3pop,19,501,600,4,0.00671751
Model4,3pop,19,601,700,7,0.0167797
Model4,3pop,19,701,800,11,0.0165424
Model4,3pop,19,801,900,8,0.0104633
Model4,3pop,19,901,1000,9,0.0211073
Model4,3pop,7,1,100,10,0.00827119
Model4,3pop,7,101,200,5,0.00719209
Model4,3pop,7,201,300,13,0.0187627
Model4,3pop,7,301,400,13,0.0168475
Model4,3pop,7,401,500,16,0.0245819
Model4,3pop,7,501,600,13,0.0246497
Model4,3pop,7,601,700,19,0.0223898
Model4,3pop,7,701,800,16,0.0263729
Model4,3pop,7,801,900,12,0.00833898
Model4,3pop,7,901,1000,12,0.0138983
Model4,3pop,17,1,100,18,0.041113
Model4,3pop,17,101,200,23,0.0605932
Model4,3pop,17,201,300,23,0.0611073
Model4,3pop,17,301,400,20,0.0723051
Model4,3pop,17,401,500,18,0.0700452
Model4,3pop,17,501,600,16,0.0502147
Model4,3pop,17,601,700,6,0.0233729
Model4,3pop,17,701,800,19,0.0622712
Model4,3pop,17,801,900,20,0.0625085
Model4,3pop,17,901,1000,17,0.0487062
Model4,3pop,13,1,100,16,0.0406441
Model4,3pop,13,101,200,9,0.0207458
Model4,3pop,13,201,300,8,0.0134181
Model4,3pop,13,301,400,13,0.0209209
Model4,3pop,13,401,500,19,0.0502542
Model4,3pop,13,501,600,9,0.0171525
Model4,3pop,13,601,700,16,0.0293277
Model4,3pop,13,701,800,9,0.0165424
Model4,3pop,13,801,900,12,0.0348079
Model4,3pop,13,901,1000,14,0.0360565
Model4,3pop,18,1,100,20,0.0686836
Model4,3pop,18,101,200,16,0.0422938
Model4,3pop,18,201,300,12,0.0402712
Model4,3pop,18,301,400,12,0.0361469
Model4,3pop,18,401,500,15,0.0495819
Model4,3pop,18,501,600,15,0.0598305
Model4,3pop,18,601,700,13,0.0340621
Model4,3pop,18,701,800,19,0.0849774
Model4,3pop,18,801,900,17,0.0763446
Model4,3pop,18,901,1000,15,0.0484068
Model4,3pop,8,1,100,12,0.0129322
Model4,3pop,8,101,200,7,0.014435
Model4,3pop,8,201,300,9,0.011226
Model4,3pop,8,301,400,16,0.0288418
Model4,3pop,8,401,500,12,0.0171469
Model4,3pop,8,501,600,13,0.021226
Model4,3pop,8,601,700,8,0.0128701
Model4,3pop,8,701,800,10,0.0134689
Model4,3pop,8,801,900,13,0.0173672
Model4,3pop,8,901,1000,10,0.0168983
Model4,3pop,18,1,100,12,0.0234068
Model4,3pop,18,101,200,15,0.0157345
Model4,3pop,18,201,300,13,0.0147006
Model4,3pop,18,301,400,10,0.0124633
Model4,3pop,18,401,500,11,0.00496045
Model4,3pop,18,501,600,12,0.0177458
Model4,3pop,18,601,700,9,0.0123785
Model4,3pop,18,701,800,18,0.0248079
Model4,3pop,18,801,900,16,0.0247514
Model4,3pop,18,901,1000,12,0.0286497
Model4,3pop,11,1,100,22,0.0838814
Model4,3pop,11,101,200,31,0.103977
Model4,3pop,11,201,300,24,0.103559
Model4,3pop,11,301,400,23,0.0771808
Model4,3pop,11,401,500,30,0.0979379
Model4,3pop,11,501,600,20,0.0715254
Model4,3pop,11,601,700,21,0.0792994
Model4,3pop,11,701,800,24,0.0856723
Model4,3pop,11,801,900,28,0.0881751
Model4,3pop,11,901,1000,20,0.0730621
Model4,3pop,5,1,100,12,0.0251921
Model4,3pop,5,101,200,10,0.0209774
Model4,3pop,5,201,300,9,0.00967232
Model4,3pop,5,301,400,18,0.031113
Model4,3pop,5,401,500,6,0.0116441
Model4,3pop,5,501,600,19,0.0444407
Model4,3pop,5,601,700,10,0.0332147
Model4,3pop,5,701,800,10,0.0238983
Model4,3pop,5,801,900,11,0.029661
Model4,3pop,5,901,1000,18,0.0391525
Model4,3pop,15,1,100,9,0.0148079
Model4,3pop,15,101,200,8,0.012
Model4,3pop,15,201,300,9,0.0116723
Model4,3pop,15,301,400,11,0.0190734
Model4,3pop,15,401,500,9,0.0111751
Model4,3pop,15,501,600,12,0.00939548
Model4,3pop,15,601,700,9,0.017113
Model4,3pop,15,701,800,4,0.00289831
Model4,3pop,15,801,900,11,0.0155198
Model4,3pop,15,901,1000,6,0.0130847
Model4,3pop,13,1,100,12,0.0276384
Model4,3pop,13,101,200,6,0.0183729
Model4,3pop,13,201,300,13,0.0232881
Model4,3pop,13,301,400,9,0.0216215
Model4,3pop,13,401,500,9,0.0181695
Model4,3pop,13,501,600,9,0.0199548
Model4,3pop,13,601,700,7,0.0236441
Model4,3pop,13,701,800,9,0.017661
Model4,3pop,13,801,900,15,0.0323898
Model4,3pop,13,901,1000,9,0.013678
Model4,3pop,11,1,100,21,0.0543898
Model4,3pop,11,101,200,13,0.0320226
Model4,3pop,11,201,300,16,0.0437514
Model4,3pop,11,301,400,14,0.0444407
Model4,3pop,11,401,500,15,0.0373616
Model4,3pop,11,501,600,23,0.0559096
Model4,3pop,11,601,700,22,0.0715367
Model4,3pop,11,701,800,7,0.0196271
Model4,3pop,11,801,900,16,0.0292825
Model4,3pop,11,901,1000,16,0.0479153
Model4,3pop,14,1,100,11,0.0391638
Model4,3pop,14,101,200,14,0.0281412
Model4,3pop,14,201,300,10,0.0276723
Model4,3pop,14,301,400,15,0.0342712
Model4,3pop,14,401,500,14,0.0329379
Model4,3pop,14,501,600,15,0.046678
Model4,3pop,14,601,700,13,0.0302655
Model4,3pop,14,701,800,10,0.0287119
Model4,3pop,14,801,900,9,0.0196441
Model4,3pop,14,901,1000,15,0.031322
Model4,3pop,19,1,100,10,0.0240226
Model4,3pop,19,101,200,12,0.0396045
Model4,3pop,19,201,300,12,0.0535254
Model4,3pop,19,301,400,10,0.0210734
Model4,3pop,19,401,500,12,0.025678
Model4,3pop,19,501,600,11,0.0184859
Model4,3pop,19,601,700,11,0.0273729
Model4,3pop,19,701,800,11,0.0180113
Model4,3pop,19,801,900,10,0.0225819
Model4,3pop,19,901,1000,17,0.0304746
Model4,3pop,17,1,100,17,0.0414633
Model4,3pop,17,101,200,19,0.0558588
Model4,3pop,17,201,300,12,0.0189661
Model4,3pop,17,301,400,14,0.035661
Model4,3pop,17,401,500,13,0.030565
Model4,3pop,17,501,600,13,0.0325706
Model4,3pop,17,601,700,11,0.0233107
Model4,3pop,17,701,800,15,0.0350452
Model4,3pop,17,801,900,18,0.0501243
Model4,3pop,17,901,1000,10,0.0156384
Model4,3pop,16,1,100,17,0.052209
Model4,3pop,16,101,200,10,0.0253785
Model4,3pop,16,201,300,11,0.0317853
Model4,3pop,16,301,400,15,0.0392881
Model4,3pop,16,401,500,21,0.0548701
Model4,3pop,16,501,600,11,0.0280452
Model4,3pop,16,601,700,13,0.0192203
Model4,3pop,16,701,800,13,0.0293729
Model4,3pop,16,801,900,9,0.02
Model4,3pop,16,901,1000,10,0.0250282
Model4,3pop,14,1,100,14,0.0290621
Model4,3pop,14,101,200,11,0.0187514
Model4,3pop,14,201,300,12,0.0288927
Model4,3pop,14,301,400,14,0.035678
Model4,3pop,14,401,500,10,0.0116158
Model4,3pop,14,501,600,13,0.0243446
Model4,3pop,14,601,700,10,0.0201186
Model4,3pop,14,701,800,14,0.034887
Model4,3pop,14,801,900,21,0.0531864
Model4,3pop,14,901,1000,9,0.0120169
Model4,3pop,12,1,100,10,0.027
Model4,3pop,12,101,200,17,0.0576045
Model4,3pop,12,201,300,20,0.0504633
Model4,3pop,12,301,400,11,0.0196102
Model4,3pop,12,401,500,12,0.0407288
Model4,3pop,12,501,600,21,0.0860113
Model4,3pop,12,601,700,17,0.045548
Model4,3pop,12,701,800,12,0.0303051
Model4,3pop,12,801,900,9,0.0257684
Model4,3pop,12,901,1000,16,0.031096
Model4,3pop,1,1,100,15,0.034452
Model4,3pop,1,101,200,15,0.0254068
Model4,3pop,1,201,300,15,0.0324463
Model4,3pop,1,301,400,19,0.0338023
Model4,3pop,1,401,500,11,0.0214407
Model4,3pop,1,501,600,18,0.031435
Model4,3pop,1,601,700,14,0.0280904
Model4,3pop,1,701,800,14,0.0288757
Model4,3pop,1,801,900,17,0.0337627
Model4,3pop,1,901,1000,20,0.0401751
Model4,3pop,5,1,100,15,0.0472034
Model4,3pop,5,101,200,14,0.0245311
Model4,3pop,5,201,300,14,0.0317232
Model4,3pop,5,301,400,9,0.0170282
Model4,3pop,5,401,500,12,0.0319492
Model4,3pop,5,501,600,13,0.0233503
Model4,3pop,5,601,700,12,0.0287401
Model4,3pop,5,701,800,16,0.0552655
Model4,3pop,5,801,900,10,0.0193559
Model4,3pop,5,901,1000,13,0.0320282
Model4,3pop,11,1,100,19,0.0611017
Model4,3pop,11,101,200,22,0.0614972
Model4,3pop,11,201,300,19,0.0608249
Model4,3pop,11,301,400,20,0.0612373
Model4,3pop,11,401,500,21,0.0695989
Model4,3pop,11,501,600,28,0.112797
Model4,3pop,11,601,700,26,0.0784689
Model4,3pop,11,701,800,16,0.0461017
Model4,3pop,11,801,900,17,0.0486384
Model4,3pop,11,901,1000,18,0.0619209
Model4,3pop,7,1,100,12,0.0123051
Model4,3pop,7,101,200,9,0.0190904
Model4,3pop,7,201,300,7,0.0157006
Model4,3pop,7,301,400,8,0.00771751
Model4,3pop,7,401,500,8,0.0118418
Model4,3pop,7,501,600,9,0.019322
Model4,3pop,7,601,700,14,0.0279379
Model4,3pop,7,701,800,11,0.0214463
Model4,3pop,7,801,900,7,0.00858192
Model4,3pop,7,901,1000,6,0.0185141
Model4,3pop,6,1,100,16,0.0198475
Model4,3pop,6,101,200,19,0.0317062
Model4,3pop,6,201,300,25,0.0463107
Model4,3pop,6,301,400,17,0.0195537
Model4,3pop,6,401,500,14,0.0167853
Model4,3pop,6,501,600,19,0.0349209
Model4,3pop,6,601,700,18,0.0180847
Model4,3pop,6,701,800,23,0.0370621
Model4,3pop,6,801,900,17,0.0146723
Model4,3pop,6,901,1000,15,0.0211582
Model4,3pop,2,1,100,10,0.0219944
Model4,3pop,2,101,200,7,0.0181751
Model4,3pop,2,201,300,17,0.0229718
Model4,3pop,2,301,400,9,0.00757062
Model4,3pop,2,401,500,8,0.00593785
Model4,3pop,2,501,600,19,0.0484124
Model4,3pop,2,601,700,14,0.0236893
Model4,3pop,2,701,800,14,0.0221073
Model4,3pop,2,801,900,10,0.0206723
Model4,3pop,2,901,1000,12,0.0192768
Model4,3pop,16,1,100,17,0.036096
Model4,3pop,16,101,200,13,0.0233955
Model4,3pop,16,201,300,10,0.0153277
Model4,3pop,16,301,400,11,0.0263616
Model4,3pop,16,401,500,15,0.0398757
Model4,3pop,16,501,600,16,0.0413616
Model4,3pop,16,601,700,13,0.0230056
Model4,3pop,16,701,800,15,0.0365424
Model4,3pop,16,801,900,14,0.0263333
Model4,3pop,16,901,1000,12,0.0238418
Model4,3pop,5,1,100,20,0.0575141
Model4,3pop,5,101,200,13,0.0155537
Model4,3pop,5,201,300,20,0.0608644
Model4,3pop,5,301,400,14,0.0270226
Model4,3pop,5,401,500,19,0.052661
Model4,3pop,5,501,600,15,0.0406497
Model4,3pop,5,601,700,27,0.0619944
Model4,3pop,5,701,800,22,0.0645254
Model4,3pop,5,801,900,15,0.0398588
Model4,3pop,5,901,1000,21,0.062096
Model4,3pop,12,1,100,6,0.0123729
Model4,3pop,12,101,200,11,0.0170508
Model4,3pop,12,201,300,9,0.0182034
Model4,3pop,12,301,400,10,0.0165028
Model4,3pop,12,401,500,14,0.0212712
Model4,3pop,12,501,600,15,0.030209
Model4,3pop,12,601,700,11,0.0173955
Model4,3pop,12,701,800,10,0.0203785
Model4,3pop,12,801,900,7,0.0109605
Model4,3pop,12,901,1000,8,0.0145763
Model4,3pop,3,1,100,17,0.0425537
Model4,3pop,3,101,200,12,0.0236723
Model4,3pop,3,201,300,21,0.0651977
Model4,3pop,3,301,400,16,0.0466158
Model4,3pop,3,401,500,17,0.0380847
Model4,3pop,3,501,600,20,0.0437006
Model4,3pop,3,601,700,25,0.0758531
Model4,3pop,3,701,800,14,0.0301243
Model4,3pop,3,801,900,22,0.0632994
Model4,3pop,3,901,1000,14,0.046
Model4,3pop,3,1,100,18,0.0444802
Model4,3pop,3,101,200,26,0.0487458
Model4,3pop,3,201,300,24,0.0560847
Model4,3pop,3,301,400,19,0.0526158
Model4,3pop,3,401,500,21,0.0455254
Model4,3pop,3,501,600,25,0.0549379
Model4,3pop,3,601,700,20,0.0659209
Model4,3pop,3,701,800,16,0.0484859
Model4,3pop,3,801,900,26,0.0606723
Model4,3pop,3,901,1000,25,0.057661
Model4,3pop,16,1,100,29,0.0615367
Model4,3pop,16,101,200,23,0.043774
Model4,3pop,16,201,300,25,0.0382147
Model4,3pop,16,301,400,28,0.051678
Model4,3pop,16,401,500,18,0.0365311
Model4,3pop,16,501,600,28,0.0547232
Model4,3pop,16,601,700,31,0.0798475
Model4,3pop,16,701,800,26,0.0519944
Model4,3pop,16,801,900,36,0.0665876
Model4,3pop,16,901,1000,27,0.0531864
Model4,3pop,10,1,100,19,0.0396215
Model4,3pop,10,101,200,11,0.0206554
Model4,3pop,10,201,300,12,0.0307684
Model4,3pop,10,301,400,13,0.0328418
Model4,3pop,10,401,500,13,0.0222542
Model4,3pop,10,501,600,12,0.0149548
Model4,3pop,10,601,700,10,0.0176497
Model4,3pop,10,701,800,10,0.0334181
Model4,3pop,10,801,900,13,0.0277966
Model4,3pop,10,901,1000,10,0.0296554
Model4,3pop,9,1,100,12,0.0420452
Model4,3pop,9,101,200,11,0.0255424
Model4,3pop,9,201,300,10,0.0366836
Model4,3pop,9,301,400,10,0.0262034
Model4,3pop,9,401,500,8,0.0218588
Model4,3pop,9,501,600,16,0.0462712
Model4,3pop,9,601,700,14,0.0438192
Model4,3pop,9,701,800,8,0.0230904
Model4,3pop,9,801,900,14,0.0353051
Model4,3pop,9,901,1000,10,0.0234237
Model4,3pop,19,1,100,11,0.0174746
Model4,3pop,19,101,200,13,0.0196723
Model4,3pop,19,201,300,14,0.0244689
Model4,3pop,19,301,400,10,0.0150734
Model4,3pop,19,401,500,16,0.041661
Model4,3pop,19,501,600,16,0.0372486
Model4,3pop,19,601,700,13,0.0277966
Model4,3pop,19,701,800,12,0.028678
Model4,3pop,19,801,900,15,0.0179831
Model4,3pop,19,901,1000,13,0.0162938
Model4,3pop,6,1,100,15,0.0402825
Model4,3pop,6,101,200,15,0.0492768
Model4,3pop,6,201,300,10,0.0252542
Model4,3pop,6,301,400,6,0.0168136
Model4,3pop,6,401,500,10,0.0314915
Model4,3pop,6,501,600,8,0.0267006
Model4,3pop,6,601,700,9,0.0223955
Model4,3pop,6,701,800,14,0.0514068
Model4,3pop,6,801,900,10,0.0313672
Model4,3pop,6,901,1000,10,0.0219548
Model4,3pop,8,1,100,5,0.0114011
Model4,3pop,8,101,200,10,0.0322938
Model4,3pop,8,201,300,9,0.022096
Model4,3pop,8,301,400,11,0.0272599
Model4,3pop,8,401,500,5,0.00996045
Model4,3pop,8,501,600,9,0.0176723
Model4,3pop,8,601,700,10,0.0292994
Model4,3pop,8,701,800,11,0.0197853
Model4,3pop,8,801,900,8,0.0213672
Model4,3pop,8,901,1000,11,0.0229266
Model4,3pop,1,1,100,15,0.0275706
Model4,3pop,1,101,200,12,0.0329209
Model4,3pop,1,201,300,17,0.0337345
Model4,3pop,1,301,400,13,0.0378588
Model4,3pop,1,401,500,16,0.045435
Model4,3pop,1,501,600,14,0.0274011
Model4,3pop,1,601,700,16,0.0354689
Model4,3pop,1,701,800,11,0.0274633
Model4,3pop,1,801,900,16,0.0407966
Model4,3pop,1,901,1000,18,0.0615763
Model4,3pop,4,1,100,16,0.0317797
Model4,3pop,4,101,200,20,0.0281921
Model4,3pop,4,201,300,16,0.0247401
Model4,3pop,4,301,400,14,0.023548
Model4,3pop,4,401,500,9,0.0158249
Model4,3pop,4,501,600,16,0.0271808
Model4,3pop,4,601,700,13,0.0210508
Model4,3pop,4,701,800,19,0.0361412
Model4,3pop,4,801,900,18,0.0325593
Model4,3pop,4,901,1000,16,0.0208814
Model4,3pop,6,1,100,13,0.0226328
Model4,3pop,6,101,200,13,0.0321751
Model4,3pop,6,201,300,20,0.0592316
Model4,3pop,6,301,400,21,0.0654237
Model4,3pop,6,401,500,16,0.0503729
Model4,3pop,6,501,600,20,0.0593729
Model4,3pop,6,601,700,9,0.0183164
Model4,3pop,6,701,800,16,0.0517401
Model4,3pop,6,801,900,21,0.0524802
Model4,3pop,6,901,1000,12,0.0403277
Model4,3pop,19,1,100,21,0.063887
Model4,3pop,19,101,200,17,0.0451017
Model4,3pop,19,201,300,22,0.0464181
Model4,3pop,19,301,400,20,0.0522542
Model4,3pop,19,401,500,25,0.0703333
Model4,3pop,19,501,600,28,0.084548
Model4,3pop,19,601,700,21,0.0632938
Model4,3pop,19,701,800,22,0.0556271
Model4,3pop,19,801,900,17,0.0380508
Model4,3pop,19,901,1000,18,0.0530169
Model4,3pop,9,1,100,16,0.0437288
Model4,3pop,9,101,200,13,0.0391356
Model4,3pop,9,201,300,19,0.0514124
Model4,3pop,9,301,400,10,0.0370508
Model4,3pop,9,401,500,15,0.0426215
Model4,3pop,9,501,600,11,0.0384689
Model4,3pop,9,601,700,11,0.0268418
Model4,3pop,9,701,800,15,0.0440678
Model4,3pop,9,801,900,9,0.0237514
Model4,3pop,9,901,1000,16,0.042678
Model4,3pop,3,1,100,14,0.0284124
Model4,3pop,3,101,200,12,0.0266497
Model4,3pop,3,201,300,15,0.0333333
Model4,3pop,3,301,400,15,0.0319209
Model4,3pop,3,401,500,15,0.0320169
Model4,3pop,3,501,600,13,0.0212486
Model4,3pop,3,601,700,17,0.0408192
Model4,3pop,3,701,800,18,0.036774
Model4,3pop,3,801,900,15,0.0256667
Model4,3pop,3,901,1000,8,0.0158983
Model4,3pop,6,1,100,10,0.0225311
Model4,3pop,6,101,200,10,0.0218701
Model4,3pop,6,201,300,7,0.0149774
Model4,3pop,6,301,400,13,0.0284407
Model4,3pop,6,401,500,5,0.0111017
Model4,3pop,6,501,600,11,0.018661
Model4,3pop,6,601,700,13,0.0217684
Model4,3pop,6,701,800,9,0.0303503
Model4,3pop,6,801,900,10,0.0129661
Model4,3pop,6,901,1000,10,0.028435
Model4,3pop,7,1,100,10,0.0370452
Model4,3pop,7,101,200,7,0.0183051
Model4,3pop,7,201,300,11,0.0227062
Model4,3pop,7,301,400,12,0.0304972
Model4,3pop,7,401,500,10,0.0229322
Model4,3pop,7,501,600,9,0.0189209
Model4,3pop,7,601,700,8,0.0183107
Model4,3pop,7,701,800,12,0.0196102
Model4,3pop,7,801,900,13,0.024548
Model4,3pop,7,901,1000,13,0.035322
Model4,3pop,12,1,100,24,0.057887
Model4,3pop,12,101,200,17,0.031661
Model4,3pop,12,201,300,20,0.0497062
Model4,3pop,12,301,400,17,0.0392712
Model4,3pop,12,401,500,20,0.0542316
Model4,3pop,12,501,600,14,0.0240621
Model4,3pop,12,601,700,18,0.0461695
Model4,3pop,12,701,800,19,0.0448249
Model4,3pop,12,801,900,17,0.0416497
Model4,3pop,12,901,1000,15,0.0414011
Model4,3pop,14,1,100,14,0.0184463
Model4,3pop,14,101,200,6,0.00536158
Model4,3pop,14,201,300,16,0.0253164
Model4,3pop,14,301,400,13,0.0243051
Model4,3pop,14,401,500,22,0.026661
Model4,3pop,14,501,600,13,0.0193616
Model4,3pop,14,601,700,18,0.0223277
Model4,3pop,14,701,800,18,0.0229718
Model4,3pop,14,801,900,17,0.0300734
Model4,3pop,14,901,1000,16,0.022565
Model4,3pop,15,1,100,14,0.0317966
Model4,3pop,15,101,200,14,0.0277062
Model4,3pop,15,201,300,11,0.0187627
Model4,3pop,15,301,400,10,0.0174463
Model4,3pop,15,401,500,17,0.0427062
Model4,3pop,15,501,600,14,0.0328079
Model4,3pop,15,601,700,17,0.028209
Model4,3pop,15,701,800,13,0.0211751
Model4,3pop,15,801,900,14,0.0285932
Model4,3pop,15,901,1000,10,0.021
Model4,3pop,6,1,100,10,0.0228814
Model4,3pop,6,101,200,11,0.0203672
Model4,3pop,6,201,300,19,0.0401751
Model4,3pop,6,301,400,12,0.0234802
Model4,3pop,6,401,500,16,0.0334463
Model4,3pop,6,501,600,17,0.0312994
Model4,3pop,6,601,700,8,0.0195028
Model4,3pop,6,701,800,16,0.0242768
Model4,3pop,6,801,900,9,0.0177966
Model4,3pop,6,901,1000,20,0.0386723
Model4,3pop,14,1,100,11,0.0117853
Model4,3pop,14,101,200,12,0.0215819
Model4,3pop,14,201,300,9,0.0142316
Model4,3pop,14,301,400,13,0.0160565
Model4,3pop,14,401,500,6,0.00888701
Model4,3pop,14,501,600,12,0.0186271
Model4,3pop,14,601,700,9,0.0174068
Model4,3pop,14,701,800,9,0.0174124
Model4,3pop,14,801,900,6,0.00888136
Model4,3pop,14,901,1000,7,0.0130847
Model4,3pop,5,1,100,16,0.0478475
Model4,3pop,5,101,200,18,0.0392712
Model4,3pop,5,201,300,9,0.0266102
Model4,3pop,5,301,400,14,0.0203107
Model4,3pop,5,401,500,16,0.029
Model4,3pop,5,501,600,16,0.0385254
Model4,3pop,5,601,700,16,0.0256497
Model4,3pop,5,701,800,16,0.0343559
Model4,3pop,5,801,900,18,0.047339
Model4,3pop,5,901,1000,14,0.0390339
Model4,3pop,9,1,100,8,0.0192825
Model4,3pop,9,101,200,12,0.0241638
Model4,3pop,9,201,300,9,0.0232712
Model4,3pop,9,301,400,19,0.039678
Model4,3pop,9,401,500,14,0.021113
Model4,3pop,9,501,600,13,0.0276893
Model4,3pop,9,601,700,16,0.0407966
Model4,3pop,9,701,800,13,0.025565
Model4,3pop,9,801,900,14,0.0336158
Model4,3pop,9,901,1000,8,0.0129153
Model4,3pop,16,1,100,11,0.0221073
Model4,3pop,16,101,200,22,0.0423842
Model4,3pop,16,201,300,20,0.0385198
Model4,3pop,16,301,400,13,0.0173729
Model4,3pop,16,401,500,21,0.0391921
Model4,3pop,16,501,600,15,0.0311695
Model4,3pop,16,601,700,14,0.0317853
Model4,3pop,16,701,800,13,0.0250508
Model4,3pop,16,801,900,14,0.0261977
Model4,3pop,16,901,1000,17,0.0263559
Model4,3pop,11,1,100,19,0.0439153
Model4,3pop,11,101,200,13,0.027548
Model4,3pop,11,201,300,17,0.040322
Model4,3pop,11,301,400,8,0.0147232
Model4,3pop,11,401,500,10,0.018
Model4,3pop,11,501,600,9,0.0270113
Model4,3pop,11,601,700,24,0.067435
Model4,3pop,11,701,800,10,0.0239379
Model4,3pop,11,801,900,13,0.0284068
Model4,3pop,11,901,1000,14,0.0352938
Model4,3pop,16,1,100,13,0.0306949
Model4,3pop,16,101,200,15,0.0131356
Model4,3pop,16,201,300,18,0.0465311
Model4,3pop,16,301,400,16,0.0367175
Model4,3pop,16,401,500,11,0.0173164
Model4,3pop,16,501,600,21,0.0450282
Model4,3pop,16,601,700,10,0.0194689
Model4,3pop,16,701,800,9,0.0182147
Model4,3pop,16,801,900,16,0.0344011
Model4,3pop,16,901,1000,11,0.0193277
Model4,3pop,9,1,100,16,0.0457627
Model4,3pop,9,101,200,29,0.0713616
Model4,3pop,9,201,300,15,0.0381017
Model4,3pop,9,301,400,12,0.027678
Model4,3pop,9,401,500,13,0.0328701
Model4,3pop,9,501,600,16,0.0591864
Model4,3pop,9,601,700,13,0.0440565
Model4,3pop,9,701,800,14,0.0326215
Model4,3pop,9,801,900,15,0.0493051
Model4,3pop,9,901,1000,15,0.0387119
Model4,3pop,14,1,100,20,0.0651808
Model4,3pop,14,101,200,19,0.0647062
Model4,3pop,14,201,300,15,0.0248701
Model4,3pop,14,301,400,18,0.0623446
Model4,3pop,14,401,500,17,0.049452
Model4,3pop,14,501,600,11,0.0476723
Model4,3pop,14,601,700,15,0.0340226
Model4,3pop,14,701,800,14,0.0435876
Model4,3pop,14,801,900,17,0.0479661
Model4,3pop,14,901,1000,14,0.0472316
Model4,3pop,9,1,100,11,0.0280621
Model4,3pop,9,101,200,12,0.0203672
Model4,3pop,9,201,300,8,0.021791
Model4,3pop,9,301,400,16,0.0369605
Model4,3pop,9,401,500,6,0.0194463
Model4,3pop,9,501,600,5,0.0115198
Model4,3pop,9,601,700,9,0.0143503
Model4,3pop,9,701,800,12,0.0244011
Model4,3pop,9,801,900,2,0.00537853
Model4,3pop,9,901,1000,12,0.0258249
Model4,3pop,17,1,100,15,0.0276723
Model4,3pop,17,101,200,16,0.033113
Model4,3pop,17,201,300,20,0.0405311
Model4,3pop,17,301,400,12,0.0267514
Model4,3pop,17,401,500,19,0.0409379
Model4,3pop,17,501,600,13,0.0184746
Model4,3pop,17,601,700,5,0.0089548
Model4,3pop,17,701,800,25,0.0476836
Model4,3pop,17,801,900,9,0.0168023
Model4,3pop,17,901,1000,14,0.0241638
Model4,3pop,5,1,100,20,0.0536441
Model4,3pop,5,101,200,16,0.0494859
Model4,3pop,5,201,300,21,0.0610678
Model4,3pop,5,301,400,13,0.0299548
Model4,3pop,5,401,500,13,0.0355819
Model4,3pop,5,501,600,24,0.0708362
Model4,3pop,5,601,700,22,0.0555141
Model4,3pop,5,701,800,24,0.0637627
Model4,3pop,5,801,900,24,0.0622599
Model4,3pop,5,901,1000,14,0.0406893
Model4,3pop,14,1,100,17,0.0578079
Model4,3pop,14,101,200,14,0.0575876
Model4,3pop,14,201,300,17,0.065096
Model4,3pop,14,301,400,20,0.0758136
Model4,3pop,14,401,500,24,0.0910791
Model4,3pop,14,501,600,27,0.0909379
Model4,3pop,14,601,700,23,0.0780904
Model4,3pop,14,701,800,17,0.064774
Model4,3pop,14,801,900,32,0.10722
Model4,3pop,14,901,1000,18,0.0615537
Model4,3pop,3,1,100,10,0.027435
Model4,3pop,3,101,200,14,0.0330395
Model4,3pop,3,201,300,16,0.0356102
Model4,3pop,3,301,400,11,0.0335141
Model4,3pop,3,401,500,14,0.0364576
Model4,3pop,3,501,600,14,0.0341356
Model4,3pop,3,601,700,15,0.0384237
Model4,3pop,3,701,800,11,0.0242881
Model4,3pop,3,801,900,11,0.0180791
Model4,3pop,3,901,1000,15,0.0328136
Model4,3pop,12,1,100,14,0.0271469
Model4,3pop,12,101,200,13,0.0415706
Model4,3pop,12,201,300,6,0.00556497
Model4,3pop,12,301,400,14,0.0293503
Model4,3pop,12,401,500,15,0.0342825
Model4,3pop,12,501,600,12,0.0240282
Model4,3pop,12,601,700,15,0.0290621
Model4,3pop,12,701,800,12,0.0390452
Model4,3pop,12,801,900,15,0.0400226
Model4,3pop,12,901,1000,22,0.0501469
Model4,3pop,17,1,100,20,0.063661
Model4,3pop,17,101,200,16,0.0478588
Model4,3pop,17,201,300,23,0.0992373
Model4,3pop,17,301,400,29,0.088678
Model4,3pop,17,401,500,20,0.0574859
Model4,3pop,17,501,600,20,0.0524237
Model4,3pop,17,601,700,16,0.0519492
Model4,3pop,17,701,800,18,0.0691864
Model4,3pop,17,801,900,19,0.0626441
Model4,3pop,17,901,1000,24,0.0775819
Model4,3pop,4,1,100,16,0.0377797
Model4,3pop,4,101,200,18,0.0427119
Model4,3pop,4,201,300,18,0.0534746
Model4,3pop,4,301,400,16,0.0264068
Model4,3pop,4,401,500,18,0.0487345
Model4,3pop,4,501,600,21,0.0527571
Model4,3pop,4,601,700,21,0.0506384
Model4,3pop,4,701,800,15,0.0420904
Model4,3pop,4,801,900,23,0.0496554
Model4,3pop,4,901,1000,19,0.0469548
Model4,3pop,5,1,100,12,0.0117401
Model4,3pop,5,101,200,12,0.0163616
Model4,3pop,5,201,300,7,0.00868927
Model4,3pop,5,301,400,9,0.0110282
Model4,3pop,5,401,500,17,0.0297288
Model4,3pop,5,501,600,13,0.0214068
Model4,3pop,5,601,700,13,0.0172768
Model4,3pop,5,701,800,7,0.00939548
Model4,3pop,5,801,900,10,0.00616384
Model4,3pop,5,901,1000,14,0.0175254
Model4,3pop,2,1,100,15,0.0482316
Model4,3pop,2,101,200,19,0.0545706
Model4,3pop,2,201,300,14,0.0461751
Model4,3pop,2,301,400,21,0.0667684
Model4,3pop,2,401,500,18,0.0581243
Model4,3pop,2,501,600,15,0.0522712
Model4,3pop,2,601,700,18,0.0544802
Model4,3pop,2,701,800,14,0.0389322
Model4,3pop,2,801,900,13,0.0448588
Model4,3pop,2,901,1000,14,0.041096
Model4,3pop,0,1,100,12,0.0371017
Model4,3pop,0,101,200,14,0.0428757
Model4,3pop,0,201,300,16,0.0548305
Model4,3pop,0,301,400,18,0.0401695
Model4,3pop,0,401,500,10,0.0254802
Model4,3pop,0,501,600,16,0.0306384
Model4,3pop,0,601,700,5,0.0141469
Model4,3pop,0,701,800,15,0.0466836
Model4,3pop,0,801,900,18,0.0415311
Model4,3pop,0,901,1000,11,0.0238757
Model4,3pop,17,1,100,18,0.0419209
Model4,3pop,17,101,200,10,0.0343559
Model4,3pop,17,201,300,14,0.0473672
Model4,3pop,17,301,400,13,0.049096
Model4,3pop,17,401,500,16,0.0470169
Model4,3pop,17,501,600,15,0.0336949
Model4,3pop,17,601,700,19,0.0569548
Model4,3pop,17,701,800,7,0.0235876
Model4,3pop,17,801,900,14,0.0309774
Model4,3pop,17,901,1000,12,0.0345028
Model4,3pop,10,1,100,12,0.0236836
Model4,3pop,10,101,200,8,0.022904
Model4,3pop,10,201,300,16,0.0371299
Model4,3pop,10,301,400,10,0.017661
Model4,3pop,10,401,500,13,0.0273051
Model4,3pop,10,501,600,17,0.0342825
Model4,3pop,10,601,700,7,0.0173446
Model4,3pop,10,701,800,20,0.0481356
Model4,3pop,10,801,900,12,0.0334011
Model4,3pop,10,901,1000,12,0.0259379
Model4,3pop,4,1,100,12,0.0302203
Model4,3pop,4,101,200,19,0.0511864
Model4,3pop,4,201,300,13,0.0262712
Model4,3pop,4,301,400,20,0.0471695
Model4,3pop,4,401,500,13,0.0341921
Model4,3pop,4,501,600,15,0.0265876
Model4,3pop,4,601,700,15,0.0287571
Model4,3pop,4,701,800,18,0.0389209
Model4,3pop,4,801,900,20,0.0405876
Model4,3pop,4,901,1000,20,0.0458814
Model4,3pop,0,1,100,30,0.0901243
Model4,3pop,0,101,200,27,0.093322
Model4,3pop,0,201,300,21,0.0653955
Model4,3pop,0,301,400,30,0.0922316
Model4,3pop,0,401,500,28,0.10161
Model4,3pop,0,501,600,34,0.105644
Model4,3pop,0,601,700,30,0.0831977
Model4,3pop,0,701,800,27,0.0919661
Model4,3pop,0,801,900,32,0.104198
Model4,3pop,0,901,1000,23,0.0663164
Model4,3pop,15,1,100,15,0.026774
Model4,3pop,15,101,200,15,0.0250565
Model4,3pop,15,201,300,11,0.0137797
Model4,3pop,15,301,400,10,0.021322
Model4,3pop,15,401,500,12,0.0276723
Model4,3pop,15,501,600,13,0.0238983
Model4,3pop,15,601,700,11,0.0197345
Model4,3pop,15,701,800,12,0.0204802
Model4,3pop,15,801,900,10,0.0180904
Model4,3pop,15,901,1000,10,0.017435
Model4,3pop,2,1,100,13,0.0295932
Model4,3pop,2,101,200,10,0.0377853
Model4,3pop,2,201,300,18,0.045565
Model4,3pop,2,301,400,17,0.0510056
Model4,3pop,2,401,500,9,0.0287514
Model4,3pop,2,501,600,10,0.0280565
Model4,3pop,2,601,700,10,0.0345028
Model4,3pop,2,701,800,10,0.0219209
Model4,3pop,2,801,900,12,0.0365593
Model4,3pop,2,901,1000,15,0.0350621
Model4,3pop,17,1,100,16,0.0422881
Model4,3pop,17,101,200,14,0.0321638
Model4,3pop,17,201,300,13,0.0252316
Model4,3pop,17,301,400,10,0.0207062
Model4,3pop,17,401,500,9,0.016209
Model4,3pop,17,501,600,17,0.0351864
Model4,3pop,17,601,700,11,0.0273955
Model4,3pop,17,701,800,12,0.027774
Model4,3pop,17,801,900,11,0.0240395
Model4,3pop,17,901,1000,17,0.0388927
Model4,3pop,13,1,100,24,0.0745537
Model4,3pop,13,101,200,28,0.0782373
Model4,3pop,13,201,300,19,0.06
Model4,3pop,13,301,400,25,0.0673503
Model4,3pop,13,401,500,36,0.0941412
Model4,3pop,13,501,600,25,0.0715876
Model4,3pop,13,601,700,24,0.0696328
Model4,3pop,13,701,800,22,0.0452316
Model4,3pop,13,801,900,18,0.055661
Model4,3pop,13,901,1000,20,0.0492768
Model4,3pop,8,1,100,14,0.0285819
Model4,3pop,8,101,200,10,0.0195424
Model4,3pop,8,201,300,12,0.0271525
Model4,3pop,8,301,400,8,0.00981921
Model4,3pop,8,401,500,10,0.0111638
Model4,3pop,8,501,600,16,0.0331017
Model4,3pop,8,601,700,13,0.0362881
Model4,3pop,8,701,800,16,0.0403051
Model4,3pop,8,801,900,13,0.0253277
Model4,3pop,8,901,1000,16,0.0346667
Model4,3pop,12,1,100,21,0.0537401
Model4,3pop,12,101,200,13,0.0311356
Model4,3pop,12,201,300,16,0.036435
Model4,3pop,12,301,400,8,0.0229322
Model4,3pop,12,401,500,13,0.0389492
Model4,3pop,12,501,600,12,0.0362712
Model4,3pop,12,601,700,12,0.0232542
Model4,3pop,12,701,800,9,0.0151017
Model4,3pop,12,801,900,14,0.0398475
Model4,3pop,12,901,1000,15,0.0380904
Model4,3pop,0,1,100,23,0.0682316
Model4,3pop,0,101,200,16,0.0505989
Model4,3pop,0,201,300,18,0.0422147
Model4,3pop,0,301,400,13,0.0319718
Model4,3pop,0,401,500,15,0.0417062
Model4,3pop,0,501,600,15,0.0369548
Model4,3pop,0,601,700,8,0.0219548
Model4,3pop,0,701,800,11,0.0287853
Model4,3pop,0,801,900,12,0.0424746
Model4,3pop,0,901,1000,8,0.0173277
Model4,3pop,9,1,100,7,0.0102938
Model4,3pop,9,101,200,7,0.0106554
Model4,3pop,9,201,300,11,0.0271017
Model4,3pop,9,301,400,15,0.0269322
Model4,3pop,9,401,500,14,0.0527797
Model4,3pop,9,501,600,11,0.0218136
Model4,3pop,9,601,700,17,0.0343672
Model4,3pop,9,701,800,12,0.0337288
Model4,3pop,9,801,900,12,0.0327797
Model4,3pop,9,901,1000,7,0.0153277
Model4,3pop,19,1,100,16,0.0404068
Model4,3pop,19,101,200,13,0.0341582
Model4,3pop,19,201,300,10,0.0290678
Model4,3pop,19,301,400,12,0.0312881
Model4,3pop,19,401,500,9,0.0260395
Model4,3pop,19,501,600,12,0.0379774
Model4,3pop,19,601,700,14,0.0427062
Model4,3pop,19,701,800,14,0.0279153
Model4,3pop,19,801,900,18,0.0480565
Model4,3pop,19,901,1000,3,0.010339
Model4,3pop,4,1,100,16,0.0629661
Model4,3pop,4,101,200,17,0.0507232
Model4,3pop,4,201,300,18,0.0629887
Model4,3pop,4,301,400,26,0.0902938
Model4,3pop,4,401,500,16,0.0574181
Model4,3pop,4,501,600,13,0.0561469
Model4,3pop,4,601,700,16,0.0580621
Model4,3pop,4,701,800,12,0.0430904
Model4,3pop,4,801,900,11,0.0325141
Model4,3pop,4,901,1000,12,0.0408023
Model4,3pop,19,1,100,10,0.0215706
Model4,3pop,19,101,200,14,0.0359944
Model4,3pop,19,201,300,6,0.0177175
Model4,3pop,19,301,400,12,0.0227458
Model4,3pop,19,401,500,8,0.0258644
Model4,3pop,19,501,600,7,0.012678
Model4,3pop,19,601,700,13,0.0331525
Model4,3pop,19,701,800,10,0.0278927
Model4,3pop,19,801,900,11,0.0282994
Model4,3pop,19,901,1000,15,0.0251299
Model4,3pop,11,1,100,12,0.0293051
Model4,3pop,11,101,200,16,0.0507458
Model4,3pop,11,201,300,14,0.0404068
Model4,3pop,11,301,400,13,0.046113
Model4,3pop,11,401,500,8,0.0184576
Model4,3pop,11,501,600,13,0.0286667
Model4,3pop,11,601,700,26,0.0787684
Model4,3pop,11,701,800,12,0.0315198
Model4,3pop,11,801,900,8,0.0129718
Model4,3pop,11,901,1000,22,0.0449379
Model4,3pop,17,1,100,13,0.0248814
Model4,3pop,17,101,200,15,0.038226
Model4,3pop,17,201,300,12,0.0227401
Model4,3pop,17,301,400,13,0.0153107
Model4,3pop,17,401,500,7,0.013887
Model4,3pop,17,501,600,11,0.0288927
Model4,3pop,17,601,700,12,0.0224237
Model4,3pop,17,701,800,10,0.0187288
Model4,3pop,17,801,900,13,0.0248701
Model4,3pop,17,901,1000,8,0.00892655
Model4,3pop,1,1,100,11,0.0218757
Model4,3pop,1,101,200,9,0.00917514
Model4,3pop,1,201,300,10,0.0274915
Model4,3pop,1,301,400,10,0.0200678
Model4,3pop,1,401,500,14,0.0364237
Model4,3pop,1,501,600,16,0.0360113
Model4,3pop,1,601,700,12,0.0265311
Model4,3pop,1,701,800,11,0.0334633
Model4,3pop,1,801,900,7,0.0120678
Model4,3pop,1,901,1000,10,0.0300226
Model4,3pop,2,1,100,15,0.0452938
Model4,3pop,2,101,200,24,0.0735537
Model4,3pop,2,201,300,17,0.0646723
Model4,3pop,2,301,400,16,0.0605367
Model4,3pop,2,401,500,17,0.0602034
Model4,3pop,2,501,600,16,0.064791
Model4,3pop,2,601,700,15,0.0472316
Model4,3pop,2,701,800,19,0.059452
Model4,3pop,2,801,900,17,0.0650282
Model4,3pop,2,901,1000,11,0.0335424
Model4,3pop,19,1,100,18,0.0413616
Model4,3pop,19,101,200,13,0.028096
Model4,3pop,19,201,300,14,0.0238588
Model4,3pop,19,301,400,19,0.0437062
Model4,3pop,19,401,500,17,0.0340169
Model4,3pop,19,501,600,15,0.0315876
Model4,3pop,19,601,700,14,0.0305198
Model4,3pop,19,701,800,19,0.0519492
Model4,3pop,19,801,900,21,0.0414746
Model4,3pop,19,901,1000,14,0.0284463
Model4,3pop,6,1,100,21,0.048548
Model4,3pop,6,101,200,14,0.0215537
Model4,3pop,6,201,300,12,0.0313955
Model4,3pop,6,301,400,20,0.0575593
Model4,3pop,6,401,500,16,0.0337175
Model4,3pop,6,501,600,16,0.0506328
Model4,3pop,6,601,700,13,0.0260395
Model4,3pop,6,701,800,15,0.0317232
Model4,3pop,6,801,900,12,0.0426893
Model4,3pop,6,901,1000,15,0.0476836
Model4,3pop,10,1,100,9,0.0161695
Model4,3pop,10,101,200,8,0.011435
Model4,3pop,10,201,300,8,0.0121977
Model4,3pop,10,301,400,8,0.00933898
Model4,3pop,10,401,500,9,0.0144859
Model4,3pop,10,501,600,13,0.0197062
Model4,3pop,10,601,700,10,0.014096
Model4,3pop,10,701,800,6,0.0079548
Model4,3pop,10,801,900,4,0.00883616
Model4,3pop,10,901,1000,13,0.0275989
Model4,3pop,7,1,100,18,0.0680621
Model4,3pop,7,101,200,22,0.0801808
Model4,3pop,7,201,300,26,0.0772542
Model4,3pop,7,301,400,25,0.0823955
Model4,3pop,7,401,500,21,0.0674463
Model4,3pop,7,501,600,24,0.0800678
Model4,3pop,7,601,700,32,0.111571
Model4,3pop,7,701,800,19,0.0572429
Model4,3pop,7,801,900,20,0.089226
Model4,3pop,7,901,1000,23,0.087678
Model4,3pop,5,1,100,12,0.0255876
Model4,3pop,5,101,200,11,0.0213503
Model4,3pop,5,201,300,10,0.0172203
Model4,3pop,5,301,400,14,0.014113
Model4,3pop,5,401,500,15,0.0387797
Model4,3pop,5,501,600,14,0.0289605
Model4,3pop,5,601,700,11,0.0225706
Model4,3pop,5,701,800,16,0.0367006
Model4,3pop,5,801,900,17,0.029452
Model4,3pop,5,901,1000,12,0.023209
Model4,3pop,10,1,100,14,0.0294124
Model4,3pop,10,101,200,17,0.0403955
Model4,3pop,10,201,300,27,0.0519661
Model4,3pop,10,301,400,25,0.0459266
Model4,3pop,10,401,500,19,0.0328814
Model4,3pop,10,501,600,16,0.0367458
Model4,3pop,10,601,700,24,0.0557345
Model4,3pop,10,701,800,26,0.0560169
Model4,3pop,10,801,900,25,0.057113
Model4,3pop,10,901,1000,13,0.0281582
Model4,3pop,8,1,100,21,0.0270452
Model4,3pop,8,101,200,10,0.0148136
Model4,3pop,8,201,300,11,0.0182881
Model4,3pop,8,301,400,9,0.0101751
Model4,3pop,8,401,500,13,0.0244972
Model4,3pop,8,501,600,17,0.0234746
Model4,3pop,8,601,700,9,0.0166045
Model4,3pop,8,701,800,12,0.0230904
Model4,3pop,8,801,900,10,0.012887
Model4,3pop,8,901,1000,11,0.0192429
Model4,3pop,15,1,100,20,0.0566102
Model4,3pop,15,101,200,20,0.0638305
Model4,3pop,15,201,300,25,0.0725876
Model4,3pop,15,301,400,16,0.0428983
Model4,3pop,15,401,500,21,0.0778192
Model4,3pop,15,501,600,15,0.0415198
Model4,3pop,15,601,700,23,0.0566215
Model4,3pop,15,701,800,23,0.0598079
Model4,3pop,15,801,900,24,0.081774
Model4,3pop,15,901,1000,22,0.0691073
Model4,3pop,14,1,100,10,0.019774
Model4,3pop,14,101,200,12,0.0231356
Model4,3pop,14,201,300,10,0.0277797
Model4,3pop,14,301,400,15,0.0238531
Model4,3pop,14,401,500,13,0.0307853
Model4,3pop,14,501,600,7,0.0122034
Model4,3pop,14,601,700,14,0.0271073
Model4,3pop,14,701,800,13,0.0302881
Model4,3pop,14,801,900,17,0.0379831
Model4,3pop,14,901,1000,15,0.0310565
Model4,3pop,3,1,100,19,0.0584689
Model4,3pop,3,101,200,19,0.0531356
Model4,3pop,3,201,300,17,0.0663729
Model4,3pop,3,301,400,17,0.0567401
Model4,3pop,3,401,500,20,0.0540056
Model4,3pop,3,501,600,26,0.0718136
Model4,3pop,3,601,700,24,0.0588983
Model4,3pop,3,701,800,26,0.0757288
Model4,3pop,3,801,900,19,0.0563616
Model4,3pop,3,901,1000,21,0.0546271
Model4,3pop,0,1,100,12,0.0234463
Model4,3pop,0,101,200,12,0.0252147
Model4,3pop,0,201,300,10,0.0196667
Model4,3pop,0,301,400,9,0.0147288
Model4,3pop,0,401,500,8,0.0204124
Model4,3pop,0,501,600,12,0.0221525
Model4,3pop,0,601,700,18,0.0267853
Model4,3pop,0,701,800,11,0.0205254
Model4,3pop,0,801,900,15,0.0233164
Model4,3pop,0,901,1000,10,0.0226215
Model4,3pop,12,1,100,13,0.0241921
Model4,3pop,12,101,200,12,0.0380339
Model4,3pop,12,201,300,15,0.0335763
Model4,3pop,12,301,400,22,0.0615141
Model4,3pop,12,401,500,16,0.0280226
Model4,3pop,12,501,600,12,0.0465198
Model4,3pop,12,601,700,19,0.0517684
Model4,3pop,12,701,800,9,0.0234407
Model4,3pop,12,801,900,18,0.0391356
Model4,3pop,12,901,1000,12,0.041096
Model4,3pop,12,1,100,22,0.0662373
Model4,3pop,12,101,200,15,0.0497797
Model4,3pop,12,201,300,13,0.0330621
Model4,3pop,12,301,400,20,0.0537288
Model4,3pop,12,401,500,14,0.0533842
Model4,3pop,12,501,600,18,0.0619492
Model4,3pop,12,601,700,16,0.0577797
Model4,3pop,12,701,800,18,0.0633446
Model4,3pop,12,801,900,20,0.082678
Model4,3pop,12,901,1000,18,0.0580621
Model4,3pop,13,1,100,11,0.0333107
Model4,3pop,13,101,200,20,0.0512938
Model4,3pop,13,201,300,10,0.0258588
Model4,3pop,13,301,400,16,0.0334915
Model4,3pop,13,401,500,19,0.0424181
Model4,3pop,13,501,600,14,0.0318305
Model4,3pop,13,601,700,16,0.0509774
Model4,3pop,13,701,800,21,0.0502655
Model4,3pop,13,801,900,20,0.0537232
Model4,3pop,13,901,1000,16,0.0380678
Model4,3pop,7,1,100,12,0.0340226
Model4,3pop,7,101,200,14,0.0290904
Model4,3pop,7,201,300,17,0.0425085
Model4,3pop,7,301,400,19,0.0377175
Model4,3pop,7,401,500,22,0.0317175
Model4,3pop,7,501,600,14,0.0445141
Model4,3pop,7,601,700,10,0.0193107
Model4,3pop,7,701,800,12,0.0281808
Model4,3pop,7,801,900,13,0.0343107
Model4,3pop,7,901,1000,8,0.016548
Model4,3pop,10,1,100,19,0.0630056
Model4,3pop,10,101,200,22,0.0818983
Model4,3pop,10,201,300,19,0.0777514
Model4,3pop,10,301,400,18,0.0730791
Model4,3pop,10,401,500,18,0.0657853
Model4,3pop,10,501,600,16,0.0586102
Model4,3pop,10,601,700,15,0.0513051
Model4,3pop,10,701,800,23,0.0754124
Model4,3pop,10,801,900,20,0.0752316
Model4,3pop,10,901,1000,16,0.0423446
Model4,3pop,18,1,100,21,0.0523672
Model4,3pop,18,101,200,15,0.0495819
Model4,3pop,18,201,300,18,0.0491412
Model4,3pop,18,301,400,13,0.0500847
Model4,3pop,18,401,500,20,0.0641751
Model4,3pop,18,501,600,21,0.057565
Model4,3pop,18,601,700,16,0.0452542
Model4,3pop,18,701,800,14,0.0444407
Model4,3pop,18,801,900,17,0.0497627
Model4,3pop,18,901,1000,16,0.0458983
Model4,3pop,10,1,100,14,0.0366554
Model4,3pop,10,101,200,13,0.0371017
Model4,3pop,10,201,300,17,0.0343842
Model4,3pop,10,301,400,15,0.0350678
Model4,3pop,10,401,500,10,0.0288079
Model4,3pop,10,501,600,19,0.057904
Model4,3pop,10,601,700,18,0.0511243
Model4,3pop,10,701,800,17,0.0386836
Model4,3pop,10,801,900,13,0.031
Model4,3pop,10,901,1000,11,0.0263616
Model4,3pop,13,1,100,13,0.0304633
Model4,3pop,13,101,200,17,0.0338079
Model4,3pop,13,201,300,15,0.0346102
Model4,3pop,13,301,400,21,0.0459887
Model4,3pop,13,401,500,23,0.0467966
Model4,3pop,13,501,600,19,0.0383051
Model4,3pop,13,601,700,15,0.0380621
Model4,3pop,13,701,800,30,0.0567006
Model4,3pop,13,801,900,25,0.0644011
Model4,3pop,13,901,1000,23,0.0415989
Model4,3pop,2,1,100,11,0.015226
Model4,3pop,2,101,200,6,0.0117458
Model4,3pop,2,201,300,14,0.0300226
Model4,3pop,2,301,400,10,0.018678
Model4,3pop,2,401,500,17,0.0218531
Model4,3pop,2,501,600,15,0.0185706
Model4,3pop,2,601,700,16,0.0230565
Model4,3pop,2,701,800,9,0.0121751
Model4,3pop,2,801,900,11,0.0132542
Model4,3pop,2,901,1000,9,0.00858192
Model4,3pop,0,1,100,15,0.0203277
Model4,3pop,0,101,200,10,0.0141808
Model4,3pop,0,201,300,11,0.0197627
Model4,3pop,0,301,400,16,0.0190056
Model4,3pop,0,401,500,23,0.0255254
Model4,3pop,0,501,600,20,0.0212147
Model4,3pop,0,601,700,22,0.0267966
Model4,3pop,0,701,800,13,0.0286893
Model4,3pop,0,801,900,18,0.032113
Model4,3pop,0,901,1000,7,0.00419774
Model4,3pop,14,1,100,18,0.0212203
Model4,3pop,14,101,200,10,0.00829944
Model4,3pop,14,201,300,10,0.00923729
Model4,3pop,14,301,400,16,0.0170508
Model4,3pop,14,401,500,10,0.014791
Model4,3pop,14,501,600,6,0.006
Model4,3pop,14,601,700,17,0.0259492
Model4,3pop,14,701,800,7,0.0121017
Model4,3pop,14,801,900,11,0.0159718
Model4,3pop,14,901,1000,19,0.0404463
Model4,3pop,7,1,100,11,0.0239266
Model4,3pop,7,101,200,11,0.0177119
Model4,3pop,7,201,300,13,0.0192881
Model4,3pop,7,301,400,8,0.0150169
Model4,3pop,7,401,500,13,0.0198757
Model4,3pop,7,501,600,9,0.0144294
Model4,3pop,7,601,700,10,0.0210565
Model4,3pop,7,701,800,8,0.0184689
Model4,3pop,7,801,900,7,0.0116441
Model4,3pop,7,901,1000,9,0.0257345
Model4,3pop,15,1,100,16,0.0297062
Model4,3pop,15,101,200,11,0.0267288
Model4,3pop,15,201,300,3,0.00936158
Model4,3pop,15,301,400,11,0.0292316
Model4,3pop,15,401,500,14,0.0336554
Model4,3pop,15,501,600,6,0.00912429
Model4,3pop,15,601,700,14,0.0304746
Model4,3pop,15,701,800,8,0.0226836
Model4,3pop,15,801,900,15,0.0389379
Model4,3pop,15,901,1000,14,0.0229887
Model4,3pop,1,1,100,18,0.0514463
Model4,3pop,1,101,200,21,0.059904
Model4,3pop,1,201,300,22,0.0571808
Model4,3pop,1,301,400,20,0.0558588
Model4,3pop,1,401,500,15,0.052096
Model4,3pop,1,501,600,18,0.0434407
Model4,3pop,1,601,700,15,0.0425254
Model4,3pop,1,701,800,20,0.0538531
Model4,3pop,1,801,900,22,0.0663164
Model4,3pop,1,901,1000,13,0.0413164
Model4,3pop,1,1,100,14,0.0251356
Model4,3pop,1,101,200,15,0.021565
Model4,3pop,1,201,300,8,0.015113
Model4,3pop,1,301,400,6,0.0104576
Model4,3pop,1,401,500,10,0.0123955
Model4,3pop,1,501,600,9,0.021113
Model4,3pop,1,601,700,15,0.0203107
Model4,3pop,1,701,800,8,0.0171073
Model4,3pop,1,801,900,10,0.013904
Model4,3pop,1,901,1000,8,0.0111073
Model4,3pop,15,1,100,15,0.0280565
Model4,3pop,15,101,200,11,0.0244181
Model4,3pop,15,201,300,10,0.0160847
Model4,3pop,15,301,400,12,0.0151638
Model4,3pop,15,401,500,9,0.0123672
Model4,3pop,15,501,600,13,0.0238023
Model4,3pop,15,601,700,16,0.0228023
Model4,3pop,15,701,800,18,0.0389322
Model4,3pop,15,801,900,8,0.00607345
Model4,3pop,15,901,1000,8,0.0168475
Model4,3pop,3,1,100,14,0.033435
Model4,3pop,3,101,200,14,0.0298305
Model4,3pop,3,201,300,14,0.0269379
Model4,3pop,3,301,400,8,0.0148362
Model4,3pop,3,401,500,14,0.0342316
Model4,3pop,3,501,600,16,0.0451469
Model4,3pop,3,601,700,12,0.0345593
Model4,3pop,3,701,800,22,0.0293559
Model4,3pop,3,801,900,16,0.032096
Model4,3pop,3,901,1000,19,0.049113
Model4,3pop,0,1,100,8,0.00918079
Model4,3pop,0,101,200,2,0.00131073
Model4,3pop,0,201,300,8,0.00997175
Model4,3pop,0,301,400,9,0.0114463
Model4,3pop,0,401,500,4,0.00586441
Model4,3pop,0,501,600,7,0.0128023
Model4,3pop,0,601,700,10,0.00905085
Model4,3pop,0,701,800,9,0.0171525
Model4,3pop,0,801,900,13,0.0247797
Model4,3pop,0,901,1000,6,0.00907345
Model4,3pop,1,1,100,13,0.0292034
Model4,3pop,1,101,200,9,0.0294972
Model4,3pop,1,201,300,10,0.0229435
Model4,3pop,1,301,400,16,0.0440508
Model4,3pop,1,401,500,5,0.0114463
Model4,3pop,1,501,600,7,0.0235367
Model4,3pop,1,601,700,11,0.0261921
Model4,3pop,1,701,800,9,0.0268814
Model4,3pop,1,801,900,12,0.0418418
Model4,3pop,1,901,1000,11,0.0253616
Model4,3pop,1,1,100,13,0.0257345
Model4,3pop,1,101,200,10,0.0229548
Model4,3pop,1,201,300,4,0.00880226
Model4,3pop,1,301,400,12,0.027887
Model4,3pop,1,401,500,12,0.0284181
Model4,3pop,1,501,600,11,0.0184915
Model4,3pop,1,601,700,10,0.0170847
Model4,3pop,1,701,800,15,0.0200847
Model4,3pop,1,801,900,7,0.0154576
Model4,3pop,1,901,1000,13,0.024322
Model4,3pop,18,1,100,11,0.0327119
Model4,3pop,18,101,200,8,0.013904
Model4,3pop,18,201,300,13,0.028096
Model4,3pop,18,301,400,10,0.0297684
Model4,3pop,18,401,500,9,0.0203446
Model4,3pop,18,501,600,11,0.0305254
Model4,3pop,18,601,700,10,0.0208644
Model4,3pop,18,701,800,16,0.0369887
Model4,3pop,18,801,900,7,0.0130847
Model4,3pop,18,901,1000,13,0.028339
Model4,3pop,16,1,100,17,0.0454068
Model4,3pop,16,101,200,15,0.0222768
Model4,3pop,16,201,300,18,0.0489492
Model4,3pop,16,301,400,18,0.037661
Model4,3pop,16,401,500,15,0.0323333
Model4,3pop,16,501,600,13,0.0294689
Model4,3pop,16,601,700,11,0.031661
Model4,3pop,16,701,800,12,0.028452
Model4,3pop,16,801,900,14,0.0477797
Model4,3pop,16,901,1000,9,0.0172034
Model4,3pop,2,1,100,9,0.0253277
Model4,3pop,2,101,200,6,0.0212429
Model4,3pop,2,201,300,10,0.0260113
Model4,3pop,2,301,400,11,0.0266949
Model4,3pop,2,401,500,7,0.0145028
Model4,3pop,2,501,600,9,0.0111525
Model4,3pop,2,601,700,4,0.0149831
Model4,3pop,2,701,800,8,0.00884746
Model4,3pop,2,801,900,10,0.0214802
Model4,3pop,2,901,1000,4,0.00554802
Model4,3pop,12,1,100,12,0.0139435
Model4,3pop,12,101,200,15,0.0207797
Model4,3pop,12,201,300,9,0.00772881
Model4,3pop,12,301,400,11,0.0119379
Model4,3pop,12,401,500,12,0.0175085
Model4,3pop,12,501,600,12,0.0207797
Model4,3pop,12,601,700,8,0.0110169
Model4,3pop,12,701,800,15,0.0278249
Model4,3pop,12,801,900,9,0.00735028
Model4,3pop,12,901,1000,7,0.00861582
Model4,3pop,5,1,100,6,0.0107119
Model4,3pop,5,101,200,13,0.026113
Model4,3pop,5,201,300,10,0.0144972
Model4,3pop,5,301,400,13,0.030548
Model4,3pop,5,401,500,12,0.0173672
Model4,3pop,5,501,600,15,0.0250734
Model4,3pop,5,601,700,14,0.0150734
Model4,3pop,5,701,800,10,0.0163672
Model4,3pop,5,801,900,15,0.0240056
Model4,3pop,5,901,1000,14,0.0182486
Model4,3pop,14,1,100,16,0.0381977
Model4,3pop,14,101,200,24,0.0659718
Model4,3pop,14,201,300,16,0.0387966
Model4,3pop,14,301,400,16,0.0443785
Model4,3pop,14,401,500,18,0.036113
Model4,3pop,14,501,600,17,0.0344802
Model4,3pop,14,601,700,15,0.0249153
Model4,3pop,14,701,800,17,0.0369548
Model4,3pop,14,801,900,12,0.0296949
Model4,3pop,14,901,1000,17,0.0418249
Model4,3pop,8,1,100,16,0.0485311
Model4,3pop,8,101,200,22,0.0664407
Model4,3pop,8,201,300,14,0.034661
Model4,3pop,8,301,400,12,0.0383729
Model4,3pop,8,401,500,19,0.0601299
Model4,3pop,8,501,600,6,0.0154237
Model4,3pop,8,601,700,19,0.0564746
Model4,3pop,8,701,800,10,0.028661
Model4,3pop,8,801,900,10,0.0328588
Model4,3pop,8,901,1000,20,0.0683277
Model4,3pop,1,1,100,13,0.0367062
Model4,3pop,1,101,200,10,0.0234802
Model4,3pop,1,201,300,11,0.0206836
Model4,3pop,1,301,400,12,0.0343277
Model4,3pop,1,401,500,18,0.0394011
Model4,3pop,1,501,600,15,0.0372825
Model4,3pop,1,601,700,15,0.0296102
Model4,3pop,1,701,800,7,0.0126045
Model4,3pop,1,801,900,13,0.0308136
Model4,3pop,1,901,1000,15,0.0328644
Model4,3pop,7,1,100,11,0.0223898
Model4,3pop,7,101,200,18,0.0353503
Model4,3pop,7,201,300,11,0.0150678
Model4,3pop,7,301,400,14,0.0339887
Model4,3pop,7,401,500,18,0.0320565
Model4,3pop,7,501,600,11,0.024322
Model4,3pop,7,601,700,14,0.0314972
Model4,3pop,7,701,800,16,0.0301582
Model4,3pop,7,801,900,16,0.0319153
Model4,3pop,7,901,1000,11,0.0212655
Model4,3pop,19,1,100,24,0.0683785
Model4,3pop,19,101,200,13,0.0492938
Model4,3pop,19,201,300,25,0.0741751
Model4,3pop,19,301,400,16,0.0491412
Model4,3pop,19,401,500,10,0.0405706
Model4,3pop,19,501,600,24,0.0904633
Model4,3pop,19,601,700,24,0.0777797
Model4,3pop,19,701,800,10,0.0266328
Model4,3pop,19,801,900,15,0.0423164
Model4,3pop,19,901,1000,17,0.0561073
Model4,3pop,4,1,100,15,0.0399322
Model4,3pop,4,101,200,20,0.0454124
Model4,3pop,4,201,300,17,0.043113
Model4,3pop,4,301,400,13,0.0331977
Model4,3pop,4,401,500,12,0.0326215
Model4,3pop,4,501,600,13,0.027678
Model4,3pop,4,601,700,15,0.0243955
Model4,3pop,4,701,800,18,0.0297797
Model4,3pop,4,801,900,19,0.0426949
Model4,3pop,4,901,1000,15,0.0352655
Model4,3pop,11,1,100,8,0.019774
Model4,3pop,11,101,200,6,0.00955367
Model4,3pop,11,201,300,14,0.0333729
Model4,3pop,11,301,400,13,0.0217175
Model4,3pop,11,401,500,12,0.0340339
Model4,3pop,11,501,600,8,0.0179831
Model4,3pop,11,601,700,10,0.0171808
Model4,3pop,11,701,800,19,0.0260169
Model4,3pop,11,801,900,9,0.018548
Model4,3pop,11,901,1000,11,0.0127175
Model4,3pop,16,1,100,7,0.0112994
Model4,3pop,16,101,200,10,0.0133842
Model4,3pop,16,201,300,6,0.0112542
Model4,3pop,16,301,400,13,0.0160904
Model4,3pop,16,401,500,11,0.0168588
Model4,3pop,16,501,600,16,0.0305763
Model4,3pop,16,601,700,11,0.0170904
Model4,3pop,16,701,800,16,0.0343672
Model4,3pop,16,801,900,9,0.0210904
Model4,3pop,16,901,1000,11,0.021565
Model4,3pop,0,1,100,25,0.0612542
Model4,3pop,0,101,200,17,0.0454463
Model4,3pop,0,201,300,19,0.0509266
Model4,3pop,0,301,400,24,0.0570113
Model4,3pop,0,401,500,16,0.0425367
Model4,3pop,0,501,600,21,0.0562655
Model4,3pop,0,601,700,19,0.0528701
Model4,3pop,0,701,800,15,0.0396215
Model4,3pop,0,801,900,17,0.0444124
Model4,3pop,0,901,1000,17,0.0438305
Model4,3pop,17,1,100,22,0.0661977
Model4,3pop,17,101,200,20,0.0560791
Model4,3pop,17,201,300,13,0.0234972
Model4,3pop,17,301,400,11,0.0379153
Model4,3pop,17,401,500,15,0.0367006
Model4,3pop,17,501,600,15,0.0539209
Model4,3pop,17,601,700,20,0.0559661
Model4,3pop,17,701,800,22,0.0568418
Model4,3pop,17,801,900,12,0.0415028
Model4,3pop,17,901,1000,16,0.0426384
Model4,3pop,13,1,100,12,0.0257175
Model4,3pop,13,101,200,16,0.027435
Model4,3pop,13,201,300,7,0.0180565
Model4,3pop,13,301,400,11,0.0175537
Model4,3pop,13,401,500,19,0.0360847
Model4,3pop,13,501,600,18,0.0421751
Model4,3pop,13,601,700,14,0.0325424
Model4,3pop,13,701,800,13,0.0302316
Model4,3pop,13,801,900,16,0.0316723
Model4,3pop,13,901,1000,15,0.0255537
Model4,3pop,1,1,100,23,0.073322
Model4,3pop,1,101,200,24,0.0673333
Model4,3pop,1,201,300,20,0.0457006
Model4,3pop,1,301,400,25,0.0668701
Model4,3pop,1,401,500,20,0.055887
Model4,3pop,1,501,600,20,0.0617458
Model4,3pop,1,601,700,15,0.0396271
Model4,3pop,1,701,800,18,0.0498588
Model4,3pop,1,801,900,14,0.0411525
Model4,3pop,1,901,1000,20,0.0627175
Model4,3pop,3,1,100,22,0.0401073
Model4,3pop,3,101,200,12,0.0214181
Model4,3pop,3,201,300,31,0.047339
Model4,3pop,3,301,400,17,0.0273672
Model4,3pop,3,401,500,12,0.0208249
Model4,3pop,3,501,600,21,0.0283672
Model4,3pop,3,601,700,13,0.0168531
Model4,3pop,3,701,800,17,0.0139661
Model4,3pop,3,801,900,19,0.023339
Model4,3pop,3,901,1000,18,0.0313785
Model4,3pop,17,1,100,14,0.0356949
Model4,3pop,17,101,200,16,0.0232034
Model4,3pop,17,201,300,9,0.016565
Model4,3pop,17,301,400,8,0.00691525
Model4,3pop,17,401,500,11,0.0137571
Model4,3pop,17,501,600,13,0.0296893
Model4,3pop,17,601,700,11,0.0245367
Model4,3pop,17,701,800,11,0.0299209
Model4,3pop,17,801,900,17,0.0269492
Model4,3pop,17,901,1000,12,0.020226
Model4,3pop,14,1,100,21,0.0444181
Model4,3pop,14,101,200,10,0.014096
Model4,3pop,14,201,300,10,0.0186158
Model4,3pop,14,301,400,18,0.0449322
Model4,3pop,14,401,500,10,0.0221695
Model4,3pop,14,501,600,17,0.0399718
Model4,3pop,14,601,700,12,0.0189322
Model4,3pop,14,701,800,21,0.0452599
Model4,3pop,14,801,900,11,0.0213955
Model4,3pop,14,901,1000,16,0.0346441
Model4,3pop,15,1,100,13,0.0371582
Model4,3pop,15,101,200,15,0.0382147
Model4,3pop,15,201,300,13,0.0403898
Model4,3pop,15,301,400,21,0.0436554
Model4,3pop,15,401,500,12,0.0284972
Model4,3pop,15,501,600,14,0.0272486
Model4,3pop,15,601,700,10,0.0268192
Model4,3pop,15,701,800,9,0.0225028
Model4,3pop,15,801,900,13,0.0345706
Model4,3pop,15,901,1000,12,0.0360169
Model4,3pop,16,1,100,22,0.0488192
Model4,3pop,16,101,200,20,0.0338927
Model4,3pop,16,201,300,21,0.0536497
Model4,3pop,16,301,400,15,0.034
Model4,3pop,16,401,500,22,0.0411808
Model4,3pop,16,501,600,22,0.0486328
Model4,3pop,16,601,700,20,0.0518927
Model4,3pop,16,701,800,22,0.052
Model4,3pop,16,801,900,19,0.0428249
Model4,3pop,16,901,1000,17,0.0368362
Model4,3pop,0,1,100,22,0.056791
Model4,3pop,0,101,200,23,0.0457458
Model4,3pop,0,201,300,22,0.0644972
Model4,3pop,0,301,400,28,0.0605028
Model4,3pop,0,401,500,14,0.0346949
Model4,3pop,0,501,600,14,0.0318362
Model4,3pop,0,601,700,14,0.0390056
Model4,3pop,0,701,800,24,0.0642034
Model4,3pop,0,801,900,27,0.0685876
Model4,3pop,0,901,1000,17,0.0413051
Model4,3pop,13,1,100,14,0.0338136
Model4,3pop,13,101,200,11,0.0390339
Model4,3pop,13,201,300,25,0.0656554
Model4,3pop,13,301,400,13,0.0319774
Model4,3pop,13,401,500,18,0.044339
Model4,3pop,13,501,600,14,0.0297571
Model4,3pop,13,601,700,11,0.0240113
Model4,3pop,13,701,800,15,0.0312316
Model4,3pop,13,801,900,15,0.0488927
Model4,3pop,13,901,1000,15,0.0433955
Model4,3pop,19,1,100,20,0.0594859
Model4,3pop,19,101,200,16,0.0479096
Model4,3pop,19,201,300,13,0.0389435
Model4,3pop,19,301,400,16,0.0492147
Model4,3pop,19,401,500,15,0.0638927
Model4,3pop,19,501,600,18,0.0578079
Model4,3pop,19,601,700,18,0.0447514
Model4,3pop,19,701,800,18,0.0447175
Model4,3pop,19,801,900,24,0.0931582
Model4,3pop,19,901,1000,18,0.0456328
Model4,3pop,16,1,100,20,0.0649322
Model4,3pop,16,101,200,15,0.0573503
Model4,3pop,16,201,300,20,0.071774
Model4,3pop,16,301,400,21,0.0614407
Model4,3pop,16,401,500,18,0.0582768
Model4,3pop,16,501,600,11,0.0262994
Model4,3pop,16,601,700,18,0.0558136
Model4,3pop,16,701,800,10,0.0207232
Model4,3pop,16,801,900,21,0.0653333
Model4,3pop,16,901,1000,15,0.0434576
Model4,3pop,9,1,100,10,0.0210565
Model4,3pop,9,101,200,7,0.0216215
Model4,3pop,9,201,300,13,0.0357514
Model4,3pop,9,301,400,9,0.0195932
Model4,3pop,9,401,500,6,0.0105367
Model4,3pop,9,501,600,10,0.0171751
Model4,3pop,9,601,700,5,0.0170282
Model4,3pop,9,701,800,9,0.0194576
Model4,3pop,9,801,900,6,0.0129153
Model4,3pop,9,901,1000,12,0.0347345
Model4,3pop,10,1,100,18,0.0425932
Model4,3pop,10,101,200,19,0.0548644
Model4,3pop,10,201,300,17,0.0432034
Model4,3pop,10,301,400,26,0.0696328
Model4,3pop,10,401,500,22,0.066661
Model4,3pop,10,501,600,14,0.0389379
Model4,3pop,10,601,700,26,0.0749266
Model4,3pop,10,701,800,27,0.0787684
Model4,3pop,10,801,900,19,0.0463051
Model4,3pop,10,901,1000,18,0.0492373
Model4,3pop,9,1,100,14,0.0275141
Model4,3pop,9,101,200,18,0.0447797
Model4,3pop,9,201,300,18,0.0342881
Model4,3pop,9,301,400,23,0.0454972
Model4,3pop,9,401,500,19,0.0308079
Model4,3pop,9,501,600,18,0.0349774
Model4,3pop,9,601,700,22,0.0380339
Model4,3pop,9,701,800,18,0.0270621
Model4,3pop,9,801,900,18,0.0347119
Model4,3pop,9,901,1000,17,0.0298305
Model4,3pop,6,1,100,16,0.0261921
Model4,3pop,6,101,200,15,0.0302373
Model4,3pop,6,201,300,10,0.0166045
Model4,3pop,6,301,400,9,0.0243785
Model4,3pop,6,401,500,10,0.0216441
Model4,3pop,6,501,600,8,0.0163898
Model4,3pop,6,601,700,10,0.0274294
Model4,3pop,6,701,800,8,0.0212316
Model4,3pop,6,801,900,6,0.0136554
Model4,3pop,6,901,1000,12,0.014209
Model4,3pop,2,1,100,11,0.0273842
Model4,3pop,2,101,200,10,0.0285198
Model4,3pop,2,201,300,11,0.0225311
Model4,3pop,2,301,400,13,0.0309831
Model4,3pop,2,401,500,15,0.0390113
Model4,3pop,2,501,600,11,0.0155367
Model4,3pop,2,601,700,15,0.0318983
Model4,3pop,2,701,800,15,0.0342655
Model4,3pop,2,801,900,6,0.0156497
Model4,3pop,2,901,1000,11,0.0154463
Model4,3pop,7,1,100,21,0.0865706
Model4,3pop,7,101,200,17,0.0634294
Model4,3pop,7,201,300,34,0.122441
Model4,3pop,7,301,400,21,0.0684689
Model4,3pop,7,401,500,27,0.0993051
Model4,3pop,7,501,600,21,0.0669548
Model4,3pop,7,601,700,23,0.0706497
Model4,3pop,7,701,800,18,0.0639605
Model4,3pop,7,801,900,34,0.103859
Model4,3pop,7,901,1000,21,0.0779322
Model4,3pop,18,1,100,14,0.0368531
Model4,3pop,18,101,200,8,0.0232768
Model4,3pop,18,201,300,14,0.024113
Model4,3pop,18,301,400,16,0.0350282
Model4,3pop,18,401,500,17,0.0417062
Model4,3pop,18,501,600,19,0.0529718
Model4,3pop,18,601,700,19,0.0506384
Model4,3pop,18,701,800,15,0.0313842
Model4,3pop,18,801,900,18,0.0524011
Model4,3pop,18,901,1000,17,0.029339
Model4,3pop,9,1,100,25,0.0278418
Model4,3pop,9,101,200,18,0.0143785
Model4,3pop,9,201,300,15,0.0154124
Model4,3pop,9,301,400,19,0.0216497
Model4,3pop,9,401,500,23,0.0245254
Model4,3pop,9,501,600,18,0.0234972
Model4,3pop,9,601,700,23,0.0224633
Model4,3pop,9,701,800,23,0.0158927
Model4,3pop,9,801,900,23,0.031113
Model4,3pop,9,901,1000,20,0.0187797
Model4,3pop,6,1,100,25,0.0456102
Model4,3pop,6,101,200,14,0.0261751
Model4,3pop,6,201,300,9,0.0234859
Model4,3pop,6,301,400,14,0.0317571
Model4,3pop,6,401,500,11,0.0245141
Model4,3pop,6,501,600,15,0.0350847
Model4,3pop,6,601,700,10,0.0193842
Model4,3pop,6,701,800,13,0.0285198
Model4,3pop,6,801,900,16,0.037209
Model4,3pop,6,901,1000,9,0.0200056
Model4,3pop,10,1,100,10,0.0275311
Model4,3pop,10,101,200,21,0.0646441
Model4,3pop,10,201,300,21,0.0492203
Model4,3pop,10,301,400,22,0.0738023
Model4,3pop,10,401,500,24,0.0717571
Model4,3pop,10,501,600,19,0.0632655
Model4,3pop,10,601,700,17,0.0468983
Model4,3pop,10,701,800,22,0.045678
Model4,3pop,10,801,900,19,0.0683955
Model4,3pop,10,901,1000,11,0.0348701
Model4,3pop,18,1,100,12,0.039791
Model4,3pop,18,101,200,12,0.0160904
Model4,3pop,18,201,300,11,0.0333164
Model4,3pop,18,301,400,16,0.0500904
Model4,3pop,18,401,500,15,0.043435
Model4,3pop,18,501,600,18,0.0476102
Model4,3pop,18,601,700,10,0.0302486
Model4,3pop,18,701,800,10,0.0289774
Model4,3pop,18,801,900,15,0.0508475
Model4,3pop,18,901,1000,15,0.0381921
Model4,3pop,18,1,100,15,0.0143729
Model4,3pop,18,101,200,13,0.033904
Model4,3pop,18,201,300,13,0.0229944
Model4,3pop,18,301,400,16,0.0224181
Model4,3pop,18,401,500,17,0.035565
Model4,3pop,18,501,600,15,0.0238814
Model4,3pop,18,601,700,18,0.0224068
Model4,3pop,18,701,800,10,0.013452
Model4,3pop,18,801,900,18,0.0342768
Model4,3pop,18,901,1000,15,0.0277627
Model4,3pop,13,1,100,16,0.0379209
Model4,3pop,13,101,200,15,0.0409492
Model4,3pop,13,201,300,16,0.0592486
Model4,3pop,13,301,400,15,0.0414859
Model4,3pop,13,401,500,23,0.0771977
Model4,3pop,13,501,600,10,0.0210791
Model4,3pop,13,601,700,16,0.0242486
Model4,3pop,13,701,800,16,0.0343107
Model4,3pop,13,801,900,24,0.0604068
Model4,3pop,13,901,1000,15,0.0429548
Model4,3pop,18,1,100,6,0.0212486
Model4,3pop,18,101,200,8,0.016322
Model4,3pop,18,201,300,9,0.0225706
Model4,3pop,18,301,400,10,0.0212599
Model4,3pop,18,401,500,13,0.0401469
Model4,3pop,18,501,600,15,0.0350791
Model4,3pop,18,601,700,12,0.0316441
Model4,3pop,18,701,800,8,0.0236554
Model4,3pop,18,801,900,12,0.0243955
Model4,3pop,18,901,1000,7,0.0206723
Model4,3pop,13,1,100,21,0.0327684
Model4,3pop,13,101,200,19,0.0244972
Model4,3pop,13,201,300,22,0.0278362
Model4,3pop,13,301,400,24,0.039322
Model4,3pop,13,401,500,21,0.0299153
Model4,3pop,13,501,600,26,0.0397514
Model4,3pop,13,601,700,20,0.0296215
Model4,3pop,13,701,800,29,0.0467175
Model4,3pop,13,801,900,30,0.0384011
Model4,3pop,13,901,1000,24,0.0374124
Model4,3pop,18,1,100,14,0.0273785
Model4,3pop,18,101,200,9,0.0327288
Model4,3pop,18,201,300,10,0.0127345
Model4,3pop,18,301,400,8,0.0104802
Model4,3pop,18,401,500,7,0.00572881
Model4,3pop,18,501,600,11,0.0179718
Model4,3pop,18,601,700,6,0.00840678
Model4,3pop,18,701,800,13,0.0295254
Model4,3pop,18,801,900,14,0.0327288
Model4,3pop,18,901,1000,5,0.0158701
Model4,3pop,3,1,100,17,0.0436949
Model4,3pop,3,101,200,18,0.043565
Model4,3pop,3,201,300,23,0.0580565
Model4,3pop,3,301,400,19,0.0316271
Model4,3pop,3,401,500,12,0.0336893
Model4,3pop,3,501,600,19,0.0394859
Model4,3pop,3,601,700,12,0.0324237
Model4,3pop,3,701,800,22,0.0597062
Model4,3pop,3,801,900,18,0.0490508
Model4,3pop,3,901,1000,23,0.060548
Model4,3pop,6,1,100,29,0.119158
Model4,3pop,6,101,200,27,0.106847
Model4,3pop,6,201,300,22,0.0954802
Model4,3pop,6,301,400,38,0.143316
Model4,3pop,6,401,500,28,0.0945085
Model4,3pop,6,501,600,27,0.113073
Model4,3pop,6,601,700,25,0.0850791
Model4,3pop,6,701,800,29,0.126757
Model4,3pop,6,801,900,23,0.106068
Model4,3pop,6,901,1000,24,0.0859096
Model4,3pop,7,1,100,12,0.0415198
Model4,3pop,7,101,200,13,0.040113
Model4,3pop,7,201,300,15,0.0451243
Model4,3pop,7,301,400,23,0.073322
Model4,3pop,7,401,500,10,0.0295085
Model4,3pop,7,501,600,15,0.0472373
Model4,3pop,7,601,700,19,0.0566045
Model4,3pop,7,701,800,11,0.0264633
Model4,3pop,7,801,900,15,0.0430113
Model4,3pop,7,901,1000,18,0.0482486
Model4,3pop,9,1,100,12,0.0450678
Model4,3pop,9,101,200,22,0.069548
Model4,3pop,9,201,300,16,0.053226
Model4,3pop,9,301,400,18,0.0489944
Model4,3pop,9,401,500,16,0.0599548
Model4,3pop,9,501,600,14,0.0411243
Model4,3pop,9,601,700,14,0.0347966
Model4,3pop,9,701,800,19,0.052661
Model4,3pop,9,801,900,25,0.0950508
Model4,3pop,9,901,1000,14,0.0403051
Model4,3pop,12,1,100,18,0.0524746
Model4,3pop,12,101,200,14,0.0336158
Model4,3pop,12,201,300,18,0.0512994
Model4,3pop,12,301,400,16,0.0417401
Model4,3pop,12,401,500,11,0.0264633
Model4,3pop,12,501,600,17,0.0352203
Model4,3pop,12,601,700,20,0.0462712
Model4,3pop,12,701,800,19,0.0493616
Model4,3pop,12,801,900,17,0.0456949
Model4,3pop,12,901,1000,15,0.036791
